,Channel 2,Channel 3,Channel 4
Revision:           ,0,0,0
Type:               ,interpolation,interpolation,interpolation
Start:              ,0,0,0
Points:             ,4005,4005,4005
Count:              ,1,1,1
XDispRange:         ,1.00000E-07,1.00000E-07,1.00000E-07
XDispOrg:           ,-2.4836000000E-08,-2.4836000000E-08,-2.4836000000E-08
XInc:               ,2.5000000E-11,2.5000000E-11,2.5000000E-11
XOrg:               ,-2.4857976581E-08,-2.4857976581E-08,-2.4857976581E-08
Units:              ,Second,Second,Second
XReference:         ,4,4,4
YDispRange:         ,8.00000E+00,1.60000E+00,8.00000E-01
YDispOrg:           ,-3.40000009536743E+00,-1.89999997615814E-01,3.01999986171722E-01
YInc:               ,1.31731969304383E-04,2.6346393497079E-05,1.3173196748539E-05
YOrg:               ,-3.28354070588684E+00,-1.66708141498989E-01,3.13645929250506E-01
Units:              ,Volt,Volt,Volt
YReference:         ,1,1,1
Frame:              ,MSO9254A:MY53310147,MSO9254A:MY53310147,MSO9254A:MY53310147
Date:               ,14 JAN 2025,14 JAN 2025,14 JAN 2025
Time:               ,10:34:06,10:34:06,10:34:06
Max Bandwidth:      ,2500000000,2500000000,2500000000
Min Bandwidth:      ,0,0,0
Time Tags (Channel 2),Channel 2,Channel 3,Channel 4
-2.48580E-08, 8.70467E-03, -9.641597E-02, 1.33578E-03
-2.48330E-08, 2.293172E-02, -6.406260E-02, 1.70463E-03
-2.48080E-08, 3.873956E-02, -2.464839E-02, 1.81002E-03
-2.47830E-08, 4.822426E-02, 1.645199E-02, 1.86271E-03
-2.47580E-08, 4.980505E-02, 5.333694E-02, 2.28425E-03
-2.47330E-08, 4.190113E-02, 8.136950E-02, 2.96926E-03
-2.47080E-08, 2.609329E-02, 9.707195E-02, 4.18119E-03
-2.46830E-08, 6.07003E-03, 9.886350E-02, 5.55120E-03
-2.46580E-08, -9.73780E-03, 8.716571E-02, 6.71045E-03
-2.46330E-08, -1.869558E-02, 6.566705E-02, 7.02660E-03
-2.46080E-08, -1.922251E-02, 3.795064E-02, 6.28890E-03
-2.45830E-08, -1.079166E-02, 8.33730E-03, 4.55004E-03
-2.45580E-08, 8.0075E-04, -1.906295E-02, 2.17887E-03
-2.45330E-08, 1.028545E-02, -4.129931E-02, -1.9231E-04
-2.45080E-08, 1.660859E-02, -5.784484E-02, -2.19464E-03
-2.44830E-08, 1.344702E-02, -6.838340E-02, -3.14311E-03
-2.44580E-08, 2.38154E-03, -7.439038E-02, -2.87964E-03
-2.44330E-08, -1.237244E-02, -7.649809E-02, -1.72040E-03
-2.44080E-08, -2.976106E-02, -7.565501E-02, 1.846E-05
-2.43830E-08, -4.451504E-02, -7.112343E-02, 1.86271E-03
-2.43580E-08, -5.294589E-02, -6.269258E-02, 3.44349E-03
-2.43330E-08, -5.294589E-02, -4.962477E-02, 4.23388E-03
-2.43080E-08, -4.714968E-02, -3.149845E-02, 4.33927E-03
-2.42830E-08, -3.819191E-02, -9.36748E-03, 3.86503E-03
-2.42580E-08, -2.659950E-02, 1.518736E-02, 3.07464E-03
-2.42330E-08, -1.500708E-02, 3.974220E-02, 2.44233E-03
-2.42080E-08, -6.04931E-03, 6.197855E-02, 1.96809E-03
-2.41830E-08, 2.7382E-04, 7.926179E-02, 1.86271E-03
-2.41580E-08, 4.48925E-03, 9.022189E-02, 1.96809E-03
-2.41330E-08, 6.59696E-03, 9.391038E-02, 1.86271E-03
-2.41080E-08, 8.17774E-03, 9.032727E-02, 1.65194E-03
-2.40830E-08, 8.70467E-03, 7.999948E-02, 1.33578E-03
-2.40580E-08, 7.12389E-03, 6.324318E-02, 8.0885E-04
-2.40330E-08, 5.54310E-03, 4.163914E-02, 1.7654E-04
-2.40080E-08, 1.32768E-03, 1.592506E-02, -2.9770E-04
-2.39830E-08, -3.94160E-03, -1.221289E-02, -6.1385E-04
-2.39580E-08, -9.73780E-03, -3.971852E-02, -4.5577E-04
-2.39330E-08, -1.553401E-02, -6.553799E-02, -1.9231E-04
-2.39080E-08, -1.764172E-02, -8.672049E-02, 2.2923E-04
-2.38830E-08, -1.869558E-02, -1.0157986E-01, 6.5077E-04
-2.38580E-08, -1.395323E-02, -1.0779761E-01, 8.6155E-04
-2.38330E-08, -7.10317E-03, -1.0526835E-01, 7.0347E-04
-2.38080E-08, 3.96232E-03, -9.494057E-02, 2.2923E-04
-2.37830E-08, 1.450088E-02, -7.786810E-02, -3.5039E-04
-2.37580E-08, 2.240480E-02, -5.679099E-02, -8.7732E-04
-2.37330E-08, 3.083564E-02, -3.350078E-02, -1.14078E-03
-2.37080E-08, 3.188950E-02, -1.042134E-02, -1.08809E-03
-2.36830E-08, 2.767408E-02, 1.023424E-02, -4.0308E-04
-2.36580E-08, 1.924323E-02, 2.762286E-02, 5.4539E-04
-2.36330E-08, 8.17774E-03, 4.090144E-02, 1.49386E-03
-2.36080E-08, -4.46853E-03, 5.101845E-02, 2.23156E-03
-2.35830E-08, -1.606094E-02, 5.765774E-02, 2.70579E-03
-2.35580E-08, -2.607257E-02, 6.145163E-02, 2.70579E-03
-2.35330E-08, -2.976106E-02, 6.271625E-02, 2.12617E-03
-2.35080E-08, -2.870721E-02, 6.240010E-02, 1.28309E-03
-2.34830E-08, -2.133022E-02, 6.029239E-02, 3.3462E-04
-2.34580E-08, -9.73780E-03, 5.660389E-02, -2.9770E-04
-2.34330E-08, 5.54310E-03, 5.144000E-02, -4.5577E-04
-2.34080E-08, 2.082401E-02, 4.427378E-02, -2.4500E-04
-2.33830E-08, 3.188950E-02, 3.521062E-02, 4.9270E-04
-2.33580E-08, 3.610492E-02, 2.530438E-02, 1.44117E-03
-2.33330E-08, 3.452414E-02, 1.286888E-02, 2.33694E-03
-2.33080E-08, 2.503943E-02, -9.3663E-04, 3.02195E-03
-2.32830E-08, 1.133931E-02, -1.590138E-02, 3.28541E-03
-2.32580E-08, -2.36081E-03, -3.149845E-02, 3.07464E-03
-2.32330E-08, -9.21088E-03, -4.699013E-02, 2.23156E-03
-2.32080E-08, -9.21088E-03, -6.153334E-02, 1.33578E-03
-2.31830E-08, -7.8003E-04, -7.344191E-02, 4.4000E-04
-2.31580E-08, 1.397395E-02, -8.197814E-02, -1.3962E-04
-2.31330E-08, 3.030871E-02, -8.535048E-02, -2.4500E-04
-2.31080E-08, 4.400884E-02, -8.303200E-02, 4.4000E-04
-2.30830E-08, 4.875119E-02, -7.481192E-02, 1.86271E-03
-2.30580E-08, 4.400884E-02, -6.142795E-02, 3.65426E-03
-2.30330E-08, 3.452414E-02, -4.393395E-02, 5.49851E-03
-2.30080E-08, 2.082401E-02, -2.412146E-02, 7.07929E-03
-2.29830E-08, 6.59696E-03, -4.73051E-03, 8.13315E-03
-2.29580E-08, -3.41467E-03, 1.202579E-02, 8.39661E-03
-2.29330E-08, -7.10317E-03, 2.488283E-02, 7.92238E-03
-2.29080E-08, -8.15702E-03, 3.204905E-02, 6.71045E-03
-2.28830E-08, -8.68395E-03, 3.362983E-02, 5.23505E-03
-2.28580E-08, -1.184552E-02, 3.067904E-02, 3.70696E-03
-2.28330E-08, -1.764172E-02, 2.393436E-02, 2.38964E-03
-2.28080E-08, -2.396486E-02, 1.518736E-02, 1.54655E-03
-2.27830E-08, -3.028799E-02, 6.22959E-03, 1.01962E-03
-2.27580E-08, -3.239570E-02, -1.14740E-03, 1.01962E-03
-2.27330E-08, -2.449179E-02, -6.41668E-03, 1.12501E-03
-2.27080E-08, -1.131859E-02, -8.41901E-03, 1.65194E-03
-2.26830E-08, 5.54310E-03, -7.15438E-03, 2.23156E-03
-2.26580E-08, 1.924323E-02, -3.57127E-03, 3.02195E-03
-2.26330E-08, 3.136257E-02, 1.59262E-03, 3.91773E-03
-2.26080E-08, 3.347028E-02, 7.07267E-03, 4.49735E-03
-2.25830E-08, 2.820100E-02, 1.213118E-02, 4.76081E-03
-2.25580E-08, 1.818937E-02, 1.603044E-02, 4.60273E-03
-2.25330E-08, 8.17774E-03, 1.834893E-02, 3.65426E-03
-2.25080E-08, 1.85461E-03, 1.940278E-02, 2.38964E-03
-2.24830E-08, 8.0075E-04, 2.014048E-02, 9.1424E-04
-2.24580E-08, 2.90846E-03, 2.087818E-02, -2.9770E-04
-2.24330E-08, 9.75853E-03, 2.256435E-02, -1.08809E-03
-2.24080E-08, 1.239317E-02, 2.382898E-02, -9.8270E-04
-2.23830E-08, 1.133931E-02, 2.435590E-02, -1.3962E-04
-2.23580E-08, 4.48925E-03, 2.224819E-02, 1.38847E-03
-2.23330E-08, -4.46853E-03, 1.581967E-02, 2.91656E-03
-2.23080E-08, -1.395323E-02, 4.12187E-03, 4.07581E-03
-2.22830E-08, -2.080329E-02, -1.337213E-02, 4.55004E-03
-2.22580E-08, -2.133022E-02, -3.581926E-02, 4.28658E-03
-2.22330E-08, -1.553401E-02, -6.079564E-02, 3.18003E-03
-2.22080E-08, -4.46853E-03, -8.545586E-02, 1.65194E-03
-2.21830E-08, 6.59696E-03, -1.0568989E-01, 1.7654E-04
-2.21580E-08, 1.713552E-02, -1.1844155E-01, -1.03539E-03
-2.21330E-08, 2.451251E-02, -1.2107619E-01, -1.82579E-03
-2.21080E-08, 2.820100E-02, -1.1180226E-01, -2.14194E-03
-2.20830E-08, 2.820100E-02, -9.146284E-02, -2.14194E-03
-2.20580E-08, 2.451251E-02, -6.079564E-02, -2.19464E-03
-2.20330E-08, 1.977016E-02, -2.348915E-02, -2.35271E-03
-2.20080E-08, 1.397395E-02, 1.718969E-02, -2.77426E-03
-2.19830E-08, 5.54310E-03, 5.618235E-02, -2.98503E-03
-2.19580E-08, -2.88774E-03, 8.990573E-02, -3.03772E-03
-2.19330E-08, -1.026473E-02, 1.1414441E-01, -2.66887E-03
-2.19080E-08, -1.606094E-02, 1.2679069E-01, -1.93117E-03
-2.18830E-08, -1.711480E-02, 1.2689607E-01, -7.1924E-04
-2.18580E-08, -1.184552E-02, 1.1509288E-01, 7.0347E-04
-2.18330E-08, -2.5310E-04, 9.422654E-02, 1.81002E-03
-2.18080E-08, 1.397395E-02, 6.745861E-02, 2.44233E-03
-2.17830E-08, 2.556636E-02, 3.910989E-02, 2.54771E-03
-2.17580E-08, 3.083564E-02, 1.297426E-02, 2.12617E-03
-2.17330E-08, 2.609329E-02, -8.94594E-03, 1.28309E-03
-2.17080E-08, 1.186624E-02, -2.496454E-02, 5.4539E-04
-2.16830E-08, -7.63009E-03, -3.539772E-02, 2.2923E-04
-2.16580E-08, -3.028799E-02, -4.151008E-02, 3.8731E-04
-2.16330E-08, -4.556890E-02, -4.498781E-02, 8.6155E-04
-2.16080E-08, -4.978433E-02, -4.720090E-02, 1.70463E-03
-2.15830E-08, -4.451504E-02, -4.909784E-02, 2.70579E-03
-2.15580E-08, -2.923414E-02, -5.057324E-02, 3.65426E-03
-2.15330E-08, -1.026473E-02, -5.078401E-02, 3.91773E-03
-2.15080E-08, 7.12389E-03, -4.899246E-02, 3.91773E-03
-2.14830E-08, 1.502781E-02, -4.435549E-02, 3.33811E-03
-2.14580E-08, 1.344702E-02, -3.676773E-02, 2.91656E-03
-2.14330E-08, 3.43539E-03, -2.654533E-02, 2.33694E-03
-2.14080E-08, -1.131859E-02, -1.453137E-02, 1.91540E-03
-2.13830E-08, -2.343793E-02, -2.30665E-03, 1.91540E-03
-2.13580E-08, -2.976106E-02, 7.49421E-03, 2.02079E-03
-2.13330E-08, -2.765335E-02, 1.487120E-02, 2.12617E-03
-2.13080E-08, -2.133022E-02, 1.855970E-02, 2.12617E-03
-2.12830E-08, -1.079166E-02, 1.782200E-02, 2.02079E-03
-2.12580E-08, -3.94160E-03, 1.350119E-02, 1.75732E-03
-2.12330E-08, -7.8003E-04, 6.65113E-03, 1.38847E-03
-2.12080E-08, -2.36081E-03, -1.67433E-03, 9.6693E-04
-2.11830E-08, -6.04931E-03, -9.78902E-03, 8.0885E-04
-2.11580E-08, -7.63009E-03, -1.621754E-02, 9.6693E-04
-2.11330E-08, -2.36081E-03, -1.980065E-02, 1.38847E-03
-2.11080E-08, 9.23160E-03, -1.937911E-02, 2.02079E-03
-2.10830E-08, 2.714715E-02, -1.410983E-02, 2.81118E-03
-2.10580E-08, 4.506269E-02, -4.09820E-03, 3.33811E-03
-2.10330E-08, 5.718204E-02, 9.49654E-03, 3.33811E-03
-2.10080E-08, 5.770896E-02, 2.435590E-02, 2.96926E-03
-2.09830E-08, 4.295498E-02, 3.837219E-02, 2.23156E-03
-2.09580E-08, 1.871630E-02, 4.880536E-02, 1.23040E-03
-2.09330E-08, -1.026473E-02, 5.302078E-02, 7.115E-05
-2.09080E-08, -3.450342E-02, 4.943767E-02, -7.7193E-04
-2.08830E-08, -4.609583E-02, 3.805603E-02, -1.24617E-03
-2.08580E-08, -4.188041E-02, 2.003510E-02, -1.40424E-03
-2.08330E-08, -2.133022E-02, -1.99049E-03, -1.24617E-03
-2.08080E-08, 8.70467E-03, -2.422685E-02, -7.7193E-04
-2.07830E-08, 3.979342E-02, -4.361779E-02, -3.423E-05
-2.07580E-08, 5.928975E-02, -5.752869E-02, 8.6155E-04
-2.07330E-08, 6.508595E-02, -6.480029E-02, 1.91540E-03
-2.07080E-08, 5.191276E-02, -6.501106E-02, 3.12734E-03
-2.06830E-08, 2.503943E-02, -6.005794E-02, 4.49735E-03
-2.06580E-08, -9.21088E-03, -5.183787E-02, 5.70928E-03
-2.06330E-08, -4.082655E-02, -4.193162E-02, 6.55237E-03
-2.06080E-08, -6.032288E-02, -3.118229E-02, 6.92122E-03
-2.05830E-08, -6.769987E-02, -2.032758E-02, 6.71045E-03
-2.05580E-08, -5.926903E-02, -9.26209E-03, 5.70928E-03
-2.05330E-08, -3.871884E-02, 2.54109E-03, 4.44466E-03
-2.05080E-08, -1.553401E-02, 1.518736E-02, 2.81118E-03
-2.04830E-08, 6.07003E-03, 2.814979E-02, 1.33578E-03
-2.04580E-08, 2.029708E-02, 4.058528E-02, 3.8731E-04
-2.04330E-08, 2.714715E-02, 5.112384E-02, -8.692E-05
-2.04080E-08, 2.609329E-02, 5.713082E-02, 7.115E-05
-2.03830E-08, 1.924323E-02, 5.829006E-02, 6.5077E-04
-2.03580E-08, 9.23160E-03, 5.344232E-02, 1.38847E-03
-2.03330E-08, -7.8003E-04, 4.374685E-02, 1.86271E-03
-2.03080E-08, -1.026473E-02, 3.015211E-02, 2.23156E-03
-2.02830E-08, -1.816865E-02, 1.497659E-02, 2.23156E-03
-2.02580E-08, -2.554564E-02, 4.3338E-04, 2.12617E-03
-2.02330E-08, -3.134185E-02, -1.221289E-02, 1.65194E-03
-2.02080E-08, -3.713806E-02, -2.148682E-02, 1.54655E-03
-2.01830E-08, -4.029962E-02, -2.707226E-02, 1.65194E-03
-2.01580E-08, -3.924577E-02, -2.875843E-02, 2.28425E-03
-2.01330E-08, -3.450342E-02, -2.759918E-02, 3.07464E-03
-2.01080E-08, -2.449179E-02, -2.412146E-02, 4.33927E-03
-2.00830E-08, -1.395323E-02, -1.895757E-02, 5.49851E-03
-2.00580E-08, -3.41467E-03, -1.284520E-02, 6.34160E-03
-2.00330E-08, 5.54310E-03, -6.41668E-03, 6.39429E-03
-2.00080E-08, 1.133931E-02, 2.2261E-04, 5.55120E-03
-1.99830E-08, 1.081238E-02, 6.22959E-03, 3.70696E-03
-1.99580E-08, 7.65082E-03, 1.139348E-02, 1.01962E-03
-1.99330E-08, 2.90846E-03, 1.560890E-02, -1.82579E-03
-1.99080E-08, -1.30696E-03, 1.877047E-02, -4.40773E-03
-1.98830E-08, -5.52238E-03, 2.035125E-02, -5.67236E-03
-1.98580E-08, -8.15702E-03, 2.024587E-02, -5.61967E-03
-1.98330E-08, -6.57624E-03, 1.824354E-02, -4.19696E-03
-1.98080E-08, -4.99545E-03, 1.444966E-02, -1.61502E-03
-1.97830E-08, -2.36081E-03, 8.75884E-03, 1.23040E-03
-1.97580E-08, 8.0075E-04, 1.38185E-03, 3.70696E-03
-1.97330E-08, 5.01618E-03, -6.83823E-03, 5.07697E-03
-1.97080E-08, 1.028545E-02, -1.611216E-02, 5.34043E-03
-1.96830E-08, 1.713552E-02, -2.517532E-02, 4.70812E-03
-1.96580E-08, 2.398558E-02, -3.329001E-02, 3.75965E-03
-1.96330E-08, 3.136257E-02, -3.950775E-02, 2.75849E-03
-1.96080E-08, 3.873956E-02, -4.425010E-02, 2.33694E-03
-1.95830E-08, 4.400884E-02, -4.699013E-02, 2.54771E-03
-1.95580E-08, 4.769734E-02, -4.730628E-02, 3.28541E-03
-1.95330E-08, 4.769734E-02, -4.551473E-02, 3.81234E-03
-1.95080E-08, 4.664348E-02, -4.098315E-02, 4.02311E-03
-1.94830E-08, 4.295498E-02, -3.371155E-02, 3.70696E-03
-1.94580E-08, 3.715878E-02, -2.391069E-02, 2.70579E-03
-1.94330E-08, 2.925486E-02, -1.158058E-02, 1.49386E-03
-1.94080E-08, 2.398558E-02, 3.27879E-03, 4.4000E-04
-1.93830E-08, 1.502781E-02, 1.961355E-02, 7.115E-05
-1.93580E-08, 6.59696E-03, 3.542139E-02, 2.2923E-04
-1.93330E-08, -1.30696E-03, 4.954306E-02, 9.1424E-04
-1.93080E-08, -7.63009E-03, 6.050315E-02, 1.59924E-03
-1.92830E-08, -1.289937E-02, 6.703706E-02, 2.12617E-03
-1.92580E-08, -1.658787E-02, 6.851246E-02, 2.12617E-03
-1.92330E-08, -1.922251E-02, 6.556167E-02, 1.33578E-03
-1.92080E-08, -1.974943E-02, 5.797390E-02, 2.8192E-04
-1.91830E-08, -2.027636E-02, 4.732996E-02, -8.7732E-04
-1.91580E-08, -2.080329E-02, 3.426215E-02, -1.35155E-03
-1.91330E-08, -2.185715E-02, 1.887585E-02, -1.03539E-03
-1.91080E-08, -2.133022E-02, 1.48723E-03, 1.2385E-04
-1.90830E-08, -2.238407E-02, -1.800910E-02, 1.91540E-03
-1.90580E-08, -2.449179E-02, -3.834851E-02, 3.54888E-03
-1.90330E-08, -2.554564E-02, -5.858254E-02, 4.55004E-03
-1.90080E-08, -2.659950E-02, -7.691963E-02, 4.60273E-03
-1.89830E-08, -2.765335E-02, -9.093592E-02, 3.86503E-03
-1.89580E-08, -2.923414E-02, -9.778598E-02, 2.65310E-03
-1.89330E-08, -2.818028E-02, -9.609981E-02, 1.59924E-03
-1.89080E-08, -2.818028E-02, -8.429662E-02, 1.23040E-03
-1.88830E-08, -2.554564E-02, -6.353567E-02, 1.96809E-03
-1.88580E-08, -2.080329E-02, -3.571387E-02, 3.75965E-03
-1.88330E-08, -1.237244E-02, -3.78204E-03, 5.81467E-03
-1.88080E-08, -1.83389E-03, 2.899287E-02, 7.39545E-03
-1.87830E-08, 7.65082E-03, 5.871160E-02, 7.92238E-03
-1.87580E-08, 1.450088E-02, 8.221258E-02, 7.02660E-03
-1.87330E-08, 1.713552E-02, 9.738810E-02, 4.60273E-03
-1.87080E-08, 1.344702E-02, 1.0350047E-01, 1.33578E-03
-1.86830E-08, 3.43539E-03, 9.970659E-02, -1.66771E-03
-1.86580E-08, -1.026473E-02, 8.674417E-02, -3.61734E-03
-1.86330E-08, -2.554564E-02, 6.587782E-02, -3.93350E-03
-1.86080E-08, -3.766498E-02, 3.910989E-02, -2.61618E-03
-1.85830E-08, -4.346119E-02, 8.44268E-03, -3.423E-05
-1.85580E-08, -4.029962E-02, -2.275145E-02, 2.81118E-03
-1.85330E-08, -2.976106E-02, -5.183787E-02, 5.12966E-03
-1.85080E-08, -1.237244E-02, -7.565501E-02, 6.18352E-03
-1.84830E-08, 6.07003E-03, -9.209515E-02, 5.81467E-03
-1.84580E-08, 2.451251E-02, -9.978830E-02, 4.49735E-03
-1.84330E-08, 3.768570E-02, -9.894522E-02, 2.70579E-03
-1.84080E-08, 4.664348E-02, -9.083053E-02, 1.59924E-03
-1.83830E-08, 4.927812E-02, -7.713041E-02, 1.54655E-03
-1.83580E-08, 4.822426E-02, -5.995255E-02, 2.75849E-03
-1.83330E-08, 4.558962E-02, -4.140469E-02, 4.86620E-03
-1.83080E-08, 4.295498E-02, -2.369992E-02, 7.13199E-03
-1.82830E-08, 4.295498E-02, -7.47054E-03, 8.66008E-03
-1.82580E-08, 4.400884E-02, 6.33497E-03, 9.08162E-03
-1.82330E-08, 4.769734E-02, 1.792738E-02, 7.92238E-03
-1.82080E-08, 4.980505E-02, 2.720132E-02, 5.60390E-03
-1.81830E-08, 4.822426E-02, 3.384060E-02, 2.86387E-03
-1.81580E-08, 4.084727E-02, 3.795064E-02, 4.4000E-04
-1.81330E-08, 2.767408E-02, 3.953143E-02, -1.14078E-03
-1.81080E-08, 1.081238E-02, 3.889911E-02, -1.40424E-03
-1.80830E-08, -1.026473E-02, 3.552677E-02, -7.1924E-04
-1.80580E-08, -3.081492E-02, 2.930903E-02, 4.9270E-04
-1.80330E-08, -4.556890E-02, 2.056202E-02, 1.65194E-03
-1.80080E-08, -5.558053E-02, 1.002347E-02, 1.96809E-03
-1.79830E-08, -5.505360E-02, -1.56895E-03, 1.49386E-03
-1.79580E-08, -4.504197E-02, -1.231828E-02, 2.8192E-04
-1.79330E-08, -2.870721E-02, -2.095989E-02, -1.14078E-03
-1.79080E-08, -6.04931E-03, -2.622917E-02, -2.40541E-03
-1.78830E-08, 1.344702E-02, -2.622917E-02, -2.77426E-03
-1.78580E-08, 2.714715E-02, -2.064374E-02, -1.98386E-03
-1.78330E-08, 3.294335E-02, -1.084288E-02, -4.0308E-04
-1.78080E-08, 2.714715E-02, 1.06569E-03, 1.96809E-03
-1.77830E-08, 1.239317E-02, 1.286888E-02, 4.12850E-03
-1.77580E-08, -6.04931E-03, 2.119434E-02, 5.81467E-03
-1.77330E-08, -2.343793E-02, 2.530438E-02, 6.34160E-03
-1.77080E-08, -3.292263E-02, 2.266973E-02, 5.97275E-03
-1.76830E-08, -3.292263E-02, 1.402812E-02, 4.86620E-03
-1.76580E-08, -1.922251E-02, 6.4415E-04, 3.33811E-03
-1.76330E-08, 5.01618E-03, -1.474214E-02, 1.91540E-03
-1.76080E-08, 3.347028E-02, -3.012844E-02, 9.6693E-04
-1.75830E-08, 5.718204E-02, -4.361779E-02, 8.0885E-04
-1.75580E-08, 7.246295E-02, -5.331326E-02, 9.1424E-04
-1.75330E-08, 7.457066E-02, -5.784484E-02, 1.49386E-03
-1.75080E-08, 6.403210E-02, -5.626406E-02, 2.02079E-03
-1.74830E-08, 4.137420E-02, -4.888707E-02, 2.44233E-03
-1.74580E-08, 1.344702E-02, -3.613542E-02, 2.70579E-03
-1.74330E-08, -1.079166E-02, -1.895757E-02, 2.65310E-03
-1.74080E-08, -2.923414E-02, 1.06569E-03, 2.75849E-03
-1.73830E-08, -3.871884E-02, 2.161588E-02, 3.07464E-03
-1.73580E-08, -3.924577E-02, 4.058528E-02, 3.70696E-03
-1.73330E-08, -3.239570E-02, 5.565542E-02, 4.49735E-03
-1.73080E-08, -2.501871E-02, 6.587782E-02, 5.60390E-03
-1.72830E-08, -1.922251E-02, 6.956632E-02, 6.49967E-03
-1.72580E-08, -1.869558E-02, 6.777476E-02, 7.07929E-03
-1.72330E-08, -2.238407E-02, 6.060854E-02, 7.29007E-03
-1.72080E-08, -3.081492E-02, 4.954306E-02, 7.23737E-03
-1.71830E-08, -4.082655E-02, 3.605370E-02, 7.02660E-03
-1.71580E-08, -4.925739E-02, 2.119434E-02, 6.76314E-03
-1.71330E-08, -5.241896E-02, 5.59727E-03, 6.71045E-03
-1.71080E-08, -5.136511E-02, -1.021056E-02, 6.49967E-03
-1.70830E-08, -4.609583E-02, -2.591302E-02, 6.65775E-03
-1.70580E-08, -3.819191E-02, -4.129931E-02, 6.34160E-03
-1.70330E-08, -2.870721E-02, -5.605329E-02, 5.70928E-03
-1.70080E-08, -2.080329E-02, -6.891033E-02, 4.86620E-03
-1.69830E-08, -1.606094E-02, -7.850041E-02, 3.75965E-03
-1.69580E-08, -1.395323E-02, -8.419124E-02, 2.91656E-03
-1.69330E-08, -1.500708E-02, -8.408585E-02, 2.44233E-03
-1.69080E-08, -1.448016E-02, -7.797348E-02, 2.60041E-03
-1.68830E-08, -1.553401E-02, -6.617031E-02, 3.33811E-03
-1.68580E-08, -1.342630E-02, -4.857091E-02, 4.60273E-03
-1.68330E-08, -8.15702E-03, -2.770457E-02, 5.76197E-03
-1.68080E-08, -1.83389E-03, -4.73051E-03, 6.44698E-03
-1.67830E-08, 2.38154E-03, 1.771661E-02, 6.39429E-03
-1.67580E-08, 3.43539E-03, 3.731833E-02, 5.60390E-03
-1.67330E-08, -1.83389E-03, 5.281001E-02, 4.23388E-03
-1.67080E-08, -1.395323E-02, 6.197855E-02, 2.70579E-03
-1.66830E-08, -3.081492E-02, 6.535089E-02, 1.38847E-03
-1.66580E-08, -4.767661E-02, 6.208394E-02, 7.0347E-04
-1.66330E-08, -6.084981E-02, 5.344232E-02, 5.4539E-04
-1.66080E-08, -6.348445E-02, 4.047990E-02, 5.9808E-04
-1.65830E-08, -5.716131E-02, 2.498822E-02, 7.5616E-04
-1.65580E-08, -4.029962E-02, 8.65345E-03, 7.5616E-04
-1.65330E-08, -1.869558E-02, -6.94361E-03, 5.4539E-04
-1.65080E-08, 2.90846E-03, -2.001142E-02, 1.846E-05
-1.64830E-08, 1.766245E-02, -3.002305E-02, -4.0308E-04
-1.64580E-08, 2.135094E-02, -3.634619E-02, -6.1385E-04
-1.64330E-08, 1.502781E-02, -3.877005E-02, -6.1385E-04
-1.64080E-08, 2.38154E-03, -3.834851E-02, -5.0847E-04
-1.63830E-08, -1.289937E-02, -3.518695E-02, -3.5039E-04
-1.63580E-08, -2.343793E-02, -3.033921E-02, -8.692E-05
-1.63330E-08, -2.449179E-02, -2.422685E-02, -1.9231E-04
-1.63080E-08, -1.816865E-02, -1.737678E-02, -3.5039E-04
-1.62830E-08, -4.99545E-03, -9.99979E-03, -3.5039E-04
-1.62580E-08, 1.239317E-02, -3.14973E-03, 1.846E-05
-1.62330E-08, 2.925486E-02, 3.80572E-03, 5.4539E-04
-1.62080E-08, 4.348191E-02, 1.033962E-02, 1.07232E-03
-1.61830E-08, 5.191276E-02, 1.560890E-02, 1.59924E-03
-1.61580E-08, 5.665511E-02, 1.855970E-02, 1.86271E-03
-1.61330E-08, 5.770896E-02, 1.940278E-02, 1.70463E-03
-1.61080E-08, 5.718204E-02, 1.792738E-02, 1.38847E-03
-1.60830E-08, 5.507432E-02, 1.329042E-02, 1.07232E-03
-1.60580E-08, 5.033197E-02, 6.01881E-03, 9.1424E-04
-1.60330E-08, 4.558962E-02, -2.51742E-03, 1.01962E-03
-1.60080E-08, 4.084727E-02, -1.105365E-02, 1.33578E-03
-1.59830E-08, 3.557799E-02, -1.821987E-02, 1.70463E-03
-1.59580E-08, 3.188950E-02, -2.201375E-02, 2.02079E-03
-1.59330E-08, 2.925486E-02, -2.211913E-02, 2.23156E-03
-1.59080E-08, 2.925486E-02, -1.895757E-02, 2.33694E-03
-1.58830E-08, 3.136257E-02, -1.273982E-02, 2.91656E-03
-1.58580E-08, 3.188950E-02, -5.04667E-03, 4.02311E-03
-1.58330E-08, 3.294335E-02, 2.54109E-03, 5.49851E-03
-1.58080E-08, 3.188950E-02, 8.96961E-03, 7.34276E-03
-1.57830E-08, 2.767408E-02, 1.381735E-02, 8.76546E-03
-1.57580E-08, 1.871630E-02, 1.655737E-02, 9.29239E-03
-1.57330E-08, 9.23160E-03, 1.792738E-02, 8.29123E-03
-1.57080E-08, -2.36081E-03, 1.887585E-02, 6.02544E-03
-1.56830E-08, -1.448016E-02, 1.982432E-02, 2.75849E-03
-1.56580E-08, -2.554564E-02, 2.056202E-02, -6.6655E-04
-1.56330E-08, -3.397649E-02, 2.129972E-02, -3.56465E-03
-1.56080E-08, -3.871884E-02, 2.140511E-02, -4.93466E-03
-1.55830E-08, -3.977269E-02, 2.024587E-02, -5.09274E-03
-1.55580E-08, -3.661112E-02, 1.718969E-02, -3.93350E-03
-1.55330E-08, -2.449179E-02, 1.297426E-02, -2.40541E-03
-1.55080E-08, -9.21088E-03, 7.49421E-03, -1.08809E-03
-1.54830E-08, 7.65082E-03, 1.80339E-03, -5.0847E-04
-1.54580E-08, 2.293172E-02, -3.36050E-03, -8.2462E-04
-1.54330E-08, 3.505107E-02, -7.68131E-03, -1.93117E-03
-1.54080E-08, 3.821263E-02, -1.200212E-02, -3.19580E-03
-1.53830E-08, 3.347028E-02, -1.632293E-02, -4.03888E-03
-1.53580E-08, 2.187787E-02, -2.138143E-02, -4.14427E-03
-1.53330E-08, 9.23160E-03, -2.780996E-02, -3.67003E-03
-1.53080E-08, -2.36081E-03, -3.592464E-02, -2.72156E-03
-1.52830E-08, -8.68395E-03, -4.425010E-02, -1.61502E-03
-1.52580E-08, -8.68395E-03, -5.162710E-02, -7.1924E-04
-1.52330E-08, -4.46853E-03, -5.636945E-02, -2.9770E-04
-1.52080E-08, 3.96232E-03, -5.584252E-02, 1.846E-05
-1.51830E-08, 7.65082E-03, -4.899246E-02, 2.8192E-04
-1.51580E-08, 7.12389E-03, -3.634619E-02, 7.5616E-04
-1.51330E-08, 2.38154E-03, -1.832525E-02, 1.59924E-03
-1.51080E-08, -6.57624E-03, 3.70033E-03, 2.65310E-03
-1.50830E-08, -1.553401E-02, 2.635823E-02, 3.49618E-03
-1.50580E-08, -2.238407E-02, 4.701380E-02, 4.07581E-03
-1.50330E-08, -2.080329E-02, 6.324318E-02, 3.91773E-03
-1.50080E-08, -1.500708E-02, 7.230634E-02, 3.23272E-03
-1.49830E-08, -4.46853E-03, 7.430866E-02, 2.38964E-03
-1.49580E-08, 5.01618E-03, 6.893400E-02, 1.70463E-03
-1.49330E-08, 1.186624E-02, 5.734159E-02, 1.33578E-03
-1.49080E-08, 1.344702E-02, 4.069067E-02, 1.81002E-03
-1.48830E-08, 9.23160E-03, 2.098357E-02, 2.75849E-03
-1.48580E-08, -1.30696E-03, -9.355E-05, 3.97042E-03
-1.48330E-08, -1.289937E-02, -2.127605E-02, 5.07697E-03
-1.48080E-08, -2.554564E-02, -4.172085E-02, 5.65659E-03
-1.47830E-08, -3.608420E-02, -6.026871E-02, 5.55120E-03
-1.47580E-08, -4.346119E-02, -7.586578E-02, 4.65543E-03
-1.47330E-08, -4.556890E-02, -8.745819E-02, 3.44349E-03
-1.47080E-08, -4.346119E-02, -9.399210E-02, 2.17887E-03
-1.46830E-08, -3.555727E-02, -9.451903E-02, 1.01962E-03
-1.46580E-08, -2.185715E-02, -8.851205E-02, -3.423E-05
-1.46330E-08, -7.8003E-04, -7.597116E-02, -9.8270E-04
-1.46080E-08, 2.293172E-02, -5.763407E-02, -1.82579E-03
-1.45830E-08, 4.717040E-02, -3.539772E-02, -2.61618E-03
-1.45580E-08, 6.666674E-02, -1.105365E-02, -3.19580E-03
-1.45330E-08, 8.036686E-02, 1.371196E-02, -3.61734E-03
-1.45080E-08, 8.036686E-02, 3.668602E-02, -3.35388E-03
-1.44830E-08, 6.613981E-02, 5.692005E-02, -2.19464E-03
-1.44580E-08, 4.032034E-02, 7.304404E-02, -6.1385E-04
-1.44330E-08, 7.65082E-03, 8.484723E-02, 1.65194E-03
-1.44080E-08, -2.659950E-02, 9.127574E-02, 3.97042E-03
-1.43830E-08, -5.347282E-02, 9.148651E-02, 5.92005E-03
-1.43580E-08, -6.822680E-02, 8.547954E-02, 7.29007E-03
-1.43330E-08, -6.611909E-02, 7.314943E-02, 7.71161E-03
-1.43080E-08, -4.925739E-02, 5.396925E-02, 7.02660E-03
-1.42830E-08, -2.080329E-02, 2.973057E-02, 5.81467E-03
-1.42580E-08, 1.028545E-02, 1.90878E-03, 4.02311E-03
-1.42330E-08, 3.926649E-02, -2.665071E-02, 1.91540E-03
-1.42080E-08, 5.823589E-02, -5.320788E-02, 7.115E-05
-1.41830E-08, 6.245131E-02, -7.481192E-02, -1.40424E-03
-1.41580E-08, 5.507432E-02, -8.851205E-02, -2.30002E-03
-1.41330E-08, 3.715878E-02, -9.314901E-02, -2.51079E-03
-1.41080E-08, 1.713552E-02, -8.872282E-02, -1.93117E-03
-1.40830E-08, -1.83389E-03, -7.639270E-02, -6.1385E-04
-1.40580E-08, -1.342630E-02, -5.816100E-02, 1.38847E-03
-1.40330E-08, -1.658787E-02, -3.718927E-02, 3.60157E-03
-1.40080E-08, -1.342630E-02, -1.590138E-02, 5.44582E-03
-1.39830E-08, -8.15702E-03, 3.27879E-03, 6.76314E-03
-1.39580E-08, -5.52238E-03, 1.792738E-02, 7.18468E-03
-1.39330E-08, -1.079166E-02, 2.814979E-02, 6.60506E-03
-1.39080E-08, -2.185715E-02, 3.405138E-02, 5.39313E-03
-1.38830E-08, -3.924577E-02, 3.615909E-02, 3.70696E-03
-1.38580E-08, -5.505360E-02, 3.531601E-02, 2.12617E-03
-1.38330E-08, -6.559216E-02, 3.289213E-02, 9.6693E-04
-1.38080E-08, -6.611909E-02, 2.941441E-02, 4.9270E-04
-1.37830E-08, -5.294589E-02, 2.530438E-02, 5.4539E-04
-1.37580E-08, -3.028799E-02, 2.035125E-02, 8.6155E-04
-1.37330E-08, -3.94160E-03, 1.466043E-02, 1.12501E-03
-1.37080E-08, 1.924323E-02, 7.38883E-03, 1.07232E-03
-1.36830E-08, 3.347028E-02, -1.35818E-03, 6.5077E-04
-1.36580E-08, 3.399721E-02, -1.094826E-02, 1.846E-05
-1.36330E-08, 2.398558E-02, -2.148682E-02, -6.1385E-04
-1.36080E-08, 6.59696E-03, -3.255231E-02, -8.7732E-04
-1.35830E-08, -1.289937E-02, -4.256393E-02, -5.0847E-04
-1.35580E-08, -2.818028E-02, -5.036247E-02, 3.8731E-04
-1.35330E-08, -3.292263E-02, -5.478866E-02, 1.59924E-03
-1.35080E-08, -2.923414E-02, -5.478866E-02, 2.70579E-03
-1.34830E-08, -1.764172E-02, -5.004631E-02, 3.49618E-03
-1.34580E-08, -3.94160E-03, -3.982391E-02, 3.70696E-03
-1.34330E-08, 9.75853E-03, -2.538609E-02, 3.28541E-03
-1.34080E-08, 1.766245E-02, -7.25977E-03, 2.60041E-03
-1.33830E-08, 1.977016E-02, 1.139348E-02, 1.81002E-03
-1.33580E-08, 1.660859E-02, 2.930903E-02, 1.12501E-03
-1.33330E-08, 1.133931E-02, 4.406301E-02, 6.5077E-04
-1.33080E-08, 7.65082E-03, 5.407464E-02, 4.9270E-04
-1.32830E-08, 5.01618E-03, 5.818467E-02, 5.9808E-04
-1.32580E-08, 5.54310E-03, 5.586619E-02, 8.0885E-04
-1.32330E-08, 8.70467E-03, 4.806766E-02, 9.6693E-04
-1.32080E-08, 1.239317E-02, 3.636986E-02, 9.6693E-04
-1.31830E-08, 1.608166E-02, 2.214281E-02, 1.01962E-03
-1.31580E-08, 1.871630E-02, 7.59960E-03, 1.38847E-03
-1.31330E-08, 2.082401E-02, -5.99514E-03, 1.70463E-03
-1.31080E-08, 2.293172E-02, -1.737678E-02, 2.17887E-03
-1.30830E-08, 2.451251E-02, -2.622917E-02, 2.75849E-03
-1.30580E-08, 2.451251E-02, -3.276308E-02, 3.07464E-03
-1.30330E-08, 2.082401E-02, -3.718927E-02, 2.91656E-03
-1.30080E-08, 1.344702E-02, -4.087777E-02, 2.17887E-03
-1.29830E-08, 2.38154E-03, -4.361779E-02, 1.07232E-03
-1.29580E-08, -1.237244E-02, -4.614704E-02, -4.5577E-04
-1.29330E-08, -2.607257E-02, -4.751706E-02, -2.03656E-03
-1.29080E-08, -3.713806E-02, -4.762244E-02, -3.14311E-03
-1.28830E-08, -4.451504E-02, -4.562012E-02, -3.88081E-03
-1.28580E-08, -4.504197E-02, -4.066699E-02, -3.82811E-03
-1.28330E-08, -4.240733E-02, -3.276308E-02, -3.19580E-03
-1.28080E-08, -3.766498E-02, -2.169759E-02, -1.93117E-03
-1.27830E-08, -3.555727E-02, -8.20824E-03, -2.4500E-04
-1.27580E-08, -3.503034E-02, 6.22959E-03, 1.54655E-03
-1.27330E-08, -3.661112E-02, 2.129972E-02, 3.33811E-03
-1.27080E-08, -3.766498E-02, 3.499985E-02, 4.86620E-03
-1.26830E-08, -3.503034E-02, 4.627610E-02, 5.86736E-03
-1.26580E-08, -2.712642E-02, 5.333694E-02, 6.23621E-03
-1.26330E-08, -1.289937E-02, 5.533926E-02, 5.92005E-03
-1.26080E-08, 5.01618E-03, 5.175615E-02, 5.02428E-03
-1.25830E-08, 2.451251E-02, 4.269299E-02, 3.86503E-03
-1.25580E-08, 3.715878E-02, 2.867671E-02, 2.33694E-03
-1.25330E-08, 4.348191E-02, 1.192041E-02, 1.12501E-03
-1.25080E-08, 3.926649E-02, -5.67898E-03, 2.8192E-04
-1.24830E-08, 2.662022E-02, -2.127605E-02, 3.3462E-04
-1.24580E-08, 9.75853E-03, -3.223615E-02, 1.07232E-03
-1.24330E-08, -4.99545E-03, -3.740004E-02, 2.38964E-03
-1.24080E-08, -1.553401E-02, -3.708389E-02, 3.70696E-03
-1.23830E-08, -2.080329E-02, -3.170922E-02, 4.70812E-03
-1.23580E-08, -2.027636E-02, -2.317299E-02, 5.07697E-03
-1.23330E-08, -1.553401E-02, -1.389906E-02, 4.60273E-03
-1.23080E-08, -9.73780E-03, -6.52207E-03, 3.33811E-03
-1.22830E-08, -5.52238E-03, -1.99049E-03, 1.65194E-03
-1.22580E-08, -2.36081E-03, -1.25279E-03, 1.7654E-04
-1.22330E-08, 1.85461E-03, -3.57127E-03, -9.3001E-04
-1.22080E-08, 9.23160E-03, -6.94361E-03, -1.08809E-03
-1.21830E-08, 1.766245E-02, -9.68364E-03, -3.5039E-04
-1.21580E-08, 2.820100E-02, -1.021056E-02, 9.6693E-04
-1.21330E-08, 3.663185E-02, -6.52207E-03, 2.81118E-03
-1.21080E-08, 3.979342E-02, 1.17108E-03, 4.28658E-03
-1.20830E-08, 3.452414E-02, 1.223656E-02, 5.49851E-03
-1.20580E-08, 2.029708E-02, 2.435590E-02, 5.86736E-03
-1.20330E-08, -1.83389E-03, 3.605370E-02, 5.49851E-03
-1.20080E-08, -2.396486E-02, 4.522225E-02, 4.65543E-03
-1.19830E-08, -4.451504E-02, 5.038614E-02, 3.60157E-03
-1.19580E-08, -5.821517E-02, 5.101845E-02, 2.49502E-03
-1.19330E-08, -6.032288E-02, 4.680303E-02, 1.81002E-03
-1.19080E-08, -5.399975E-02, 3.921527E-02, 1.28309E-03
-1.18830E-08, -4.029962E-02, 2.930903E-02, 1.17770E-03
-1.18580E-08, -2.449179E-02, 1.845431E-02, 1.28309E-03
-1.18330E-08, -8.68395E-03, 7.07267E-03, 1.23040E-03
-1.18080E-08, 3.96232E-03, -4.30897E-03, 9.6693E-04
-1.17830E-08, 1.397395E-02, -1.569061E-02, 3.3462E-04
-1.17580E-08, 1.924323E-02, -2.622917E-02, -6.1385E-04
-1.17330E-08, 2.398558E-02, -3.529233E-02, -1.77309E-03
-1.17080E-08, 2.240480E-02, -4.288009E-02, -2.93234E-03
-1.16830E-08, 1.818937E-02, -4.751706E-02, -3.61734E-03
-1.16580E-08, 9.75853E-03, -4.857091E-02, -3.72273E-03
-1.16330E-08, -1.83389E-03, -4.572550E-02, -3.30118E-03
-1.16080E-08, -1.395323E-02, -4.045622E-02, -2.08925E-03
-1.15830E-08, -2.449179E-02, -3.339539E-02, -5.0847E-04
-1.15580E-08, -3.081492E-02, -2.686149E-02, 1.12501E-03
-1.15330E-08, -2.923414E-02, -2.180298E-02, 2.38964E-03
-1.15080E-08, -1.869558E-02, -1.895757E-02, 3.07464E-03
-1.14830E-08, -7.10317E-03, -1.832525E-02, 3.28541E-03
-1.14580E-08, 9.23160E-03, -1.874680E-02, 2.75849E-03
-1.14330E-08, 2.135094E-02, -1.832525E-02, 1.86271E-03
-1.14080E-08, 2.609329E-02, -1.516369E-02, 8.0885E-04
-1.13830E-08, 2.451251E-02, -8.62978E-03, 1.2385E-04
-1.13580E-08, 1.766245E-02, 1.48723E-03, -3.423E-05
-1.13330E-08, 1.133931E-02, 1.476582E-02, 2.8192E-04
-1.13080E-08, 7.12389E-03, 2.888748E-02, 9.1424E-04
-1.12830E-08, 9.23160E-03, 4.227145E-02, 2.02079E-03
-1.12580E-08, 1.660859E-02, 5.270462E-02, 2.86387E-03
-1.12330E-08, 2.978179E-02, 5.881699E-02, 3.12734E-03
-1.12080E-08, 4.137420E-02, 6.060854E-02, 3.12734E-03
-1.11830E-08, 4.822426E-02, 5.786852E-02, 2.44233E-03
-1.11580E-08, 4.611655E-02, 5.165077E-02, 1.54655E-03
-1.11330E-08, 3.505107E-02, 4.311454E-02, 7.5616E-04
-1.11080E-08, 1.924323E-02, 3.289213E-02, -3.423E-05
-1.10830E-08, -2.36081E-03, 2.161588E-02, -2.4500E-04
-1.10580E-08, -2.027636E-02, 1.023424E-02, -3.423E-05
-1.10330E-08, -3.239570E-02, -1.04202E-03, 2.2923E-04
-1.10080E-08, -3.555727E-02, -1.200212E-02, 6.5077E-04
-1.09830E-08, -3.028799E-02, -2.201375E-02, 9.1424E-04
-1.09580E-08, -1.922251E-02, -3.065537E-02, 9.1424E-04
-1.09330E-08, -4.99545E-03, -3.761081E-02, 9.1424E-04
-1.09080E-08, 7.12389E-03, -4.182624E-02, 8.6155E-04
-1.08830E-08, 1.502781E-02, -4.403934E-02, 1.17770E-03
-1.08580E-08, 1.608166E-02, -4.446087E-02, 1.75732E-03
-1.08330E-08, 1.186624E-02, -4.245855E-02, 2.28425E-03
-1.08080E-08, 3.43539E-03, -3.961314E-02, 2.75849E-03
-1.07830E-08, -8.68395E-03, -3.603003E-02, 3.02195E-03
-1.07580E-08, -2.027636E-02, -3.170922E-02, 3.12734E-03
-1.07330E-08, -2.976106E-02, -2.665071E-02, 2.75849E-03
-1.07080E-08, -3.661112E-02, -2.085451E-02, 2.33694E-03
-1.06830E-08, -4.188041E-02, -1.389906E-02, 2.38964E-03
-1.06580E-08, -4.556890E-02, -5.99514E-03, 2.96926E-03
-1.06330E-08, -4.714968E-02, 2.43570E-03, 4.02311E-03
-1.06080E-08, -4.609583E-02, 1.086655E-02, 5.60390E-03
-1.05830E-08, -4.188041E-02, 1.887585E-02, 7.23737E-03
-1.05580E-08, -3.344956E-02, 2.456667E-02, 8.50200E-03
-1.05330E-08, -1.974943E-02, 2.730670E-02, 8.87085E-03
-1.05080E-08, -1.83389E-03, 2.667439E-02, 8.29123E-03
-1.04830E-08, 1.608166E-02, 2.245896E-02, 7.02660E-03
-1.04580E-08, 2.925486E-02, 1.560890E-02, 5.23505E-03
-1.04330E-08, 3.505107E-02, 6.65113E-03, 3.54888E-03
-1.04080E-08, 2.872793E-02, -2.30665E-03, 2.17887E-03
-1.03830E-08, 1.081238E-02, -1.021056E-02, 1.54655E-03
-1.03580E-08, -1.711480E-02, -1.579600E-02, 1.65194E-03
-1.03330E-08, -4.451504E-02, -1.790371E-02, 2.07348E-03
-1.03080E-08, -6.611909E-02, -1.684985E-02, 3.02195E-03
-1.02830E-08, -7.560379E-02, -1.305597E-02, 3.81234E-03
-1.02580E-08, -6.928065E-02, -7.36515E-03, 4.33927E-03
-1.02330E-08, -4.978433E-02, -1.25279E-03, 4.49735E-03
-1.02080E-08, -2.080329E-02, 4.22726E-03, 4.33927E-03
-1.01830E-08, 5.54310E-03, 7.91575E-03, 3.97042E-03
-1.01580E-08, 2.345865E-02, 8.75884E-03, 3.54888E-03
-1.01330E-08, 2.872793E-02, 7.07267E-03, 2.81118E-03
-1.01080E-08, 1.871630E-02, 2.85725E-03, 2.28425E-03
-1.00830E-08, -7.8003E-04, -3.88743E-03, 1.59924E-03
-1.00580E-08, -2.449179E-02, -1.189673E-02, 6.5077E-04
-1.00330E-08, -4.398812E-02, -1.969527E-02, -2.9770E-04
-1.00080E-08, -5.610746E-02, -2.622917E-02, -1.45694E-03
-9.9830E-09, -6.084981E-02, -3.076075E-02, -2.61618E-03
-9.9580E-09, -5.926903E-02, -3.223615E-02, -3.40657E-03
-9.9330E-09, -5.452668E-02, -2.970690E-02, -3.82811E-03
-9.9080E-09, -4.714968E-02, -2.285683E-02, -3.56465E-03
-9.8830E-09, -4.135348E-02, -1.273982E-02, -2.40541E-03
-9.8580E-09, -3.713806E-02, 3.2799E-04, -5.6116E-04
-9.8330E-09, -2.976106E-02, 1.455505E-02, 1.65194E-03
-9.8080E-09, -2.027636E-02, 2.909826E-02, 4.02311E-03
-9.7830E-09, -9.21088E-03, 4.184991E-02, 6.02544E-03
-9.7580E-09, 3.43539E-03, 5.207231E-02, 7.07929E-03
-9.7330E-09, 1.450088E-02, 5.829006E-02, 7.18468E-03
-9.7080E-09, 2.135094E-02, 6.029239E-02, 6.07813E-03
-9.6830E-09, 2.240480E-02, 5.829006E-02, 4.28658E-03
-9.6580E-09, 1.608166E-02, 5.323155E-02, 2.12617E-03
-9.6330E-09, 5.54310E-03, 4.627610E-02, 1.7654E-04
-9.6080E-09, -5.52238E-03, 3.763449E-02, -1.40424E-03
-9.5830E-09, -1.711480E-02, 2.878210E-02, -2.03656E-03
-9.5580E-09, -2.501871E-02, 1.950817E-02, -2.03656E-03
-9.5330E-09, -2.765335E-02, 1.023424E-02, -1.40424E-03
-9.5080E-09, -2.870721E-02, 5.3876E-04, -6.1385E-04
-9.4830E-09, -2.870721E-02, -9.99979E-03, 4.9270E-04
-9.4580E-09, -2.818028E-02, -2.117066E-02, 1.65194E-03
-9.4330E-09, -2.818028E-02, -3.244692E-02, 2.70579E-03
-9.4080E-09, -2.818028E-02, -4.256393E-02, 3.54888E-03
-9.3830E-09, -2.712642E-02, -5.046785E-02, 4.12850E-03
-9.3580E-09, -2.238407E-02, -5.521020E-02, 4.33927E-03
-9.3330E-09, -1.395323E-02, -5.521020E-02, 4.07581E-03
-9.3080E-09, -2.36081E-03, -5.110017E-02, 3.18003E-03
-9.2830E-09, 1.028545E-02, -4.277471E-02, 1.91540E-03
-9.2580E-09, 2.082401E-02, -3.097152E-02, 5.4539E-04
-9.2330E-09, 2.872793E-02, -1.737678E-02, -6.6655E-04
-9.2080E-09, 3.294335E-02, -3.04435E-03, -1.45694E-03
-9.1830E-09, 2.925486E-02, 1.065578E-02, -1.40424E-03
-9.1580E-09, 2.082401E-02, 2.193204E-02, -5.6116E-04
-9.1330E-09, 8.70467E-03, 2.983595E-02, 7.0347E-04
-9.1080E-09, -4.46853E-03, 3.310291E-02, 1.81002E-03
-9.0830E-09, -1.500708E-02, 3.099520E-02, 2.65310E-03
-9.0580E-09, -2.080329E-02, 2.330205E-02, 2.86387E-03
-9.0330E-09, -2.027636E-02, 1.139348E-02, 2.44233E-03
-9.0080E-09, -1.553401E-02, -3.67666E-03, 1.59924E-03
-8.9830E-09, -6.57624E-03, -1.958988E-02, 1.23040E-03
-8.9580E-09, 3.43539E-03, -3.371155E-02, 1.65194E-03
-8.9330E-09, 9.75853E-03, -4.340702E-02, 2.81118E-03
-8.9080E-09, 7.65082E-03, -4.751706E-02, 4.91889E-03
-8.8830E-09, -2.36081E-03, -4.456626E-02, 7.23737E-03
-8.8580E-09, -2.238407E-02, -3.518695E-02, 9.13431E-03
-8.8330E-09, -4.398812E-02, -2.085451E-02, 1.003009E-02
-8.8080E-09, -6.401137E-02, -3.67666E-03, 9.76663E-03
-8.7830E-09, -7.665765E-02, 1.402812E-02, 8.39661E-03
-8.7580E-09, -7.665765E-02, 2.951980E-02, 6.44698E-03
-8.7330E-09, -6.453831E-02, 4.121760E-02, 4.65543E-03
-8.7080E-09, -4.188041E-02, 4.775150E-02, 3.60157E-03
-8.6830E-09, -1.500708E-02, 4.827843E-02, 3.65426E-03
-8.6580E-09, 1.186624E-02, 4.364146E-02, 4.39196E-03
-8.6330E-09, 3.241643E-02, 3.478907E-02, 5.49851E-03
-8.6080E-09, 4.664348E-02, 2.319666E-02, 6.13082E-03
-8.5830E-09, 5.402047E-02, 1.055039E-02, 6.02544E-03
-8.5580E-09, 5.560125E-02, -1.14740E-03, 5.02428E-03
-8.5330E-09, 5.560125E-02, -1.063211E-02, 3.07464E-03
-8.5080E-09, 5.560125E-02, -1.748217E-02, 9.6693E-04
-8.4830E-09, 5.296661E-02, -2.095989E-02, -7.7193E-04
-8.4580E-09, 4.822426E-02, -2.169759E-02, -1.98386E-03
-8.4330E-09, 3.768570E-02, -2.032758E-02, -2.40541E-03
-8.4080E-09, 2.029708E-02, -1.779833E-02, -2.19464E-03
-8.3830E-09, -2.88774E-03, -1.537446E-02, -1.98386E-03
-8.3580E-09, -2.870721E-02, -1.326675E-02, -2.03656E-03
-8.3330E-09, -5.083818E-02, -1.273982E-02, -2.87964E-03
-8.3080E-09, -6.453831E-02, -1.326675E-02, -4.19696E-03
-8.2830E-09, -6.769987E-02, -1.484753E-02, -5.56697E-03
-8.2580E-09, -5.926903E-02, -1.663908E-02, -6.14659E-03
-8.2330E-09, -4.135348E-02, -1.790371E-02, -5.77775E-03
-8.2080E-09, -2.185715E-02, -1.853602E-02, -3.93350E-03
-8.1830E-09, -3.94160E-03, -1.748217E-02, -8.7732E-04
-8.1580E-09, 6.07003E-03, -1.505830E-02, 2.44233E-03
-8.1330E-09, 7.12389E-03, -1.179135E-02, 5.44582E-03
-8.1080E-09, 2.7382E-04, -8.31362E-03, 7.34276E-03
-8.0830E-09, -1.079166E-02, -5.78437E-03, 7.76430E-03
-8.0580E-09, -2.449179E-02, -4.20359E-03, 6.60506E-03
-8.0330E-09, -3.186877E-02, -4.41436E-03, 4.49735E-03
-8.0080E-09, -3.397649E-02, -5.57360E-03, 2.23156E-03
-7.9830E-09, -2.818028E-02, -6.94361E-03, 5.4539E-04
-7.9580E-09, -1.869558E-02, -8.31362E-03, -3.423E-05
-7.9330E-09, -6.04931E-03, -9.15671E-03, 6.5077E-04
-7.9080E-09, 5.54310E-03, -8.84055E-03, 2.23156E-03
-7.8830E-09, 1.133931E-02, -7.47054E-03, 4.28658E-03
-7.8580E-09, 1.239317E-02, -5.04667E-03, 6.18352E-03
-7.8330E-09, 7.65082E-03, -1.46356E-03, 7.29007E-03
-7.8080E-09, 2.7382E-04, 3.27879E-03, 7.34276E-03
-7.7830E-09, -9.21088E-03, 8.96961E-03, 6.34160E-03
-7.7580E-09, -1.553401E-02, 1.581967E-02, 4.81350E-03
-7.7330E-09, -1.606094E-02, 2.361820E-02, 2.75849E-03
-7.7080E-09, -1.131859E-02, 3.183828E-02, 8.6155E-04
-7.6830E-09, -1.83389E-03, 3.942604E-02, -5.0847E-04
-7.6580E-09, 8.70467E-03, 4.511686E-02, -1.24617E-03
-7.6330E-09, 1.555473E-02, 4.827843E-02, -1.50963E-03
-7.6080E-09, 1.502781E-02, 4.722457E-02, -8.7732E-04
-7.5830E-09, 3.96232E-03, 4.206068E-02, 7.115E-05
-7.5580E-09, -1.553401E-02, 3.268136E-02, 1.12501E-03
-7.5330E-09, -3.977269E-02, 2.003510E-02, 2.23156E-03
-7.5080E-09, -6.295752E-02, 4.64880E-03, 2.65310E-03
-7.4830E-09, -8.034614E-02, -1.189673E-02, 2.70579E-03
-7.4580E-09, -8.508849E-02, -2.791534E-02, 2.17887E-03
-7.4330E-09, -7.771150E-02, -4.151008E-02, 1.01962E-03
-7.4080E-09, -5.926903E-02, -5.131094E-02, -5.6116E-04
-7.3830E-09, -3.555727E-02, -5.605329E-02, -1.82579E-03
-7.3580E-09, -1.342630E-02, -5.531559E-02, -2.82695E-03
-7.3330E-09, 3.43539E-03, -4.878169E-02, -3.51196E-03
-7.3080E-09, 1.028545E-02, -3.718927E-02, -3.51196E-03
-7.2830E-09, 8.17774E-03, -2.264606E-02, -3.19580E-03
-7.2580E-09, -7.8003E-04, -7.04900E-03, -2.30002E-03
-7.2330E-09, -1.237244E-02, 7.28344E-03, -1.29886E-03
-7.2080E-09, -2.291100E-02, 1.877047E-02, 1.846E-05
-7.1830E-09, -3.134185E-02, 2.583130E-02, 1.38847E-03
-7.1580E-09, -3.344956E-02, 2.878210E-02, 2.54771E-03
-7.1330E-09, -3.134185E-02, 2.804440E-02, 3.39080E-03
-7.1080E-09, -2.765335E-02, 2.446129E-02, 3.81234E-03
-7.0830E-09, -2.027636E-02, 1.940278E-02, 3.49618E-03
-7.0580E-09, -1.448016E-02, 1.423889E-02, 2.81118E-03
-7.0330E-09, -7.10317E-03, 9.39115E-03, 1.65194E-03
-7.0080E-09, 1.32768E-03, 4.33264E-03, 3.8731E-04
-6.9830E-09, 9.23160E-03, -1.35818E-03, -3.5039E-04
-6.9580E-09, 1.502781E-02, -8.31362E-03, -2.4500E-04
-6.9330E-09, 1.924323E-02, -1.695524E-02, 8.0885E-04
-6.9080E-09, 1.924323E-02, -2.728303E-02, 2.70579E-03
-6.8830E-09, 1.608166E-02, -3.824313E-02, 5.28774E-03
-6.8580E-09, 1.081238E-02, -4.867630E-02, 7.60622E-03
-6.8330E-09, 6.07003E-03, -5.626406E-02, 9.18701E-03
-6.8080E-09, 1.85461E-03, -5.932024E-02, 9.66124E-03
-6.7830E-09, -2.5310E-04, -5.626406E-02, 9.02893E-03
-6.7580E-09, -7.8003E-04, -4.604166E-02, 7.39545E-03
-6.7330E-09, 8.0075E-04, -2.949612E-02, 5.18235E-03
-6.7080E-09, 2.7382E-04, -7.25977E-03, 2.96926E-03
-6.6830E-09, -2.36081E-03, 1.750584E-02, 1.33578E-03
-6.6580E-09, -8.68395E-03, 4.227145E-02, 4.4000E-04
-6.6330E-09, -1.658787E-02, 6.419165E-02, 2.2923E-04
-6.6080E-09, -2.554564E-02, 8.052641E-02, 7.0347E-04
-6.5830E-09, -3.239570E-02, 8.916803E-02, 1.28309E-03
-6.5580E-09, -3.608420E-02, 8.937880E-02, 1.59924E-03
-6.5330E-09, -3.819191E-02, 8.147489E-02, 1.65194E-03
-6.5080E-09, -3.977269E-02, 6.640474E-02, 1.33578E-03
-6.4830E-09, -4.556890E-02, 4.617072E-02, 8.0885E-04
-6.4580E-09, -5.452668E-02, 2.319666E-02, 2.8192E-04
-6.4330E-09, -6.664602E-02, -8.3125E-04, 1.846E-05
-6.4080E-09, -7.771150E-02, -2.359453E-02, 1.7654E-04
-6.3830E-09, -8.456156E-02, -4.414472E-02, 8.6155E-04
-6.3580E-09, -8.192693E-02, -6.079564E-02, 1.81002E-03
-6.3330E-09, -6.664602E-02, -7.291498E-02, 2.70579E-03
-6.3080E-09, -3.977269E-02, -8.029197E-02, 3.23272E-03
-6.2830E-09, -7.63009E-03, -8.271584E-02, 3.12734E-03
-6.2580E-09, 2.451251E-02, -7.997581E-02, 2.54771E-03
-6.2330E-09, 4.717040E-02, -7.259882E-02, 1.38847E-03
-6.2080E-09, 5.718204E-02, -6.132257E-02, 1.2385E-04
-6.1830E-09, 5.033197E-02, -4.699013E-02, -9.3001E-04
-6.1580E-09, 3.452414E-02, -3.076075E-02, -1.40424E-03
-6.1330E-09, 1.450088E-02, -1.410983E-02, -1.24617E-03
-6.1080E-09, -2.36081E-03, 1.90878E-03, -6.6655E-04
-6.0830E-09, -1.237244E-02, 1.624122E-02, 1.7654E-04
-6.0580E-09, -1.237244E-02, 2.772824E-02, 7.5616E-04
-6.0330E-09, -4.46853E-03, 3.658063E-02, 9.1424E-04
-6.0080E-09, 6.59696E-03, 4.206068E-02, 5.9808E-04
-5.9830E-09, 1.292009E-02, 4.448455E-02, -1.9231E-04
-5.9580E-09, 1.239317E-02, 4.374685E-02, -7.7193E-04
-5.9330E-09, 3.96232E-03, 4.047990E-02, -1.14078E-03
-5.9080E-09, -8.68395E-03, 3.447292E-02, -7.7193E-04
-5.8830E-09, -2.449179E-02, 2.614746E-02, 5.9808E-04
-5.8580E-09, -3.503034E-02, 1.666276E-02, 2.38964E-03
-5.8330E-09, -3.608420E-02, 6.65113E-03, 4.18119E-03
-5.8080E-09, -2.818028E-02, -3.25512E-03, 5.18235E-03
-5.7830E-09, -1.500708E-02, -1.136981E-02, 5.44582E-03
-5.7580E-09, 2.38154E-03, -1.706063E-02, 4.49735E-03
-5.7330E-09, 1.818937E-02, -2.011681E-02, 2.81118E-03
-5.7080E-09, 3.136257E-02, -1.990604E-02, 8.6155E-04
-5.6830E-09, 3.715878E-02, -1.748217E-02, -4.5577E-04
-5.6580E-09, 3.610492E-02, -1.347752E-02, -1.19347E-03
-5.6330E-09, 3.188950E-02, -8.84055E-03, -1.19347E-03
-5.6080E-09, 2.451251E-02, -4.73051E-03, -8.7732E-04
-5.5830E-09, 1.450088E-02, -2.09587E-03, -2.9770E-04
-5.5580E-09, 2.90846E-03, -1.35818E-03, -1.9231E-04
-5.5330E-09, -7.10317E-03, -1.88510E-03, -7.1924E-04
-5.5080E-09, -1.816865E-02, -3.67666E-03, -1.77309E-03
-5.4830E-09, -2.712642E-02, -5.67898E-03, -2.56349E-03
-5.4580E-09, -3.608420E-02, -8.10285E-03, -2.87964E-03
-5.4330E-09, -3.977269E-02, -9.78902E-03, -2.30002E-03
-5.4080E-09, -4.188041E-02, -1.231828E-02, -7.1924E-04
-5.3830E-09, -4.135348E-02, -1.442599E-02, 1.44117E-03
-5.3580E-09, -3.661112E-02, -1.748217E-02, 3.54888E-03
-5.3330E-09, -3.292263E-02, -2.085451E-02, 5.02428E-03
-5.3080E-09, -2.818028E-02, -2.559686E-02, 5.39313E-03
-5.2830E-09, -2.659950E-02, -3.054998E-02, 4.60273E-03
-5.2580E-09, -2.607257E-02, -3.518695E-02, 3.02195E-03
-5.2330E-09, -2.659950E-02, -3.877005E-02, 7.5616E-04
-5.2080E-09, -2.818028E-02, -4.003468E-02, -1.29886E-03
-5.1830E-09, -2.976106E-02, -3.792697E-02, -2.56349E-03
-5.1580E-09, -3.134185E-02, -3.170922E-02, -2.93234E-03
-5.1330E-09, -3.081492E-02, -2.106528E-02, -2.40541E-03
-5.1080E-09, -2.818028E-02, -5.88976E-03, -1.29886E-03
-5.0830E-09, -2.501871E-02, 1.255272E-02, 1.2385E-04
-5.0580E-09, -2.080329E-02, 3.225982E-02, 1.49386E-03
-5.0330E-09, -1.553401E-02, 5.154538E-02, 2.49502E-03
-5.0080E-09, -1.289937E-02, 6.777476E-02, 2.96926E-03
-4.9830E-09, -1.131859E-02, 7.947256E-02, 2.96926E-03
-4.9580E-09, -1.131859E-02, 8.463645E-02, 2.70579E-03
-4.9330E-09, -1.289937E-02, 8.284490E-02, 2.23156E-03
-4.9080E-09, -1.448016E-02, 7.483559E-02, 1.75732E-03
-4.8830E-09, -1.500708E-02, 6.145163E-02, 1.38847E-03
-4.8580E-09, -1.342630E-02, 4.437916E-02, 1.54655E-03
-4.8330E-09, -8.68395E-03, 2.530438E-02, 2.17887E-03
-4.8080E-09, -2.36081E-03, 5.38650E-03, 3.44349E-03
-4.7830E-09, 4.48925E-03, -1.410983E-02, 5.07697E-03
-4.7580E-09, 8.17774E-03, -3.213076E-02, 6.76314E-03
-4.7330E-09, 1.028545E-02, -4.836014E-02, 8.13315E-03
-4.7080E-09, 9.75853E-03, -6.227104E-02, 9.18701E-03
-4.6830E-09, 6.07003E-03, -7.375807E-02, 9.45047E-03
-4.6580E-09, 2.90846E-03, -8.197814E-02, 8.97624E-03
-4.6330E-09, 1.32768E-03, -8.682588E-02, 7.86969E-03
-4.6080E-09, 1.85461E-03, -8.766896E-02, 6.39429E-03
-4.5830E-09, 2.38154E-03, -8.429662E-02, 4.91889E-03
-4.5580E-09, 1.32768E-03, -7.618193E-02, 3.91773E-03
-4.5330E-09, -7.8003E-04, -6.332489E-02, 3.18003E-03
-4.5080E-09, -7.10317E-03, -4.572550E-02, 3.07464E-03
-4.4830E-09, -1.764172E-02, -2.464839E-02, 3.23272E-03
-4.4580E-09, -2.712642E-02, -1.56895E-03, 3.75965E-03
-4.4330E-09, -3.239570E-02, 2.140511E-02, 4.23388E-03
-4.4080E-09, -2.923414E-02, 4.248222E-02, 4.39196E-03
-4.3830E-09, -1.922251E-02, 5.934392E-02, 4.44466E-03
-4.3580E-09, -2.36081E-03, 7.019863E-02, 3.91773E-03
-4.3330E-09, 1.818937E-02, 7.536252E-02, 2.91656E-03
-4.3080E-09, 2.978179E-02, 7.430866E-02, 1.49386E-03
-4.2830E-09, 3.294335E-02, 6.840707E-02, 1.846E-05
-4.2580E-09, 2.345865E-02, 5.944930E-02, -1.29886E-03
-4.2330E-09, 5.54310E-03, 4.817304E-02, -2.19464E-03
-4.2080E-09, -1.974943E-02, 3.542139E-02, -2.40541E-03
-4.1830E-09, -4.293426E-02, 2.172126E-02, -1.66771E-03
-4.1580E-09, -5.926903E-02, 7.59960E-03, -1.9231E-04
-4.1330E-09, -6.769987E-02, -7.04900E-03, 1.75732E-03
-4.1080E-09, -6.611909E-02, -2.095989E-02, 3.81234E-03
-4.0830E-09, -6.348445E-02, -3.318462E-02, 5.34043E-03
-4.0580E-09, -5.979595E-02, -4.161546E-02, 6.18352E-03
-4.0330E-09, -5.768824E-02, -4.519857E-02, 5.97275E-03
-4.0080E-09, -5.768824E-02, -4.224778E-02, 4.91889E-03
-3.9830E-09, -6.032288E-02, -3.297385E-02, 3.23272E-03
-3.9580E-09, -5.768824E-02, -1.864141E-02, 1.59924E-03
-3.9330E-09, -4.873047E-02, -1.67433E-03, 1.7654E-04
-3.9080E-09, -3.661112E-02, 1.603044E-02, -6.6655E-04
-3.8830E-09, -1.922251E-02, 3.099520E-02, -9.3001E-04
-3.8580E-09, -4.99545E-03, 4.163914E-02, -4.0308E-04
-3.8330E-09, 4.48925E-03, 4.690842E-02, 3.8731E-04
-3.8080E-09, 3.43539E-03, 4.722457E-02, 1.28309E-03
-3.7830E-09, -4.99545E-03, 4.321992E-02, 2.23156E-03
-3.7580E-09, -1.606094E-02, 3.552677E-02, 2.91656E-03
-3.7330E-09, -2.712642E-02, 2.593669E-02, 3.07464E-03
-3.7080E-09, -3.344956E-02, 1.455505E-02, 2.65310E-03
-3.6830E-09, -3.871884E-02, 2.64648E-03, 1.70463E-03
-3.6580E-09, -3.977269E-02, -9.78902E-03, 1.2385E-04
-3.6330E-09, -4.556890E-02, -2.222452E-02, -1.98386E-03
-3.6080E-09, -5.821517E-02, -3.360616E-02, -4.19696E-03
-3.5830E-09, -7.876536E-02, -4.309087E-02, -6.19929E-03
-3.5580E-09, -1.0300404E-01, -4.930861E-02, -7.30584E-03
-3.5330E-09, -1.2513500E-01, -5.173248E-02, -7.56930E-03
-3.5080E-09, -1.3620050E-01, -5.015170E-02, -6.46275E-03
-3.4830E-09, -1.3409278E-01, -4.456626E-02, -4.35504E-03
-3.4580E-09, -1.1459645E-01, -3.476540E-02, -1.50963E-03
-3.4330E-09, -8.508849E-02, -2.222452E-02, 1.28309E-03
-3.4080E-09, -5.716131E-02, -7.36515E-03, 3.54888E-03
-3.3830E-09, -3.977269E-02, 8.54807E-03, 4.86620E-03
-3.3580E-09, -4.135348E-02, 2.456667E-02, 5.12966E-03
-3.3330E-09, -6.032288E-02, 3.900450E-02, 4.44466E-03
-3.3080E-09, -9.510012E-02, 5.101845E-02, 3.23272E-03
-3.2830E-09, -1.3303892E-01, 5.892237E-02, 1.96809E-03
-3.2580E-09, -1.6465460E-01, 6.197855E-02, 1.23040E-03
-3.2330E-09, -1.7940858E-01, 5.987084E-02, 9.1424E-04
-3.2080E-09, -1.7888166E-01, 5.323155E-02, 9.1424E-04
-3.1830E-09, -1.6623539E-01, 4.290377E-02, 1.28309E-03
-3.1580E-09, -1.5042755E-01, 3.088981E-02, 1.33578E-03
-3.1330E-09, -1.4252363E-01, 1.898124E-02, 1.01962E-03
-3.1080E-09, -1.4831984E-01, 9.28577E-03, 3.3462E-04
-3.0830E-09, -1.7097774E-01, 2.64648E-03, -5.6116E-04
-3.0580E-09, -2.0312034E-01, -6.2048E-04, -1.29886E-03
-3.0330E-09, -2.3631679E-01, -1.46356E-03, -1.35155E-03
-3.0080E-09, -2.6160932E-01, -7.2586E-04, -5.6116E-04
-2.9830E-09, -2.7320173E-01, -8.3125E-04, 1.23040E-03
-2.9580E-09, -2.6845938E-01, -2.41203E-03, 3.60157E-03
-2.9330E-09, -2.5212464E-01, -6.73284E-03, 5.81467E-03
-2.9080E-09, -2.3578987E-01, -1.410983E-02, 7.39545E-03
-2.8830E-09, -2.2577824E-01, -2.359453E-02, 7.92238E-03
-2.8580E-09, -2.2630516E-01, -3.392232E-02, 7.39545E-03
-2.8330E-09, -2.3789757E-01, -4.235316E-02, 5.49851E-03
-2.8080E-09, -2.5686699E-01, -4.751706E-02, 3.02195E-03
-2.7830E-09, -2.7689025E-01, -4.783322E-02, 7.5616E-04
-2.7580E-09, -2.8953651E-01, -4.277471E-02, -6.6655E-04
-2.7330E-09, -2.9269809E-01, -3.234154E-02, -1.08809E-03
-2.7080E-09, -2.8795573E-01, -1.821987E-02, -3.423E-05
-2.6830E-09, -2.7899796E-01, -2.51742E-03, 2.07348E-03
-2.6580E-09, -2.7214789E-01, 1.244733E-02, 4.49735E-03
-2.6330E-09, -2.7056709E-01, 2.403975E-02, 6.55237E-03
-2.6080E-09, -2.7636331E-01, 3.120597E-02, 7.44814E-03
-2.5830E-09, -2.8532109E-01, 3.310291E-02, 6.97391E-03
-2.5580E-09, -2.9269809E-01, 3.078442E-02, 5.28774E-03
-2.5330E-09, -2.9480579E-01, 2.488283E-02, 2.65310E-03
-2.5080E-09, -2.8532109E-01, 1.750584E-02, -1.9231E-04
-2.4830E-09, -2.6635167E-01, 1.118271E-02, -2.35271E-03
-2.4580E-09, -2.4053222E-01, 7.28344E-03, -3.40657E-03
-2.4330E-09, -2.1629353E-01, 6.75651E-03, -3.03772E-03
-2.4080E-09, -2.0048569E-01, 1.012885E-02, -1.40424E-03
-2.3830E-09, -1.9732413E-01, 1.624122E-02, 1.17770E-03
-2.3580E-09, -2.0786269E-01, 2.403975E-02, 4.02311E-03
-2.3330E-09, -2.2946674E-01, 3.141674E-02, 6.55237E-03
-2.3080E-09, -2.5159770E-01, 3.658063E-02, 8.18584E-03
-2.2830E-09, -2.7109402E-01, 3.816142E-02, 8.81816E-03
-2.2580E-09, -2.8057873E-01, 3.521062E-02, 8.29123E-03
-2.2330E-09, -2.7583638E-01, 2.793901E-02, 6.71045E-03
-2.2080E-09, -2.5897470E-01, 1.718969E-02, 4.65543E-03
-2.1830E-09, -2.3262830E-01, 4.64880E-03, 2.23156E-03
-2.1580E-09, -2.0733576E-01, -7.89208E-03, 1.7654E-04
-2.1330E-09, -1.8309708E-01, -1.874680E-02, -1.45694E-03
-2.1080E-09, -1.6676231E-01, -2.654533E-02, -2.30002E-03
-2.0830E-09, -1.5991224E-01, -3.076075E-02, -2.24733E-03
-2.0580E-09, -1.6201997E-01, -3.149845E-02, -1.77309E-03
-2.0330E-09, -1.6939695E-01, -2.917997E-02, -1.14078E-03
-2.0080E-09, -1.7782779E-01, -2.464839E-02, -2.9770E-04
-1.9830E-09, -1.8415093E-01, -1.927372E-02, 2.2923E-04
-1.9580E-09, -1.8678558E-01, -1.389906E-02, 3.8731E-04
-1.9330E-09, -1.7782779E-01, -9.05132E-03, 4.4000E-04
-1.9080E-09, -1.5780453E-01, -5.57360E-03, 4.4000E-04
-1.8830E-09, -1.2671579E-01, -3.57127E-03, 7.5616E-04
-1.8580E-09, -8.930391E-02, -3.04435E-03, 1.49386E-03
-1.8330E-09, -4.714968E-02, -3.57127E-03, 2.49502E-03
-1.8080E-09, -9.21088E-03, -5.04667E-03, 3.44349E-03
-1.7830E-09, 1.924323E-02, -6.94361E-03, 4.12850E-03
-1.7580E-09, 3.241643E-02, -7.78670E-03, 3.91773E-03
-1.7330E-09, 2.872793E-02, -7.25977E-03, 2.91656E-03
-1.7080E-09, 9.23160E-03, -5.15206E-03, 1.17770E-03
-1.6830E-09, -1.974943E-02, -6.2048E-04, -5.0847E-04
-1.6580E-09, -5.189203E-02, 5.38650E-03, -1.82579E-03
-1.6330E-09, -7.665765E-02, 1.234195E-02, -2.35271E-03
-1.6080E-09, -8.666927E-02, 1.961355E-02, -1.93117E-03
-1.5830E-09, -7.981921E-02, 2.530438E-02, -7.7193E-04
-1.5580E-09, -5.768824E-02, 2.920364E-02, 7.0347E-04
-1.5330E-09, -2.765335E-02, 3.015211E-02, 1.86271E-03
-1.5080E-09, 7.12389E-03, 2.846594E-02, 2.38964E-03
-1.4830E-09, 3.610492E-02, 2.477745E-02, 2.12617E-03
-1.4580E-09, 5.296661E-02, 1.950817E-02, 1.23040E-03
-1.4330E-09, 5.876282E-02, 1.318503E-02, 7.115E-05
-1.4080E-09, 5.770896E-02, 6.86190E-03, -5.6116E-04
-1.3830E-09, 5.085890E-02, 8.5492E-04, -2.9770E-04
-1.3580E-09, 4.242805E-02, -5.04667E-03, 7.5616E-04
-1.3330E-09, 4.190113E-02, -1.052672E-02, 2.38964E-03
-1.3080E-09, 4.664348E-02, -1.526907E-02, 4.12850E-03
-1.2830E-09, 5.718204E-02, -1.937911E-02, 5.60390E-03
-1.2580E-09, 7.140909E-02, -2.222452E-02, 6.34160E-03
-1.2330E-09, 8.616307E-02, -2.359453E-02, 6.44698E-03
-1.2080E-09, 9.722856E-02, -2.317299E-02, 5.97275E-03
-1.1830E-09, 1.0513248E-01, -2.169759E-02, 5.55120E-03
-1.1580E-09, 1.0934789E-01, -1.990604E-02, 5.49851E-03
-1.1330E-09, 1.1461718E-01, -1.853602E-02, 5.86736E-03
-1.1080E-09, 1.2252109E-01, -1.864141E-02, 6.60506E-03
-1.0830E-09, 1.3200580E-01, -2.064374E-02, 7.65892E-03
-1.0580E-09, 1.4675978E-01, -2.454300E-02, 8.29123E-03
-1.0330E-09, 1.6467533E-01, -2.886381E-02, 8.29123E-03
-1.0080E-09, 1.8522552E-01, -3.234154E-02, 7.44814E-03
-9.830E-10, 2.0630263E-01, -3.381693E-02, 6.07813E-03
-9.580E-10, 2.2737974E-01, -3.139307E-02, 4.60273E-03
-9.330E-10, 2.4898379E-01, -2.485916E-02, 3.23272E-03
-9.080E-10, 2.6795319E-01, -1.484753E-02, 2.33694E-03
-8.830E-10, 2.8428796E-01, -2.93896E-03, 2.17887E-03
-8.580E-10, 2.9640728E-01, 9.07500E-03, 2.49502E-03
-8.330E-10, 3.0431122E-01, 1.950817E-02, 3.02195E-03
-8.080E-10, 3.0220351E-01, 2.677977E-02, 3.60157E-03
-7.830E-10, 2.9429957E-01, 3.015211E-02, 3.97042E-03
-7.580E-10, 2.7849174E-01, 3.015211E-02, 4.07581E-03
-7.330E-10, 2.5952235E-01, 2.720132E-02, 3.86503E-03
-7.080E-10, 2.3739137E-01, 2.235358E-02, 3.65426E-03
-6.830E-10, 2.1947582E-01, 1.687353E-02, 3.49618E-03
-6.580E-10, 2.0682955E-01, 1.202579E-02, 3.39080E-03
-6.330E-10, 2.0366798E-01, 8.12653E-03, 3.49618E-03
-6.080E-10, 2.0419492E-01, 6.54574E-03, 3.49618E-03
-5.830E-10, 2.0630263E-01, 6.96728E-03, 3.28541E-03
-5.580E-10, 2.0682955E-01, 9.28577E-03, 2.81118E-03
-5.330E-10, 2.0366798E-01, 1.318503E-02, 1.86271E-03
-5.080E-10, 1.9154865E-01, 1.750584E-02, 7.5616E-04
-4.830E-10, 1.6941768E-01, 2.098357E-02, -2.9770E-04
-4.580E-10, 1.4254436E-01, 2.224819E-02, -1.29886E-03
-4.330E-10, 1.1567103E-01, 1.961355E-02, -1.45694E-03
-4.080E-10, 8.458228E-02, 1.255272E-02, -9.8270E-04
-3.830E-10, 5.665511E-02, 9.6031E-04, 2.2923E-04
-3.580E-10, 3.294335E-02, -1.410983E-02, 2.12617E-03
-3.330E-10, 1.081238E-02, -3.076075E-02, 3.97042E-03
-3.080E-10, -1.448016E-02, -4.614704E-02, 5.55120E-03
-2.830E-10, -4.293426E-02, -5.773946E-02, 6.13082E-03
-2.580E-10, -7.349608E-02, -6.364105E-02, 5.81467E-03
-2.330E-10, -1.0563868E-01, -6.195488E-02, 4.44466E-03
-2.080E-10, -1.4305055E-01, -5.362942E-02, 2.49502E-03
-1.830E-10, -1.7940858E-01, -3.982391E-02, 8.6155E-04
-1.580E-10, -2.1207811E-01, -2.348915E-02, -1.9231E-04
-1.330E-10, -2.4316685E-01, -6.83823E-03, -8.692E-05
-1.080E-10, -2.7741715E-01, 7.28344E-03, 9.6693E-04
-8.30E-11, -3.1324828E-01, 1.761123E-02, 2.91656E-03
-5.80E-11, -3.4855244E-01, 2.393436E-02, 4.86620E-03
-3.30E-11, -3.8385659E-01, 2.667439E-02, 6.18352E-03
-8.0E-12, -4.2548391E-01, 2.730670E-02, 6.28890E-03
1.70E-11, -4.6763813E-01, 2.730670E-02, 5.18235E-03
4.20E-11, -5.0610387E-01, 2.793901E-02, 3.18003E-03
6.70E-11, -5.4456961E-01, 2.930903E-02, 7.0347E-04
9.20E-11, -5.8777767E-01, 3.067904E-02, -1.24617E-03
1.170E-10, -6.3362044E-01, 3.141674E-02, -2.03656E-03
1.420E-10, -6.7999005E-01, 3.025750E-02, -1.50963E-03
1.670E-10, -7.2899437E-01, 2.625285E-02, 1.2385E-04
1.920E-10, -7.8221405E-01, 2.014048E-02, 2.33694E-03
2.170E-10, -8.3279914E-01, 1.192041E-02, 4.55004E-03
2.420E-10, -8.7284565E-01, 2.33032E-03, 5.92005E-03
2.670E-10, -9.0288055E-01, -7.68131E-03, 6.18352E-03
2.920E-10, -9.2764616E-01, -1.737678E-02, 5.28774E-03
3.170E-10, -9.4556171E-01, -2.549147E-02, 3.91773E-03
3.420E-10, -9.5926183E-01, -3.202538E-02, 2.12617E-03
3.670E-10, -9.7506970E-01, -3.655696E-02, 6.5077E-04
3.920E-10, -1.00246990E+00, -3.877005E-02, -1.3962E-04
4.170E-10, -1.03724718E+00, -3.845390E-02, -4.0308E-04
4.420E-10, -1.07413208E+00, -3.487079E-02, -1.9231E-04
4.670E-10, -1.11312473E+00, -2.854765E-02, 7.115E-05
4.920E-10, -1.15000975E+00, -2.053835E-02, 1.7654E-04
5.170E-10, -1.17951775E+00, -1.221289E-02, -8.692E-05
5.420E-10, -1.19901407E+00, -5.04667E-03, -5.6116E-04
5.670E-10, -1.21429491E+00, -3.0432E-04, -1.29886E-03
5.920E-10, -1.23062968E+00, 1.27646E-03, -1.87848E-03
6.170E-10, -1.24907219E+00, -9.3663E-04, -2.35271E-03
6.420E-10, -1.27014923E+00, -5.99514E-03, -2.40541E-03
6.670E-10, -1.29649568E+00, -1.284520E-02, -2.30002E-03
6.920E-10, -1.32969213E+00, -1.916834E-02, -2.08925E-03
7.170E-10, -1.36183476E+00, -2.338376E-02, -1.87848E-03
7.420E-10, -1.38554645E+00, -2.348915E-02, -1.56232E-03
7.670E-10, -1.40188122E+00, -1.980065E-02, -1.45694E-03
7.920E-10, -1.41452754E+00, -1.179135E-02, -1.24617E-03
8.170E-10, -1.42137754E+00, -8.3125E-04, -9.3001E-04
8.420E-10, -1.42295837E+00, 1.213118E-02, -7.7193E-04
8.670E-10, -1.42770076E+00, 2.562053E-02, -8.2462E-04
8.920E-10, -1.43665850E+00, 3.784526E-02, -1.14078E-03
9.170E-10, -1.44877779E+00, 4.754073E-02, -1.93117E-03
9.420E-10, -1.45668173E+00, 5.354771E-02, -3.09041E-03
9.670E-10, -1.46669340E+00, 5.460157E-02, -4.46043E-03
9.920E-10, -1.47459733E+00, 5.070230E-02, -5.61967E-03
1.0170E-09, -1.48092043E+00, 4.227145E-02, -5.98852E-03
1.0420E-09, -1.48460889E+00, 2.941441E-02, -5.25082E-03
1.0670E-09, -1.49145901E+00, 1.413350E-02, -3.45926E-03
1.0920E-09, -1.50463223E+00, -2.20126E-03, -7.1924E-04
1.1170E-09, -1.52096701E+00, -1.706063E-02, 2.54771E-03
1.1420E-09, -1.53888249E+00, -2.939074E-02, 5.49851E-03
1.1670E-09, -1.55837882E+00, -3.792697E-02, 7.29007E-03
1.1920E-09, -1.57524049E+00, -4.182624E-02, 7.44814E-03
1.2170E-09, -1.58525217E+00, -4.203701E-02, 5.92005E-03
1.2420E-09, -1.58841372E+00, -3.950775E-02, 3.23272E-03
1.2670E-09, -1.58314443E+00, -3.529233E-02, -3.423E-05
1.2920E-09, -1.57576740E+00, -3.033921E-02, -2.87964E-03
1.3170E-09, -1.56786358E+00, -2.612379E-02, -4.51312E-03
1.3420E-09, -1.56154037E+00, -2.275145E-02, -4.72389E-03
1.3670E-09, -1.55890572E+00, -1.948449E-02, -3.67003E-03
1.3920E-09, -1.55943274E+00, -1.642831E-02, -1.61502E-03
1.4170E-09, -1.56259429E+00, -1.305597E-02, 6.5077E-04
1.4420E-09, -1.56522894E+00, -9.47286E-03, 2.28425E-03
1.4670E-09, -1.56522894E+00, -6.20591E-03, 3.33811E-03
1.4920E-09, -1.56312120E+00, -2.62280E-03, 4.02311E-03
1.5170E-09, -1.56048656E+00, 3.2799E-04, 4.33927E-03
1.5420E-09, -1.55679810E+00, 2.85725E-03, 4.91889E-03
1.5670E-09, -1.55469036E+00, 5.49189E-03, 5.97275E-03
1.5920E-09, -1.55574417E+00, 8.75884E-03, 7.39545E-03
1.6170E-09, -1.56206739E+00, 1.381735E-02, 9.08162E-03
1.6420E-09, -1.56786358E+00, 2.035125E-02, 9.92471E-03
1.6670E-09, -1.57365978E+00, 2.814979E-02, 9.76663E-03
1.6920E-09, -1.57998288E+00, 3.605370E-02, 8.34392E-03
1.7170E-09, -1.58472526E+00, 4.216607E-02, 5.81467E-03
1.7420E-09, -1.58525217E+00, 4.480071E-02, 3.07464E-03
1.7670E-09, -1.58735991E+00, 4.237684E-02, 4.9270E-04
1.7920E-09, -1.58946753E+00, 3.384060E-02, -1.03539E-03
1.8170E-09, -1.59420991E+00, 2.003510E-02, -1.35155E-03
1.8420E-09, -1.60106003E+00, 2.96263E-03, -5.0847E-04
1.8670E-09, -1.60843694E+00, -1.537446E-02, 7.0347E-04
1.8920E-09, -1.61739480E+00, -3.223615E-02, 1.70463E-03
1.9170E-09, -1.62582564E+00, -4.498781E-02, 2.07348E-03
1.9420E-09, -1.63267565E+00, -5.225941E-02, 1.54655E-03
1.9670E-09, -1.63689113E+00, -5.384019E-02, 3.8731E-04
1.9920E-09, -1.64057958E+00, -4.973016E-02, -1.03539E-03
2.0170E-09, -1.64532197E+00, -4.235316E-02, -1.87848E-03
2.0420E-09, -1.65427971E+00, -3.339539E-02, -2.19464E-03
2.0670E-09, -1.66271055E+00, -2.412146E-02, -1.93117E-03
2.0920E-09, -1.67535686E+00, -1.600677E-02, -1.29886E-03
2.1170E-09, -1.69221854E+00, -1.010518E-02, -8.7732E-04
2.1420E-09, -1.70539176E+00, -6.41668E-03, -1.19347E-03
2.1670E-09, -1.71698415E+00, -4.62513E-03, -2.03656E-03
2.1920E-09, -1.72383416E+00, -4.62513E-03, -3.09041E-03
2.2170E-09, -1.72804964E+00, -5.67898E-03, -3.82811E-03
2.2420E-09, -1.72699571E+00, -6.62745E-03, -3.61734E-03
2.2670E-09, -1.72278035E+00, -6.20591E-03, -2.40541E-03
2.2920E-09, -1.72014570E+00, -3.78204E-03, -3.5039E-04
2.3170E-09, -1.71961880E+00, 1.27646E-03, 2.07348E-03
2.3420E-09, -1.72172654E+00, 8.23191E-03, 3.75965E-03
2.3670E-09, -1.72699571E+00, 1.655737E-02, 4.33927E-03
2.3920E-09, -1.73700738E+00, 2.446129E-02, 3.44349E-03
2.4170E-09, -1.74807286E+00, 3.036288E-02, 1.49386E-03
2.4420E-09, -1.76019216E+00, 3.236521E-02, -7.7193E-04
2.4670E-09, -1.77441931E+00, 3.015211E-02, -2.56349E-03
2.4920E-09, -1.78917325E+00, 2.382898E-02, -2.93234E-03
2.5170E-09, -1.80234647E+00, 1.434427E-02, -1.77309E-03
2.5420E-09, -1.81815434E+00, 4.33264E-03, 7.5616E-04
2.5670E-09, -1.83080053E+00, -4.51974E-03, 3.75965E-03
2.5920E-09, -1.84239292E+00, -1.063211E-02, 6.28890E-03
2.6170E-09, -1.84924304E+00, -1.305597E-02, 7.76430E-03
2.6420E-09, -1.85293150E+00, -1.179135E-02, 7.50084E-03
2.6670E-09, -1.85240459E+00, -7.78670E-03, 5.70928E-03
2.6920E-09, -1.84608150E+00, -3.14973E-03, 3.02195E-03
2.7170E-09, -1.83870447E+00, 1.59262E-03, 2.8192E-04
2.7420E-09, -1.83501601E+00, 4.33264E-03, -1.50963E-03
2.7670E-09, -1.83659673E+00, 4.64880E-03, -2.30002E-03
2.7920E-09, -1.84291995E+00, 2.22493E-03, -1.61502E-03
2.8170E-09, -1.85398543E+00, -2.51742E-03, 7.115E-05
2.8420E-09, -1.86979318E+00, -9.26209E-03, 2.33694E-03
2.8670E-09, -1.88507414E+00, -1.663908E-02, 4.18119E-03
2.8920E-09, -1.89192414E+00, -2.412146E-02, 5.12966E-03
2.9170E-09, -1.89087033E+00, -3.033921E-02, 5.23505E-03
2.9420E-09, -1.87980485E+00, -3.402770E-02, 4.39196E-03
2.9670E-09, -1.86347008E+00, -3.423848E-02, 3.23272E-03
2.9920E-09, -1.84081221E+00, -3.012844E-02, 2.28425E-03
3.0170E-09, -1.81446576E+00, -2.243529E-02, 2.12617E-03
3.0420E-09, -1.79180789E+00, -1.136981E-02, 2.81118E-03
3.0670E-09, -1.77231157E+00, 1.17108E-03, 4.33927E-03
3.0920E-09, -1.74859977E+00, 1.350119E-02, 6.02544E-03
3.1170E-09, -1.72278035E+00, 2.351282E-02, 7.50084E-03
3.1420E-09, -1.69116461E+00, 3.015211E-02, 8.02776E-03
3.1670E-09, -1.65059125E+00, 3.236521E-02, 7.39545E-03
3.1920E-09, -1.59737146E+00, 3.078442E-02, 5.76197E-03
3.2170E-09, -1.53519404E+00, 2.604207E-02, 3.70696E-03
3.2420E-09, -1.47090876E+00, 1.908663E-02, 1.81002E-03
3.2670E-09, -1.40715051E+00, 1.139348E-02, 4.4000E-04
3.2920E-09, -1.34286535E+00, 3.91110E-03, 3.8731E-04
3.3170E-09, -1.28226864E+00, -2.72819E-03, 1.65194E-03
3.3420E-09, -1.23010278E+00, -8.62978E-03, 3.49618E-03
3.3670E-09, -1.18004465E+00, -1.295059E-02, 5.65659E-03
3.3920E-09, -1.12735188E+00, -1.611216E-02, 7.23737E-03
3.4170E-09, -1.07149744E+00, -1.737678E-02, 7.81699E-03
3.4420E-09, -1.01775086E+00, -1.674447E-02, 7.13199E-03
3.4670E-09, -9.5820796E-01, -1.410983E-02, 5.02428E-03
3.4920E-09, -8.9286894E-01, -9.57825E-03, 2.33694E-03
3.5170E-09, -8.2805681E-01, -4.09820E-03, -4.0308E-04
3.5420E-09, -7.6587933E-01, 1.27646E-03, -2.45810E-03
3.5670E-09, -7.0633644E-01, 5.49189E-03, -3.30118E-03
3.5920E-09, -6.4942825E-01, 7.38883E-03, -2.66887E-03
3.6170E-09, -5.9937012E-01, 6.75651E-03, -8.7732E-04
3.6420E-09, -5.6090438E-01, 3.38418E-03, 1.54655E-03
3.6670E-09, -5.3139639E-01, -1.88510E-03, 3.81234E-03
3.6920E-09, -5.0979239E-01, -8.31362E-03, 5.28774E-03
3.7170E-09, -4.9714610E-01, -1.432060E-02, 5.60390E-03
3.7420E-09, -4.9503839E-01, -1.906295E-02, 4.86620E-03
3.7670E-09, -4.9398452E-01, -2.095989E-02, 3.07464E-03
3.7920E-09, -4.8871523E-01, -2.022219E-02, 1.01962E-03
3.8170E-09, -4.7606897E-01, -1.621754E-02, -6.1385E-04
3.8420E-09, -4.5868036E-01, -1.010518E-02, -1.29886E-03
3.8670E-09, -4.2917240E-01, -1.67433E-03, -8.2462E-04
3.8920E-09, -3.8965282E-01, 7.07267E-03, 7.0347E-04
3.9170E-09, -3.4960628E-01, 1.539813E-02, 2.91656E-03
3.9420E-09, -3.1799060E-01, 2.193204E-02, 4.97158E-03
3.9670E-09, -2.9217115E-01, 2.593669E-02, 6.44698E-03
3.9920E-09, -2.7741715E-01, 2.709593E-02, 6.71045E-03
4.0170E-09, -2.7267483E-01, 2.488283E-02, 5.92005E-03
4.0420E-09, -2.7847102E-01, 2.035125E-02, 4.07581E-03
4.0670E-09, -2.8110567E-01, 1.444966E-02, 1.81002E-03
4.0920E-09, -2.7899796E-01, 8.33730E-03, -5.6116E-04
4.1170E-09, -2.6845938E-01, 3.38418E-03, -2.19464E-03
4.1420E-09, -2.5475928E-01, 1.1722E-04, -2.87964E-03
4.1670E-09, -2.3737065E-01, -7.2586E-04, -2.66887E-03
4.1920E-09, -2.2261667E-01, 8.5492E-04, -1.61502E-03
4.2170E-09, -2.1682046E-01, 3.59495E-03, 1.846E-05
4.2420E-09, -2.2419745E-01, 6.86190E-03, 1.81002E-03
4.2670E-09, -2.3895143E-01, 9.60192E-03, 3.23272E-03
4.2920E-09, -2.5792083E-01, 1.149886E-02, 4.23388E-03
4.3170E-09, -2.7267483E-01, 1.097194E-02, 4.70812E-03
4.3420E-09, -2.8426722E-01, 9.07500E-03, 4.44466E-03
4.3670E-09, -2.8532109E-01, 5.59727E-03, 3.86503E-03
4.3920E-09, -2.7583638E-01, 9.6031E-04, 3.23272E-03
4.4170E-09, -2.6477090E-01, -4.09820E-03, 2.54771E-03
4.4420E-09, -2.5475928E-01, -9.15671E-03, 2.07348E-03
4.4670E-09, -2.4790920E-01, -1.368829E-02, 1.86271E-03
4.4920E-09, -2.4738228E-01, -1.695524E-02, 2.02079E-03
4.5170E-09, -2.5001693E-01, -1.906295E-02, 2.23156E-03
4.5420E-09, -2.5581312E-01, -1.874680E-02, 2.54771E-03
4.5670E-09, -2.5739390E-01, -1.684985E-02, 2.70579E-03
4.5920E-09, -2.5581312E-01, -1.326675E-02, 2.70579E-03
4.6170E-09, -2.5370541E-01, -8.73517E-03, 2.44233E-03
4.6420E-09, -2.5212464E-01, -4.94129E-03, 2.07348E-03
4.6670E-09, -2.5423235E-01, -2.62280E-03, 1.54655E-03
4.6920E-09, -2.6160932E-01, -2.51742E-03, 1.23040E-03
4.7170E-09, -2.7267483E-01, -5.46821E-03, 1.12501E-03
4.7420E-09, -2.8584802E-01, -9.68364E-03, 1.49386E-03
4.7670E-09, -2.9533270E-01, -1.463676E-02, 1.96809E-03
4.7920E-09, -2.9585963E-01, -1.832525E-02, 2.65310E-03
4.8170E-09, -2.8900957E-01, -1.906295E-02, 3.23272E-03
4.8420E-09, -2.7425560E-01, -1.653370E-02, 3.81234E-03
4.8670E-09, -2.5792083E-01, -1.052672E-02, 3.97042E-03
4.8920E-09, -2.4422070E-01, -2.72819E-03, 3.75965E-03
4.9170E-09, -2.3789757E-01, 5.38650E-03, 3.49618E-03
4.9420E-09, -2.3895143E-01, 1.149886E-02, 3.02195E-03
4.9670E-09, -2.4632843E-01, 1.508197E-02, 2.38964E-03
4.9920E-09, -2.5265154E-01, 1.550352E-02, 2.17887E-03
5.0170E-09, -2.5686699E-01, 1.329042E-02, 2.17887E-03
5.0420E-09, -2.5212464E-01, 9.49654E-03, 2.49502E-03
5.0670E-09, -2.3947836E-01, 5.80804E-03, 3.12734E-03
5.0920E-09, -2.1840124E-01, 2.85725E-03, 4.12850E-03
5.1170E-09, -1.9416256E-01, 8.5492E-04, 5.39313E-03
5.1420E-09, -1.7203160E-01, 5.3876E-04, 6.86852E-03
5.1670E-09, -1.5464297E-01, 6.4415E-04, 8.34392E-03
5.1920E-09, -1.4146978E-01, 1.17108E-03, 9.39778E-03
5.2170E-09, -1.3514663E-01, 1.90878E-03, 1.024086E-02
5.2420E-09, -1.3145815E-01, 2.43570E-03, 1.034625E-02
5.2670E-09, -1.2935044E-01, 3.27879E-03, 9.66124E-03
5.2920E-09, -1.2302729E-01, 4.75419E-03, 8.23854E-03
5.3170E-09, -1.1670417E-01, 6.33497E-03, 6.13082E-03
5.3420E-09, -1.0774639E-01, 7.59960E-03, 3.75965E-03
5.3670E-09, -9.878862E-02, 8.33730E-03, 1.54655E-03
5.3920E-09, -9.035777E-02, 7.07267E-03, -1.3962E-04
5.4170E-09, -8.140000E-02, 4.33264E-03, -1.14078E-03
5.4420E-09, -7.454994E-02, -1.9893E-04, -1.35155E-03
5.4670E-09, -6.559216E-02, -5.67898E-03, -1.03539E-03
5.4920E-09, -5.452668E-02, -1.147519E-02, -5.6116E-04
5.5170E-09, -4.398812E-02, -1.569061E-02, 7.115E-05
5.5420E-09, -3.344956E-02, -1.821987E-02, 3.8731E-04
5.5670E-09, -2.501871E-02, -1.769294E-02, 6.5077E-04
5.5920E-09, -1.869558E-02, -1.421522E-02, 8.0885E-04
5.6170E-09, -1.869558E-02, -8.10285E-03, 1.23040E-03
5.6420E-09, -2.291100E-02, -9.3663E-04, 2.07348E-03
5.6670E-09, -2.659950E-02, 6.12420E-03, 3.28541E-03
5.6920E-09, -2.712642E-02, 1.213118E-02, 4.60273E-03
5.7170E-09, -2.343793E-02, 1.571429E-02, 5.70928E-03
5.7420E-09, -1.289937E-02, 1.613583E-02, 6.13082E-03
5.7670E-09, 2.38154E-03, 1.371196E-02, 5.65659E-03
5.7920E-09, 2.135094E-02, 8.65345E-03, 4.28658E-03
5.8170E-09, 3.505107E-02, 2.33032E-03, 2.38964E-03
5.8420E-09, 4.190113E-02, -4.09820E-03, 4.4000E-04
5.8670E-09, 3.979342E-02, -8.52439E-03, -1.08809E-03
5.8920E-09, 2.925486E-02, -1.063211E-02, -1.66771E-03
5.9170E-09, 1.397395E-02, -9.68364E-03, -1.40424E-03
5.9420E-09, -7.8003E-04, -6.20591E-03, -1.3962E-04
5.9670E-09, -9.73780E-03, -1.35818E-03, 1.33578E-03
5.9920E-09, -1.237244E-02, 2.96263E-03, 2.54771E-03
6.0170E-09, -5.52238E-03, 5.91343E-03, 3.33811E-03
6.0420E-09, 6.59696E-03, 6.22959E-03, 3.39080E-03
6.0670E-09, 2.240480E-02, 3.59495E-03, 2.81118E-03
6.0920E-09, 3.294335E-02, -1.04202E-03, 1.86271E-03
6.1170E-09, 3.715878E-02, -6.94361E-03, 1.01962E-03
6.1420E-09, 3.347028E-02, -1.242366E-02, 7.0347E-04
6.1670E-09, 2.345865E-02, -1.663908E-02, 7.5616E-04
6.1920E-09, 1.239317E-02, -1.811448E-02, 1.17770E-03
6.2170E-09, 2.38154E-03, -1.706063E-02, 1.59924E-03
6.2420E-09, -7.8003E-04, -1.337213E-02, 1.81002E-03
6.2670E-09, 3.43539E-03, -7.78670E-03, 1.33578E-03
6.2920E-09, 1.397395E-02, -7.2586E-04, 5.9808E-04
6.3170E-09, 2.714715E-02, 6.86190E-03, -2.4500E-04
6.3420E-09, 3.979342E-02, 1.371196E-02, -6.6655E-04
6.3670E-09, 4.927812E-02, 1.908663E-02, -4.0308E-04
6.3920E-09, 5.085890E-02, 2.277512E-02, 8.6155E-04
6.4170E-09, 4.611655E-02, 2.382898E-02, 2.96926E-03
6.4420E-09, 3.663185E-02, 2.256435E-02, 5.44582E-03
6.4670E-09, 2.503943E-02, 1.855970E-02, 7.29007E-03
6.4920E-09, 1.292009E-02, 1.297426E-02, 8.08046E-03
6.5170E-09, 3.96232E-03, 6.65113E-03, 7.39545E-03
6.5420E-09, -4.46853E-03, 1.184E-05, 5.44582E-03
6.5670E-09, -9.73780E-03, -5.88976E-03, 2.65310E-03
6.5920E-09, -1.448016E-02, -1.147519E-02, 7.115E-05
6.6170E-09, -2.133022E-02, -1.684985E-02, -1.35155E-03
6.6420E-09, -2.870721E-02, -2.169759E-02, -1.29886E-03
6.6670E-09, -3.766498E-02, -2.643994E-02, 3.3462E-04
6.6920E-09, -4.662276E-02, -3.097152E-02, 3.18003E-03
6.7170E-09, -5.663439E-02, -3.434386E-02, 6.02544E-03
6.7420E-09, -6.506523E-02, -3.603003E-02, 7.97507E-03
6.7670E-09, -7.086144E-02, -3.508156E-02, 7.97507E-03
6.7920E-09, -7.402301E-02, -3.213076E-02, 6.07813E-03
6.8170E-09, -7.507686E-02, -2.728303E-02, 2.86387E-03
6.8420E-09, -7.507686E-02, -2.169759E-02, -7.1924E-04
6.8670E-09, -7.086144E-02, -1.663908E-02, -3.61734E-03
6.8920E-09, -6.611909E-02, -1.295059E-02, -4.72389E-03
6.9170E-09, -6.137674E-02, -1.052672E-02, -3.67003E-03
6.9420E-09, -5.505360E-02, -9.68364E-03, -6.6655E-04
6.9670E-09, -4.978433E-02, -8.62978E-03, 3.18003E-03
6.9920E-09, -4.767661E-02, -5.88976E-03, 6.81583E-03
7.0170E-09, -4.767661E-02, -8.3125E-04, 9.18701E-03
7.0420E-09, -5.083818E-02, 7.59960E-03, 9.92471E-03
7.0670E-09, -5.663439E-02, 1.877047E-02, 8.92354E-03
7.0920E-09, -6.559216E-02, 3.120597E-02, 6.81583E-03
7.1170E-09, -7.402301E-02, 4.300915E-02, 4.65543E-03
7.1420E-09, -8.140000E-02, 5.228308E-02, 3.23272E-03
7.1670E-09, -8.508849E-02, 5.670927E-02, 2.75849E-03
7.1920E-09, -8.508849E-02, 5.565542E-02, 3.33811E-03
7.2170E-09, -7.876536E-02, 4.838381E-02, 4.65543E-03
7.2420E-09, -6.822680E-02, 3.647524E-02, 5.97275E-03
7.2670E-09, -5.768824E-02, 2.140511E-02, 7.02660E-03
7.2920E-09, -4.398812E-02, 4.75419E-03, 7.34276E-03
7.3170E-09, -3.397649E-02, -1.168596E-02, 7.07929E-03
7.3420E-09, -2.659950E-02, -2.580763E-02, 6.55237E-03
7.3670E-09, -2.080329E-02, -3.603003E-02, 5.65659E-03
7.3920E-09, -1.816865E-02, -4.193162E-02, 4.86620E-03
7.4170E-09, -1.500708E-02, -4.340702E-02, 4.07581E-03
7.4420E-09, -1.184552E-02, -4.119392E-02, 3.02195E-03
7.4670E-09, -4.99545E-03, -3.613542E-02, 1.44117E-03
7.4920E-09, 4.48925E-03, -2.917997E-02, -1.9231E-04
7.5170E-09, 1.450088E-02, -2.159221E-02, -1.77309E-03
7.5420E-09, 2.187787E-02, -1.463676E-02, -3.14311E-03
7.5670E-09, 2.714715E-02, -8.10285E-03, -3.88081E-03
7.5920E-09, 2.714715E-02, -2.30665E-03, -3.72273E-03
7.6170E-09, 2.082401E-02, 2.85725E-03, -2.82695E-03
7.6420E-09, 1.028545E-02, 7.59960E-03, -1.50963E-03
7.6670E-09, -3.41467E-03, 1.192041E-02, -4.5577E-04
7.6920E-09, -1.606094E-02, 1.539813E-02, 1.2385E-04
7.7170E-09, -2.396486E-02, 1.803277E-02, 1.2385E-04
7.7420E-09, -2.291100E-02, 1.940278E-02, -3.5039E-04
7.7670E-09, -1.184552E-02, 1.950817E-02, -7.1924E-04
7.7920E-09, 9.23160E-03, 1.803277E-02, -6.1385E-04
7.8170E-09, 3.610492E-02, 1.508197E-02, 3.3462E-04
7.8420E-09, 6.455903E-02, 1.160425E-02, 2.12617E-03
7.8670E-09, 9.090542E-02, 7.49421E-03, 4.28658E-03
7.8920E-09, 1.1303639E-01, 2.11955E-03, 6.07813E-03
7.9170E-09, 1.2726344E-01, -3.99282E-03, 7.39545E-03
7.9420E-09, 1.3358657E-01, -1.063211E-02, 7.23737E-03
7.9670E-09, 1.3622122E-01, -1.790371E-02, 5.76197E-03
7.9920E-09, 1.3622122E-01, -2.454300E-02, 3.49618E-03
8.0170E-09, 1.3411351E-01, -2.970690E-02, 1.01962E-03
8.0420E-09, 1.3200580E-01, -3.149845E-02, -7.7193E-04
8.0670E-09, 1.2937115E-01, -2.960151E-02, -1.66771E-03
8.0920E-09, 1.2673652E-01, -2.285683E-02, -1.14078E-03
8.1170E-09, 1.2410188E-01, -1.210750E-02, 4.4000E-04
8.1420E-09, 1.1988645E-01, 9.6031E-04, 2.54771E-03
8.1670E-09, 1.1777874E-01, 1.402812E-02, 4.44466E-03
8.1920E-09, 1.2041338E-01, 2.477745E-02, 5.44582E-03
8.2170E-09, 1.2779038E-01, 3.099520E-02, 5.49851E-03
8.2420E-09, 1.3885586E-01, 3.183828E-02, 4.44466E-03
8.2670E-09, 1.5360984E-01, 2.772824E-02, 2.54771E-03
8.2920E-09, 1.6836382E-01, 2.003510E-02, 4.4000E-04
8.3170E-09, 1.7784852E-01, 1.055039E-02, -1.19347E-03
8.3420E-09, 1.7942931E-01, 1.27646E-03, -2.19464E-03
8.3670E-09, 1.7257924E-01, -6.52207E-03, -2.24733E-03
8.3920E-09, 1.5887912E-01, -1.295059E-02, -1.40424E-03
8.4170E-09, 1.4359821E-01, -1.832525E-02, 1.846E-05
8.4420E-09, 1.3147886E-01, -2.338376E-02, 1.54655E-03
8.4670E-09, 1.2831730E-01, -2.875843E-02, 2.70579E-03
8.4920E-09, 1.3622122E-01, -3.497617E-02, 3.49618E-03
8.5170E-09, 1.5413676E-01, -4.098315E-02, 3.86503E-03
8.5420E-09, 1.7626774E-01, -4.572550E-02, 3.70696E-03
8.5670E-09, 2.0103334E-01, -4.762244E-02, 3.07464E-03
8.5920E-09, 2.2052968E-01, -4.562012E-02, 2.49502E-03
8.6170E-09, 2.3264901E-01, -3.834851E-02, 1.86271E-03
8.6420E-09, 2.3475672E-01, -2.728303E-02, 1.33578E-03
8.6670E-09, 2.3159516E-01, -1.242366E-02, 1.07232E-03
8.6920E-09, 2.2316432E-01, 3.80572E-03, 9.6693E-04
8.7170E-09, 2.1473347E-01, 1.961355E-02, 1.28309E-03
8.7420E-09, 2.0735648E-01, 3.299752E-02, 1.70463E-03
8.7670E-09, 2.0419492E-01, 4.300915E-02, 2.12617E-03
8.7920E-09, 2.0524877E-01, 4.817304E-02, 2.28425E-03
8.8170E-09, 2.0472184E-01, 4.880536E-02, 2.38964E-03
8.8420E-09, 2.0630263E-01, 4.469532E-02, 2.23156E-03
8.8670E-09, 2.0946419E-01, 3.658063E-02, 1.81002E-03
8.8920E-09, 2.1315269E-01, 2.540976E-02, 1.17770E-03
8.9170E-09, 2.1420655E-01, 1.276349E-02, 7.5616E-04
8.9420E-09, 2.1789503E-01, -9.355E-05, 2.2923E-04
8.9670E-09, 2.2211047E-01, -1.158058E-02, 1.846E-05
8.9920E-09, 2.2527203E-01, -2.064374E-02, 7.115E-05
9.0170E-09, 2.2632588E-01, -2.601840E-02, 4.4000E-04
9.0420E-09, 2.2369124E-01, -2.791534E-02, 9.1424E-04
9.0670E-09, 2.1894890E-01, -2.696687E-02, 1.70463E-03
9.0920E-09, 2.1262576E-01, -2.464839E-02, 2.28425E-03
9.1170E-09, 2.0577569E-01, -2.180298E-02, 2.91656E-03
9.1420E-09, 2.0050642E-01, -2.053835E-02, 3.18003E-03
9.1670E-09, 1.9945256E-01, -2.095989E-02, 2.96926E-03
9.1920E-09, 2.0366798E-01, -2.348915E-02, 2.38964E-03
9.2170E-09, 2.0946419E-01, -2.707226E-02, 1.70463E-03
9.2420E-09, 2.1789503E-01, -3.076075E-02, 1.17770E-03
9.2670E-09, 2.2474509E-01, -3.297385E-02, 8.0885E-04
9.2920E-09, 2.2737974E-01, -3.276308E-02, 9.6693E-04
9.3170E-09, 2.2474509E-01, -2.991767E-02, 2.02079E-03
9.3420E-09, 2.1526040E-01, -2.506993E-02, 3.54888E-03
9.3670E-09, 2.0208721E-01, -1.906295E-02, 5.23505E-03
9.3920E-09, 1.8575244E-01, -1.368829E-02, 6.92122E-03
9.4170E-09, 1.6889074E-01, -1.021056E-02, 7.97507E-03
9.4420E-09, 1.5308291E-01, -9.36748E-03, 7.97507E-03
9.4670E-09, 1.4043663E-01, -1.084288E-02, 7.13199E-03
9.4920E-09, 1.3253272E-01, -1.442599E-02, 5.39313E-03
9.5170E-09, 1.2620959E-01, -1.790371E-02, 3.49618E-03
9.5420E-09, 1.2410188E-01, -2.001142E-02, 1.75732E-03
9.5670E-09, 1.2304802E-01, -1.980065E-02, 7.0347E-04
9.5920E-09, 1.2199417E-01, -1.632293E-02, 4.4000E-04
9.6170E-09, 1.1988645E-01, -1.021056E-02, 8.0885E-04
9.6420E-09, 1.1725181E-01, -2.30665E-03, 1.65194E-03
9.6670E-09, 1.1514410E-01, 6.75651E-03, 2.38964E-03
9.6920E-09, 1.1040175E-01, 1.508197E-02, 2.75849E-03
9.7170E-09, 1.0565940E-01, 2.224819E-02, 2.70579E-03
9.7420E-09, 1.0144398E-01, 2.783363E-02, 2.12617E-03
9.7670E-09, 9.828241E-02, 3.152213E-02, 1.33578E-03
9.7920E-09, 9.459391E-02, 3.447292E-02, 7.5616E-04
9.8170E-09, 9.090542E-02, 3.647524E-02, 3.3462E-04
9.8420E-09, 8.774386E-02, 3.773987E-02, 1.7654E-04
9.8670E-09, 8.458228E-02, 3.773987E-02, 7.115E-05
9.8920E-09, 8.089379E-02, 3.594832E-02, -1.3962E-04
9.9170E-09, 7.667837E-02, 3.141674E-02, -3.5039E-04
9.9420E-09, 7.193602E-02, 2.309128E-02, -6.1385E-04
9.9670E-09, 6.666674E-02, 1.139348E-02, -7.7193E-04
9.9920E-09, 6.297825E-02, -3.67666E-03, -6.1385E-04
1.00170E-08, 5.770896E-02, -2.032758E-02, 7.115E-05
1.00420E-08, 5.454740E-02, -3.697850E-02, 1.17770E-03
1.00670E-08, 5.296661E-02, -5.110017E-02, 2.28425E-03
1.00920E-08, 5.191276E-02, -6.079564E-02, 3.28541E-03
1.01170E-08, 5.507432E-02, -6.553799E-02, 3.65426E-03
1.01420E-08, 5.928975E-02, -6.511645E-02, 3.39080E-03
1.01670E-08, 6.508595E-02, -6.026871E-02, 2.33694E-03
1.01920E-08, 7.035523E-02, -5.257557E-02, 1.17770E-03
1.02170E-08, 7.509758E-02, -4.425010E-02, 1.2385E-04
1.02420E-08, 7.667837E-02, -3.645157E-02, -4.0308E-04
1.02670E-08, 7.351680E-02, -3.065537E-02, -2.9770E-04
1.02920E-08, 6.561288E-02, -2.654533E-02, 3.3462E-04
1.03170E-08, 5.402047E-02, -2.348915E-02, 1.28309E-03
1.03420E-08, 4.032034E-02, -2.001142E-02, 2.02079E-03
1.03670E-08, 2.872793E-02, -1.358290E-02, 2.12617E-03
1.03920E-08, 1.871630E-02, -3.88743E-03, 1.44117E-03
1.04170E-08, 1.450088E-02, 9.49654E-03, 7.0347E-04
1.04420E-08, 1.081238E-02, 2.583130E-02, -8.692E-05
1.04670E-08, 1.028545E-02, 4.216607E-02, -2.4500E-04
1.04920E-08, 8.70467E-03, 5.586619E-02, 4.4000E-04
1.05170E-08, 2.38154E-03, 6.387550E-02, 2.02079E-03
1.05420E-08, -5.52238E-03, 6.398088E-02, 3.97042E-03
1.05670E-08, -1.606094E-02, 5.565542E-02, 5.97275E-03
1.05920E-08, -2.449179E-02, 4.005836E-02, 7.18468E-03
1.06170E-08, -2.712642E-02, 1.950817E-02, 7.39545E-03
1.06420E-08, -2.501871E-02, -1.88510E-03, 6.60506E-03
1.06670E-08, -1.500708E-02, -2.085451E-02, 5.02428E-03
1.06920E-08, -1.30696E-03, -3.434386E-02, 3.12734E-03
1.07170E-08, 1.292009E-02, -4.035084E-02, 1.54655E-03
1.07420E-08, 2.293172E-02, -3.866467E-02, 6.5077E-04
1.07670E-08, 2.609329E-02, -3.076075E-02, 5.4539E-04
1.07920E-08, 2.240480E-02, -1.843064E-02, 1.33578E-03
1.08170E-08, 1.502781E-02, -3.78204E-03, 2.49502E-03
1.08420E-08, 3.96232E-03, 9.49654E-03, 3.49618E-03
1.08670E-08, -1.83389E-03, 1.982432E-02, 4.12850E-03
1.08920E-08, -1.83389E-03, 2.583130E-02, 4.23388E-03
1.09170E-08, 3.96232E-03, 2.604207E-02, 3.81234E-03
1.09420E-08, 1.713552E-02, 2.066741E-02, 2.91656E-03
1.09670E-08, 3.188950E-02, 1.055039E-02, 1.91540E-03
1.09920E-08, 4.506269E-02, -3.46589E-03, 1.12501E-03
1.10170E-08, 5.560125E-02, -1.916834E-02, 7.0347E-04
1.10420E-08, 6.034360E-02, -3.497617E-02, 7.5616E-04
1.10670E-08, 5.823589E-02, -4.814937E-02, 1.12501E-03
1.10920E-08, 5.138583E-02, -5.721253E-02, 1.65194E-03
1.11170E-08, 4.084727E-02, -6.079564E-02, 2.33694E-03
1.11420E-08, 2.925486E-02, -5.868793E-02, 2.81118E-03
1.11670E-08, 1.924323E-02, -5.110017E-02, 3.07464E-03
1.11920E-08, 1.239317E-02, -4.024545E-02, 3.18003E-03
1.12170E-08, 6.07003E-03, -2.802073E-02, 3.39080E-03
1.12420E-08, 2.90846E-03, -1.600677E-02, 3.54888E-03
1.12670E-08, 1.85461E-03, -6.62745E-03, 3.75965E-03
1.12920E-08, 2.7382E-04, -3.0432E-04, 4.12850E-03
1.13170E-08, 8.0075E-04, 2.33032E-03, 4.65543E-03
1.13420E-08, 1.32768E-03, 3.59495E-03, 5.23505E-03
1.13670E-08, 5.01618E-03, 4.85957E-03, 5.60390E-03
1.13920E-08, 1.344702E-02, 7.49421E-03, 5.76197E-03
1.14170E-08, 2.609329E-02, 1.423889E-02, 5.60390E-03
1.14420E-08, 4.137420E-02, 2.467206E-02, 5.28774E-03
1.14670E-08, 5.718204E-02, 3.816142E-02, 4.33927E-03
1.14920E-08, 6.930137E-02, 5.270462E-02, 3.39080E-03
1.15170E-08, 7.457066E-02, 6.545628E-02, 2.38964E-03
1.15420E-08, 7.035523E-02, 7.336020E-02, 1.65194E-03
1.15670E-08, 6.139746E-02, 7.473021E-02, 1.01962E-03
1.15920E-08, 4.611655E-02, 6.872323E-02, 8.0885E-04
1.16170E-08, 2.978179E-02, 5.639312E-02, 9.1424E-04
1.16420E-08, 1.871630E-02, 3.900450E-02, 1.33578E-03
1.16670E-08, 1.344702E-02, 1.971894E-02, 1.65194E-03
1.16920E-08, 1.555473E-02, 9.6031E-04, 1.86271E-03
1.17170E-08, 2.135094E-02, -1.558523E-02, 2.17887E-03
1.17420E-08, 2.767408E-02, -2.833688E-02, 2.28425E-03
1.17670E-08, 3.188950E-02, -3.750543E-02, 2.44233E-03
1.17920E-08, 3.030871E-02, -4.382856E-02, 2.65310E-03
1.18170E-08, 2.187787E-02, -4.783322E-02, 3.02195E-03
1.18420E-08, 7.65082E-03, -5.078401E-02, 3.54888E-03
1.18670E-08, -7.10317E-03, -5.289172E-02, 4.02311E-03
1.18920E-08, -2.027636E-02, -5.478866E-02, 4.18119E-03
1.19170E-08, -2.712642E-02, -5.615867E-02, 4.02311E-03
1.19420E-08, -2.818028E-02, -5.700176E-02, 3.28541E-03
1.19670E-08, -1.974943E-02, -5.668560E-02, 1.91540E-03
1.19920E-08, -5.52238E-03, -5.531559E-02, 2.8192E-04
1.20170E-08, 1.081238E-02, -5.225941E-02, -1.14078E-03
1.20420E-08, 2.872793E-02, -4.699013E-02, -2.30002E-03
1.20670E-08, 4.242805E-02, -3.919160E-02, -2.51079E-03
1.20920E-08, 4.822426E-02, -2.907458E-02, -1.82579E-03
1.21170E-08, 4.611655E-02, -1.642831E-02, -2.4500E-04
1.21420E-08, 3.452414E-02, -2.41203E-03, 1.86271E-03
1.21670E-08, 1.713552E-02, 1.170964E-02, 3.81234E-03
1.21920E-08, -2.36081E-03, 2.488283E-02, 5.18235E-03
1.22170E-08, -2.291100E-02, 3.563216E-02, 5.39313E-03
1.22420E-08, -3.766498E-02, 4.311454E-02, 4.65543E-03
1.22670E-08, -4.346119E-02, 4.659226E-02, 2.91656E-03
1.22920E-08, -4.082655E-02, 4.711919E-02, 6.5077E-04
1.23170E-08, -3.081492E-02, 4.553840E-02, -1.45694E-03
1.23420E-08, -1.711480E-02, 4.311454E-02, -2.93234E-03
1.23670E-08, -2.5310E-04, 4.058528E-02, -3.72273E-03
1.23920E-08, 1.186624E-02, 3.795064E-02, -3.77542E-03
1.24170E-08, 1.924323E-02, 3.521062E-02, -3.14311E-03
1.24420E-08, 2.135094E-02, 3.162751E-02, -2.24733E-03
1.24670E-08, 2.187787E-02, 2.572592E-02, -1.35155E-03
1.24920E-08, 2.135094E-02, 1.718969E-02, -5.6116E-04
1.25170E-08, 1.924323E-02, 5.70266E-03, 2.8192E-04
1.25420E-08, 1.818937E-02, -7.99747E-03, 1.28309E-03
1.25670E-08, 1.713552E-02, -2.296222E-02, 2.49502E-03
1.25920E-08, 1.186624E-02, -3.729466E-02, 4.12850E-03
1.26170E-08, 3.43539E-03, -4.983554E-02, 6.02544E-03
1.26420E-08, -6.57624E-03, -5.953101E-02, 7.76430E-03
1.26670E-08, -1.606094E-02, -6.511645E-02, 9.18701E-03
1.26920E-08, -2.238407E-02, -6.711877E-02, 9.71393E-03
1.27170E-08, -2.343793E-02, -6.522183E-02, 9.34508E-03
1.27420E-08, -1.869558E-02, -5.974178E-02, 8.13315E-03
1.27670E-08, -6.57624E-03, -5.099478E-02, 6.02544E-03
1.27920E-08, 5.54310E-03, -3.887544E-02, 3.75965E-03
1.28170E-08, 1.502781E-02, -2.391069E-02, 1.54655E-03
1.28420E-08, 1.555473E-02, -6.83823E-03, 1.846E-05
1.28670E-08, 1.239317E-02, 1.118271E-02, -7.7193E-04
1.28920E-08, 3.96232E-03, 2.825517E-02, -7.1924E-04
1.29170E-08, -6.04931E-03, 4.237684E-02, 1.2385E-04
1.29420E-08, -1.342630E-02, 5.165077E-02, 1.54655E-03
1.29670E-08, -1.395323E-02, 5.523388E-02, 2.86387E-03
1.29920E-08, -8.15702E-03, 5.186154E-02, 3.81234E-03
1.30170E-08, 2.7382E-04, 4.248222E-02, 4.18119E-03
1.30420E-08, 9.75853E-03, 2.930903E-02, 3.97042E-03
1.30670E-08, 1.608166E-02, 1.392273E-02, 3.12734E-03
1.30920E-08, 1.766245E-02, -5.1509E-04, 1.96809E-03
1.31170E-08, 1.397395E-02, -1.189673E-02, 5.9808E-04
1.31420E-08, 7.12389E-03, -1.832525E-02, -6.6655E-04
1.31670E-08, -2.5310E-04, -1.958988E-02, -1.56232E-03
1.31920E-08, -3.94160E-03, -1.569061E-02, -1.98386E-03
1.32170E-08, -3.41467E-03, -8.62978E-03, -1.77309E-03
1.32420E-08, -2.5310E-04, -4.0971E-04, -1.03539E-03
1.32670E-08, 8.17774E-03, 7.07267E-03, 2.2923E-04
1.32920E-08, 1.713552E-02, 1.234195E-02, 1.81002E-03
1.33170E-08, 2.662022E-02, 1.413350E-02, 3.65426E-03
1.33420E-08, 3.505107E-02, 1.265811E-02, 5.55120E-03
1.33670E-08, 4.032034E-02, 8.75884E-03, 6.76314E-03
1.33920E-08, 4.242805E-02, 3.70033E-03, 7.13199E-03
1.34170E-08, 4.295498E-02, -1.56895E-03, 6.44698E-03
1.34420E-08, 3.873956E-02, -5.99514E-03, 4.76081E-03
1.34670E-08, 3.505107E-02, -8.52439E-03, 2.28425E-03
1.34920E-08, 3.030871E-02, -9.89441E-03, -5.6116E-04
1.35170E-08, 2.609329E-02, -1.052672E-02, -3.03772E-03
1.35420E-08, 2.345865E-02, -1.168596E-02, -4.61850E-03
1.35670E-08, 2.451251E-02, -1.421522E-02, -4.98735E-03
1.35920E-08, 2.609329E-02, -1.916834E-02, -4.24965E-03
1.36170E-08, 2.978179E-02, -2.654533E-02, -2.66887E-03
1.36420E-08, 3.399721E-02, -3.571387E-02, -8.7732E-04
1.36670E-08, 3.821263E-02, -4.551473E-02, 6.5077E-04
1.36920E-08, 4.242805E-02, -5.436712E-02, 1.49386E-03
1.37170E-08, 4.506269E-02, -6.026871E-02, 1.65194E-03
1.37420E-08, 4.927812E-02, -6.132257E-02, 1.49386E-03
1.37670E-08, 5.402047E-02, -5.658022E-02, 1.01962E-03
1.37920E-08, 5.928975E-02, -4.656859E-02, 9.1424E-04
1.38170E-08, 6.245131E-02, -3.097152E-02, 1.17770E-03
1.38420E-08, 6.034360E-02, -1.158058E-02, 1.65194E-03
1.38670E-08, 5.665511E-02, 1.012885E-02, 2.12617E-03
1.38920E-08, 4.769734E-02, 3.236521E-02, 2.12617E-03
1.39170E-08, 3.399721E-02, 5.333694E-02, 1.91540E-03
1.39420E-08, 1.924323E-02, 7.114710E-02, 9.1424E-04
1.39670E-08, 6.59696E-03, 8.474184E-02, -5.6116E-04
1.39920E-08, -2.88774E-03, 9.306730E-02, -1.93117E-03
1.40170E-08, -6.57624E-03, 9.517501E-02, -2.77426E-03
1.40420E-08, -6.57624E-03, 9.064343E-02, -3.03772E-03
1.40670E-08, -2.88774E-03, 7.936718E-02, -2.45810E-03
1.40920E-08, 1.32768E-03, 6.176778E-02, -1.24617E-03
1.41170E-08, 5.54310E-03, 3.984758E-02, 1.2385E-04
1.41420E-08, 8.17774E-03, 1.518736E-02, 1.38847E-03
1.41670E-08, 9.75853E-03, -9.26209E-03, 2.23156E-03
1.41920E-08, 9.23160E-03, -3.139307E-02, 2.33694E-03
1.42170E-08, 1.081238E-02, -4.909784E-02, 1.91540E-03
1.42420E-08, 8.70467E-03, -6.195488E-02, 1.17770E-03
1.42670E-08, 1.081238E-02, -6.964803E-02, 3.8731E-04
1.42920E-08, 1.133931E-02, -7.365268E-02, -4.0308E-04
1.43170E-08, 1.292009E-02, -7.544424E-02, -8.2462E-04
1.43420E-08, 1.292009E-02, -7.628732E-02, -1.19347E-03
1.43670E-08, 1.660859E-02, -7.639270E-02, -1.50963E-03
1.43920E-08, 2.082401E-02, -7.586578E-02, -1.66771E-03
1.44170E-08, 2.503943E-02, -7.323114E-02, -1.61502E-03
1.44420E-08, 2.925486E-02, -6.680262E-02, -1.45694E-03
1.44670E-08, 3.294335E-02, -5.563175E-02, -9.3001E-04
1.44920E-08, 3.241643E-02, -3.898083E-02, -2.9770E-04
1.45170E-08, 2.714715E-02, -1.716601E-02, 8.0885E-04
1.45420E-08, 1.660859E-02, 7.17806E-03, 1.81002E-03
1.45670E-08, 5.01618E-03, 3.236521E-02, 2.54771E-03
1.45920E-08, -7.63009E-03, 5.491772E-02, 2.86387E-03
1.46170E-08, -1.658787E-02, 7.241172E-02, 2.81118E-03
1.46420E-08, -1.922251E-02, 8.252874E-02, 2.33694E-03
1.46670E-08, -1.395323E-02, 8.463645E-02, 1.59924E-03
1.46920E-08, -1.30696E-03, 7.947256E-02, 1.12501E-03
1.47170E-08, 1.608166E-02, 6.777476E-02, 1.01962E-03
1.47420E-08, 3.294335E-02, 5.249385E-02, 1.17770E-03
1.47670E-08, 4.769734E-02, 3.552677E-02, 1.75732E-03
1.47920E-08, 5.665511E-02, 1.929740E-02, 2.54771E-03
1.48170E-08, 5.981667E-02, 5.38650E-03, 3.28541E-03
1.48420E-08, 5.823589E-02, -4.41436E-03, 3.75965E-03
1.48670E-08, 5.191276E-02, -1.094826E-02, 3.91773E-03
1.48920E-08, 4.506269E-02, -1.410983E-02, 3.65426E-03
1.49170E-08, 3.663185E-02, -1.495291E-02, 3.39080E-03
1.49420E-08, 2.820100E-02, -1.421522E-02, 3.23272E-03
1.49670E-08, 2.187787E-02, -1.273982E-02, 2.96926E-03
1.49920E-08, 1.660859E-02, -1.136981E-02, 2.96926E-03
1.50170E-08, 1.081238E-02, -1.021056E-02, 2.81118E-03
1.50420E-08, 3.96232E-03, -9.15671E-03, 2.38964E-03
1.50670E-08, -1.30696E-03, -8.31362E-03, 1.70463E-03
1.50920E-08, -8.15702E-03, -7.15438E-03, 9.1424E-04
1.51170E-08, -1.395323E-02, -6.52207E-03, 1.846E-05
1.51420E-08, -1.658787E-02, -6.41668E-03, -8.2462E-04
1.51670E-08, -1.448016E-02, -6.10053E-03, -1.29886E-03
1.51920E-08, -6.04931E-03, -5.99514E-03, -1.45694E-03
1.52170E-08, 6.07003E-03, -6.20591E-03, -1.14078E-03
1.52420E-08, 2.240480E-02, -6.73284E-03, -6.6655E-04
1.52670E-08, 4.137420E-02, -7.04900E-03, 1.2385E-04
1.52920E-08, 5.665511E-02, -7.25977E-03, 7.0347E-04
1.53170E-08, 6.666674E-02, -7.89208E-03, 1.44117E-03
1.53420E-08, 6.561288E-02, -8.31362E-03, 2.07348E-03
1.53670E-08, 5.770896E-02, -8.52439E-03, 2.44233E-03
1.53920E-08, 4.295498E-02, -8.41901E-03, 2.49502E-03
1.54170E-08, 2.240480E-02, -7.04900E-03, 2.44233E-03
1.54420E-08, 3.96232E-03, -3.67666E-03, 2.28425E-03
1.54670E-08, -9.21088E-03, 1.69801E-03, 1.86271E-03
1.54920E-08, -1.606094E-02, 8.44268E-03, 1.17770E-03
1.55170E-08, -1.711480E-02, 1.624122E-02, 4.9270E-04
1.55420E-08, -1.289937E-02, 2.403975E-02, -8.692E-05
1.55670E-08, -6.57624E-03, 2.973057E-02, -5.6116E-04
1.55920E-08, 8.0075E-04, 3.268136E-02, -8.7732E-04
1.56170E-08, 3.96232E-03, 3.173289E-02, -8.2462E-04
1.56420E-08, 6.59696E-03, 2.730670E-02, -5.0847E-04
1.56670E-08, 7.12389E-03, 1.950817E-02, 1.846E-05
1.56920E-08, 6.59696E-03, 9.70731E-03, 7.0347E-04
1.57170E-08, 5.01618E-03, -5.1509E-04, 1.65194E-03
1.57420E-08, 2.38154E-03, -1.010518E-02, 2.44233E-03
1.57670E-08, 8.0075E-04, -1.769294E-02, 2.81118E-03
1.57920E-08, -4.46853E-03, -2.264606E-02, 2.81118E-03
1.58170E-08, -1.131859E-02, -2.464839E-02, 2.38964E-03
1.58420E-08, -1.922251E-02, -2.401607E-02, 1.38847E-03
1.58670E-08, -2.501871E-02, -2.106528E-02, 7.115E-05
1.58920E-08, -2.554564E-02, -1.611216E-02, -1.29886E-03
1.59170E-08, -2.238407E-02, -1.021056E-02, -2.35271E-03
1.59420E-08, -1.448016E-02, -3.88743E-03, -2.82695E-03
1.59670E-08, -2.88774E-03, 2.43570E-03, -2.77426E-03
1.59920E-08, 1.081238E-02, 7.91575E-03, -2.40541E-03
1.60170E-08, 2.029708E-02, 1.192041E-02, -1.56232E-03
1.60420E-08, 2.609329E-02, 1.413350E-02, -1.03539E-03
1.60670E-08, 2.345865E-02, 1.392273E-02, -7.7193E-04
1.60920E-08, 1.766245E-02, 1.181502E-02, -9.8270E-04
1.61170E-08, 7.65082E-03, 8.02114E-03, -1.29886E-03
1.61420E-08, -1.83389E-03, 2.54109E-03, -1.45694E-03
1.61670E-08, -7.63009E-03, -3.67666E-03, -1.19347E-03
1.61920E-08, -9.21088E-03, -9.68364E-03, -6.1385E-04
1.62170E-08, -9.21088E-03, -1.547984E-02, 6.5077E-04
1.62420E-08, -6.04931E-03, -1.916834E-02, 1.86271E-03
1.62670E-08, -3.41467E-03, -2.095989E-02, 2.86387E-03
1.62920E-08, -3.41467E-03, -2.022219E-02, 3.23272E-03
1.63170E-08, -1.026473E-02, -1.706063E-02, 3.12734E-03
1.63420E-08, -2.133022E-02, -1.147519E-02, 2.17887E-03
1.63670E-08, -3.239570E-02, -4.51974E-03, 8.6155E-04
1.63920E-08, -4.504197E-02, 2.96263E-03, -4.0308E-04
1.64170E-08, -5.294589E-02, 9.81269E-03, -1.19347E-03
1.64420E-08, -5.294589E-02, 1.497659E-02, -1.66771E-03
1.64670E-08, -4.398812E-02, 1.761123E-02, -1.72040E-03
1.64920E-08, -2.923414E-02, 1.750584E-02, -1.66771E-03
1.65170E-08, -8.68395E-03, 1.518736E-02, -1.82579E-03
1.65420E-08, 1.186624E-02, 1.192041E-02, -2.24733E-03
1.65670E-08, 2.978179E-02, 8.86422E-03, -3.03772E-03
1.65920E-08, 4.137420E-02, 7.91575E-03, -3.77542E-03
1.66170E-08, 4.453577E-02, 9.18038E-03, -4.19696E-03
1.66420E-08, 4.137420E-02, 1.276349E-02, -3.98619E-03
1.66670E-08, 3.452414E-02, 1.803277E-02, -3.09041E-03
1.66920E-08, 2.503943E-02, 2.361820E-02, -1.77309E-03
1.67170E-08, 1.502781E-02, 2.741208E-02, -1.3962E-04
1.67420E-08, 9.23160E-03, 2.772824E-02, 1.33578E-03
1.67670E-08, 5.54310E-03, 2.351282E-02, 2.17887E-03
1.67920E-08, 3.96232E-03, 1.508197E-02, 2.49502E-03
1.68170E-08, 1.85461E-03, 2.75186E-03, 2.17887E-03
1.68420E-08, 8.0075E-04, -1.126442E-02, 1.59924E-03
1.68670E-08, 2.7382E-04, -2.496454E-02, 1.01962E-03
1.68920E-08, 8.0075E-04, -3.655696E-02, 5.9808E-04
1.69170E-08, 1.85461E-03, -4.393395E-02, 7.0347E-04
1.69420E-08, 5.54310E-03, -4.604166E-02, 1.07232E-03
1.69670E-08, 8.70467E-03, -4.298548E-02, 1.65194E-03
1.69920E-08, 1.133931E-02, -3.571387E-02, 2.12617E-03
1.70170E-08, 1.239317E-02, -2.528070E-02, 2.44233E-03
1.70420E-08, 8.70467E-03, -1.389906E-02, 2.75849E-03
1.70670E-08, 8.0075E-04, -2.83357E-03, 2.91656E-03
1.70920E-08, -9.21088E-03, 6.33497E-03, 2.91656E-03
1.71170E-08, -1.922251E-02, 1.223656E-02, 3.33811E-03
1.71420E-08, -2.712642E-02, 1.455505E-02, 3.97042E-03
1.71670E-08, -3.134185E-02, 1.371196E-02, 4.65543E-03
1.71920E-08, -3.028799E-02, 1.023424E-02, 5.55120E-03
1.72170E-08, -2.765335E-02, 5.17573E-03, 6.23621E-03
1.72420E-08, -2.554564E-02, -9.355E-05, 6.92122E-03
1.72670E-08, -2.449179E-02, -4.30897E-03, 6.97391E-03
1.72920E-08, -2.712642E-02, -6.62745E-03, 6.55237E-03
1.73170E-08, -3.239570E-02, -6.31130E-03, 5.65659E-03
1.73420E-08, -3.977269E-02, -3.78204E-03, 4.33927E-03
1.73670E-08, -4.504197E-02, 1.27646E-03, 2.75849E-03
1.73920E-08, -4.609583E-02, 8.02114E-03, 1.23040E-03
1.74170E-08, -4.451504E-02, 1.539813E-02, -3.423E-05
1.74420E-08, -3.871884E-02, 2.214281E-02, -8.7732E-04
1.74670E-08, -3.186877E-02, 2.751747E-02, -1.19347E-03
1.74920E-08, -2.765335E-02, 3.067904E-02, -9.8270E-04
1.75170E-08, -2.818028E-02, 3.078442E-02, -1.9231E-04
1.75420E-08, -3.134185E-02, 2.772824E-02, 8.6155E-04
1.75670E-08, -3.713806E-02, 2.151049E-02, 1.81002E-03
1.75920E-08, -4.135348E-02, 1.265811E-02, 2.81118E-03
1.76170E-08, -4.240733E-02, 2.33032E-03, 3.60157E-03
1.76420E-08, -3.713806E-02, -8.20824E-03, 4.07581E-03
1.76670E-08, -2.396486E-02, -1.779833E-02, 4.28658E-03
1.76920E-08, -7.10317E-03, -2.506993E-02, 4.12850E-03
1.77170E-08, 1.186624E-02, -2.928535E-02, 3.86503E-03
1.77420E-08, 2.767408E-02, -3.086614E-02, 3.18003E-03
1.77670E-08, 4.084727E-02, -2.981228E-02, 2.33694E-03
1.77920E-08, 4.664348E-02, -2.665071E-02, 1.28309E-03
1.78170E-08, 4.506269E-02, -2.369992E-02, 2.8192E-04
1.78420E-08, 3.873956E-02, -2.127605E-02, -2.9770E-04
1.78670E-08, 3.083564E-02, -2.053835E-02, -9.3001E-04
1.78920E-08, 2.082401E-02, -2.138143E-02, -1.03539E-03
1.79170E-08, 1.186624E-02, -2.338376E-02, -8.7732E-04
1.79420E-08, 1.85461E-03, -2.454300E-02, -2.4500E-04
1.79670E-08, -8.15702E-03, -2.433223E-02, 4.9270E-04
1.79920E-08, -1.711480E-02, -2.127605E-02, 1.38847E-03
1.80170E-08, -2.818028E-02, -1.537446E-02, 2.07348E-03
1.80420E-08, -3.977269E-02, -6.52207E-03, 2.65310E-03
1.80670E-08, -4.714968E-02, 3.80572E-03, 2.81118E-03
1.80920E-08, -4.978433E-02, 1.402812E-02, 2.54771E-03
1.81170E-08, -4.609583E-02, 2.182665E-02, 2.17887E-03
1.81420E-08, -3.871884E-02, 2.646361E-02, 1.59924E-03
1.81670E-08, -2.765335E-02, 2.667439E-02, 1.01962E-03
1.81920E-08, -1.711480E-02, 2.298589E-02, 7.0347E-04
1.82170E-08, -1.131859E-02, 1.624122E-02, 1.01962E-03
1.82420E-08, -1.131859E-02, 8.23191E-03, 1.38847E-03
1.82670E-08, -1.658787E-02, -9.355E-05, 1.91540E-03
1.82920E-08, -2.501871E-02, -6.83823E-03, 2.44233E-03
1.83170E-08, -3.186877E-02, -1.147519E-02, 2.86387E-03
1.83420E-08, -3.503034E-02, -1.358290E-02, 2.81118E-03
1.83670E-08, -2.976106E-02, -1.252905E-02, 2.17887E-03
1.83920E-08, -2.027636E-02, -8.62978E-03, 1.38847E-03
1.84170E-08, -8.15702E-03, -2.62280E-03, 4.9270E-04
1.84420E-08, 3.43539E-03, 5.59727E-03, -3.5039E-04
1.84670E-08, 9.23160E-03, 1.487120E-02, -8.2462E-04
1.84920E-08, 5.54310E-03, 2.382898E-02, -9.8270E-04
1.85170E-08, -6.04931E-03, 3.131135E-02, -5.6116E-04
1.85420E-08, -2.501871E-02, 3.573754E-02, 3.8731E-04
1.85670E-08, -4.609583E-02, 3.647524E-02, 1.38847E-03
1.85920E-08, -6.401137E-02, 3.215444E-02, 2.54771E-03
1.86170E-08, -7.823843E-02, 2.319666E-02, 3.44349E-03
1.86420E-08, -8.087306E-02, 1.055039E-02, 4.02311E-03
1.86670E-08, -7.402301E-02, -4.62513E-03, 3.97042E-03
1.86920E-08, -6.137674E-02, -2.032758E-02, 3.33811E-03
1.87170E-08, -4.398812E-02, -3.539772E-02, 2.23156E-03
1.87420E-08, -2.396486E-02, -4.804398E-02, 8.6155E-04
1.87670E-08, -8.68395E-03, -5.710714E-02, -5.6116E-04
1.87920E-08, 4.48925E-03, -6.153334E-02, -1.72040E-03
1.88170E-08, 9.75853E-03, -6.132257E-02, -2.30002E-03
1.88420E-08, 1.028545E-02, -5.615867E-02, -2.19464E-03
1.88670E-08, 6.07003E-03, -4.656859E-02, -1.56232E-03
1.88920E-08, -7.8003E-04, -3.286846E-02, -6.6655E-04
1.89170E-08, -1.079166E-02, -1.663908E-02, 3.3462E-04
1.89420E-08, -1.974943E-02, 5.3876E-04, 1.38847E-03
1.89670E-08, -2.818028E-02, 1.687353E-02, 1.96809E-03
1.89920E-08, -3.344956E-02, 3.057365E-02, 2.28425E-03
1.90170E-08, -3.713806E-02, 4.005836E-02, 2.49502E-03
1.90420E-08, -3.819191E-02, 4.437916E-02, 2.49502E-03
1.90670E-08, -3.450342E-02, 4.343069E-02, 2.33694E-03
1.90920E-08, -2.923414E-02, 3.784526E-02, 2.02079E-03
1.91170E-08, -2.291100E-02, 2.867671E-02, 1.59924E-03
1.91420E-08, -1.500708E-02, 1.761123E-02, 1.01962E-03
1.91670E-08, -7.10317E-03, 5.70266E-03, 5.4539E-04
1.91920E-08, 2.7382E-04, -6.31130E-03, 2.8192E-04
1.92170E-08, 6.07003E-03, -1.758755E-02, 3.3462E-04
1.92420E-08, 1.081238E-02, -2.749380E-02, 4.9270E-04
1.92670E-08, 1.028545E-02, -3.571387E-02, 6.5077E-04
1.92920E-08, 8.17774E-03, -4.193162E-02, 8.0885E-04
1.93170E-08, 1.32768E-03, -4.530396E-02, 5.9808E-04
1.93420E-08, -7.63009E-03, -4.519857E-02, -8.692E-05
1.93670E-08, -1.553401E-02, -4.161546E-02, -8.7732E-04
1.93920E-08, -2.238407E-02, -3.444925E-02, -1.56232E-03
1.94170E-08, -2.396486E-02, -2.475377E-02, -1.50963E-03
1.94420E-08, -2.238407E-02, -1.242366E-02, -6.6655E-04
1.94670E-08, -1.711480E-02, 5.3876E-04, 8.6155E-04
1.94920E-08, -9.73780E-03, 1.286888E-02, 2.75849E-03
1.95170E-08, -5.52238E-03, 2.435590E-02, 4.44466E-03
1.95420E-08, -4.99545E-03, 3.352445E-02, 5.18235E-03
1.95670E-08, -7.63009E-03, 4.005836E-02, 4.97158E-03
1.95920E-08, -1.342630E-02, 4.353608E-02, 3.65426E-03
1.96170E-08, -2.291100E-02, 4.321992E-02, 1.86271E-03
1.96420E-08, -2.870721E-02, 3.942604E-02, 1.2385E-04
1.96670E-08, -3.450342E-02, 3.194366E-02, -1.08809E-03
1.96920E-08, -3.713806E-02, 2.140511E-02, -1.29886E-03
1.97170E-08, -3.977269E-02, 8.12653E-03, -7.1924E-04
1.97420E-08, -4.188041E-02, -6.31130E-03, 2.2923E-04
1.97670E-08, -4.556890E-02, -2.053835E-02, 9.1424E-04
1.97920E-08, -5.136511E-02, -3.339539E-02, 9.6693E-04
1.98170E-08, -5.663439E-02, -4.340702E-02, 2.2923E-04
1.98420E-08, -6.243059E-02, -4.983554E-02, -9.8270E-04
1.98670E-08, -6.243059E-02, -5.268095E-02, -2.24733E-03
1.98920E-08, -5.716131E-02, -5.152171E-02, -3.14311E-03
1.99170E-08, -4.714968E-02, -4.688475E-02, -3.14311E-03
1.99420E-08, -3.608420E-02, -3.898083E-02, -2.30002E-03
1.99670E-08, -2.133022E-02, -2.812611E-02, -8.7732E-04
1.99920E-08, -1.026473E-02, -1.453137E-02, 4.9270E-04
2.00170E-08, -2.36081E-03, 8.5492E-04, 1.81002E-03
2.00420E-08, 2.38154E-03, 1.655737E-02, 2.33694E-03
2.00670E-08, 1.32768E-03, 3.141674E-02, 2.44233E-03
2.00920E-08, -3.94160E-03, 4.353608E-02, 2.17887E-03
2.01170E-08, -1.289937E-02, 5.070230E-02, 2.12617E-03
2.01420E-08, -2.343793E-02, 5.228308E-02, 2.23156E-03
2.01670E-08, -3.555727E-02, 4.775150E-02, 2.38964E-03
2.01920E-08, -4.556890E-02, 3.742371E-02, 2.65310E-03
2.02170E-08, -5.294589E-02, 2.330205E-02, 2.70579E-03
2.02420E-08, -5.716131E-02, 7.07267E-03, 2.23156E-03
2.02670E-08, -5.821517E-02, -8.84055E-03, 1.28309E-03
2.02920E-08, -5.452668E-02, -2.317299E-02, -1.3962E-04
2.03170E-08, -4.925739E-02, -3.455463E-02, -1.08809E-03
2.03420E-08, -4.240733E-02, -4.245855E-02, -1.50963E-03
2.03670E-08, -3.819191E-02, -4.677936E-02, -1.19347E-03
2.03920E-08, -3.766498E-02, -4.783322E-02, 1.2385E-04
2.04170E-08, -4.082655E-02, -4.583089E-02, 2.02079E-03
2.04420E-08, -4.767661E-02, -4.151008E-02, 3.97042E-03
2.04670E-08, -5.241896E-02, -3.476540E-02, 5.44582E-03
2.04920E-08, -5.294589E-02, -2.643994E-02, 6.34160E-03
2.05170E-08, -4.767661E-02, -1.674447E-02, 6.18352E-03
2.05420E-08, -3.713806E-02, -6.41668E-03, 5.44582E-03
2.05670E-08, -2.238407E-02, 3.70033E-03, 4.07581E-03
2.05920E-08, -6.04931E-03, 1.307965E-02, 2.96926E-03
2.06170E-08, 6.07003E-03, 2.108895E-02, 2.28425E-03
2.06420E-08, 9.75853E-03, 2.677977E-02, 1.96809E-03
2.06670E-08, 6.07003E-03, 3.036288E-02, 2.33694E-03
2.06920E-08, -2.88774E-03, 3.120597E-02, 2.86387E-03
2.07170E-08, -1.448016E-02, 2.994134E-02, 3.65426E-03
2.07420E-08, -2.659950E-02, 2.583130E-02, 4.07581E-03
2.07670E-08, -3.134185E-02, 2.003510E-02, 4.18119E-03
2.07920E-08, -3.081492E-02, 1.255272E-02, 3.75965E-03
2.08170E-08, -2.659950E-02, 4.43803E-03, 3.07464E-03
2.08420E-08, -2.027636E-02, -3.36050E-03, 2.49502E-03
2.08670E-08, -1.606094E-02, -1.031595E-02, 2.02079E-03
2.08920E-08, -1.764172E-02, -1.495291E-02, 2.12617E-03
2.09170E-08, -2.501871E-02, -1.727140E-02, 2.75849E-03
2.09420E-08, -3.766498E-02, -1.684985E-02, 3.86503E-03
2.09670E-08, -5.031125E-02, -1.453137E-02, 4.76081E-03
2.09920E-08, -6.137674E-02, -1.031595E-02, 5.28774E-03
2.10170E-08, -6.506523E-02, -5.25744E-03, 5.02428E-03
2.10420E-08, -6.295752E-02, -1.9893E-04, 3.91773E-03
2.10670E-08, -5.452668E-02, 4.12187E-03, 2.17887E-03
2.10920E-08, -3.977269E-02, 7.17806E-03, 3.3462E-04
2.11170E-08, -2.554564E-02, 8.44268E-03, -1.19347E-03
2.11420E-08, -1.395323E-02, 8.44268E-03, -1.72040E-03
2.11670E-08, -8.15702E-03, 7.28344E-03, -1.29886E-03
2.11920E-08, -7.10317E-03, 4.75419E-03, 1.846E-05
2.12170E-08, -1.237244E-02, 1.69801E-03, 1.81002E-03
2.12420E-08, -1.816865E-02, -1.99049E-03, 3.33811E-03
2.12670E-08, -2.343793E-02, -5.67898E-03, 4.18119E-03
2.12920E-08, -2.396486E-02, -9.47286E-03, 4.18119E-03
2.13170E-08, -1.764172E-02, -1.337213E-02, 3.28541E-03
2.13420E-08, -5.52238E-03, -1.706063E-02, 1.91540E-03
2.13670E-08, 1.133931E-02, -2.064374E-02, 4.9270E-04
2.13920E-08, 3.083564E-02, -2.327838E-02, -6.6655E-04
2.14170E-08, 4.558962E-02, -2.433223E-02, -1.24617E-03
2.14420E-08, 5.612818E-02, -2.359453E-02, -1.29886E-03
2.14670E-08, 5.770896E-02, -2.001142E-02, -8.7732E-04
2.14920E-08, 4.980505E-02, -1.368829E-02, -4.5577E-04
2.15170E-08, 3.399721E-02, -4.62513E-03, 1.2385E-04
2.15420E-08, 1.292009E-02, 6.44036E-03, 6.5077E-04
2.15670E-08, -1.131859E-02, 1.813816E-02, 9.1424E-04
2.15920E-08, -3.081492E-02, 2.899287E-02, 1.28309E-03
2.16170E-08, -4.504197E-02, 3.721295E-02, 1.54655E-03
2.16420E-08, -5.189203E-02, 4.132298E-02, 2.07348E-03
2.16670E-08, -4.767661E-02, 4.047990E-02, 2.91656E-03
2.16920E-08, -3.555727E-02, 3.499985E-02, 3.86503E-03
2.17170E-08, -2.133022E-02, 2.562053E-02, 5.12966E-03
2.17420E-08, -4.99545E-03, 1.339580E-02, 6.34160E-03
2.17670E-08, 8.17774E-03, -4.0971E-04, 7.44814E-03
2.17920E-08, 1.450088E-02, -1.358290E-02, 8.18584E-03
2.18170E-08, 1.186624E-02, -2.528070E-02, 8.55469E-03
2.18420E-08, 1.32768E-03, -3.455463E-02, 8.39661E-03
2.18670E-08, -1.500708E-02, -4.098315E-02, 7.44814E-03
2.18920E-08, -3.608420E-02, -4.425010E-02, 5.97275E-03
2.19170E-08, -5.558053E-02, -4.477703E-02, 4.12850E-03
2.19420E-08, -7.033451E-02, -4.203701E-02, 2.07348E-03
2.19670E-08, -7.876536E-02, -3.655696E-02, 1.846E-05
2.19920E-08, -7.823843E-02, -2.854765E-02, -1.66771E-03
2.20170E-08, -7.138836E-02, -1.864141E-02, -2.61618E-03
2.20420E-08, -5.979595E-02, -7.57592E-03, -2.72156E-03
2.20670E-08, -4.556890E-02, 3.91110E-03, -2.14194E-03
2.20920E-08, -3.186877E-02, 1.434427E-02, -7.7193E-04
2.21170E-08, -2.133022E-02, 2.277512E-02, 1.17770E-03
2.21420E-08, -1.237244E-02, 2.793901E-02, 3.28541E-03
2.21670E-08, -4.99545E-03, 2.951980E-02, 5.23505E-03
2.21920E-08, 2.90846E-03, 2.762286E-02, 6.76314E-03
2.22170E-08, 1.239317E-02, 2.245896E-02, 7.81699E-03
2.22420E-08, 2.345865E-02, 1.581967E-02, 7.97507E-03
2.22670E-08, 3.663185E-02, 8.65345E-03, 7.23737E-03
2.22920E-08, 4.980505E-02, 3.06802E-03, 6.18352E-03
2.23170E-08, 5.928975E-02, -1.9893E-04, 4.65543E-03
2.23420E-08, 6.403210E-02, -5.1509E-04, 3.23272E-03
2.23670E-08, 6.245131E-02, 1.90878E-03, 2.07348E-03
2.23920E-08, 5.296661E-02, 6.12420E-03, 1.54655E-03
2.24170E-08, 3.557799E-02, 1.139348E-02, 1.70463E-03
2.24420E-08, 1.239317E-02, 1.645199E-02, 2.12617E-03
2.24670E-08, -1.079166E-02, 2.003510E-02, 2.70579E-03
2.24920E-08, -3.450342E-02, 2.087818E-02, 2.96926E-03
2.25170E-08, -5.294589E-02, 1.919201E-02, 2.70579E-03
2.25420E-08, -6.559216E-02, 1.497659E-02, 1.91540E-03
2.25670E-08, -6.928065E-02, 8.75884E-03, 7.0347E-04
2.25920E-08, -6.453831E-02, 9.6031E-04, -7.1924E-04
2.26170E-08, -5.610746E-02, -7.68131E-03, -1.87848E-03
2.26420E-08, -4.293426E-02, -1.632293E-02, -2.35271E-03
2.26670E-08, -2.976106E-02, -2.422685E-02, -2.19464E-03
2.26920E-08, -2.080329E-02, -3.139307E-02, -1.19347E-03
2.27170E-08, -1.922251E-02, -3.761081E-02, 2.2923E-04
2.27420E-08, -2.238407E-02, -4.214239E-02, 1.65194E-03
2.27670E-08, -2.870721E-02, -4.467165E-02, 2.81118E-03
2.27920E-08, -3.503034E-02, -4.467165E-02, 3.33811E-03
2.28170E-08, -3.819191E-02, -4.140469E-02, 3.44349E-03
2.28420E-08, -3.555727E-02, -3.476540E-02, 2.96926E-03
2.28670E-08, -2.607257E-02, -2.517532E-02, 2.38964E-03
2.28920E-08, -1.131859E-02, -1.189673E-02, 1.96809E-03
2.29170E-08, 3.43539E-03, 3.38418E-03, 2.17887E-03
2.29420E-08, 1.924323E-02, 1.950817E-02, 2.81118E-03
2.29670E-08, 2.978179E-02, 3.415676E-02, 3.86503E-03
2.29920E-08, 3.610492E-02, 4.617072E-02, 4.81350E-03
2.30170E-08, 3.821263E-02, 5.344232E-02, 5.44582E-03
2.30420E-08, 3.821263E-02, 5.544465E-02, 5.44582E-03
2.30670E-08, 3.821263E-02, 5.175615E-02, 4.81350E-03
2.30920E-08, 3.979342E-02, 4.290377E-02, 3.65426E-03
2.31170E-08, 3.979342E-02, 3.025750E-02, 2.38964E-03
2.31420E-08, 3.979342E-02, 1.581967E-02, 1.54655E-03
2.31670E-08, 3.663185E-02, 1.90878E-03, 1.12501E-03
2.31920E-08, 2.714715E-02, -1.136981E-02, 1.54655E-03
2.32170E-08, 1.450088E-02, -2.211913E-02, 2.60041E-03
2.32420E-08, -1.30696E-03, -3.044459E-02, 3.97042E-03
2.32670E-08, -1.606094E-02, -3.624080E-02, 5.28774E-03
2.32920E-08, -2.712642E-02, -4.087777E-02, 6.23621E-03
2.33170E-08, -2.923414E-02, -4.477703E-02, 6.49967E-03
2.33420E-08, -2.554564E-02, -4.836014E-02, 6.13082E-03
2.33670E-08, -1.553401E-02, -5.173248E-02, 5.28774E-03
2.33920E-08, -3.41467E-03, -5.394558E-02, 4.28658E-03
2.34170E-08, 6.59696E-03, -5.405096E-02, 3.49618E-03
2.34420E-08, 1.133931E-02, -5.046785E-02, 3.02195E-03
2.34670E-08, 9.23160E-03, -4.182624E-02, 3.07464E-03
2.34920E-08, 1.32768E-03, -2.686149E-02, 3.39080E-03
2.35170E-08, -1.131859E-02, -5.99514E-03, 3.86503E-03
2.35420E-08, -2.291100E-02, 1.919201E-02, 4.07581E-03
2.35670E-08, -2.976106E-02, 4.606533E-02, 4.12850E-03
2.35920E-08, -3.028799E-02, 7.146326E-02, 3.91773E-03
2.36170E-08, -2.396486E-02, 9.211883E-02, 3.75965E-03
2.36420E-08, -1.448016E-02, 1.0508125E-01, 3.91773E-03
2.36670E-08, -1.83389E-03, 1.0845359E-01, 4.55004E-03
2.36920E-08, 7.12389E-03, 1.0107660E-01, 5.92005E-03
2.37170E-08, 9.23160E-03, 8.421491E-02, 7.60622E-03
2.37420E-08, 7.12389E-03, 5.987084E-02, 9.39778E-03
2.37670E-08, 2.7382E-04, 3.046827E-02, 1.050433E-02
2.37920E-08, -7.10317E-03, -1.25279E-03, 1.097856E-02
2.38170E-08, -1.448016E-02, -3.234154E-02, 1.055702E-02
2.38420E-08, -1.553401E-02, -5.974178E-02, 9.23970E-03
2.38670E-08, -1.237244E-02, -8.208352E-02, 7.44814E-03
2.38920E-08, -3.41467E-03, -9.704828E-02, 6.02544E-03
2.39170E-08, 5.54310E-03, -1.0431989E-01, 5.49851E-03
2.39420E-08, 1.239317E-02, -1.0410911E-01, 5.92005E-03
2.39670E-08, 1.344702E-02, -9.673212E-02, 7.39545E-03
2.39920E-08, 8.17774E-03, -8.366431E-02, 9.60855E-03
2.40170E-08, -4.46853E-03, -6.648646E-02, 1.176895E-02
2.40420E-08, -1.922251E-02, -4.656859E-02, 1.324435E-02
2.40670E-08, -3.344956E-02, -2.591302E-02, 1.366589E-02
2.40920E-08, -4.240733E-02, -4.83590E-03, 1.298089E-02
2.41170E-08, -4.346119E-02, 1.560890E-02, 1.166357E-02
2.41420E-08, -3.555727E-02, 3.499985E-02, 1.034625E-02
2.41670E-08, -1.922251E-02, 5.333694E-02, 9.45047E-03
2.41920E-08, 2.7382E-04, 6.861784E-02, 9.71393E-03
2.42170E-08, 1.924323E-02, 7.999948E-02, 1.103125E-02
2.42420E-08, 3.452414E-02, 8.579569E-02, 1.303358E-02
2.42670E-08, 4.084727E-02, 8.495261E-02, 1.514129E-02
2.42920E-08, 3.663185E-02, 7.620560E-02, 1.677477E-02
2.43170E-08, 2.451251E-02, 5.966007E-02, 1.745977E-02
2.43420E-08, 3.43539E-03, 3.731833E-02, 1.714362E-02
2.43670E-08, -1.922251E-02, 1.139348E-02, 1.614245E-02
2.43920E-08, -4.240733E-02, -1.505830E-02, 1.487783E-02
2.44170E-08, -6.295752E-02, -3.887544E-02, 1.392936E-02
2.44420E-08, -7.507686E-02, -5.679099E-02, 1.334974E-02
2.44670E-08, -7.981921E-02, -6.754032E-02, 1.345512E-02
2.44920E-08, -7.718457E-02, -6.964803E-02, 1.382397E-02
2.45170E-08, -6.875373E-02, -6.364105E-02, 1.429821E-02
2.45420E-08, -5.768824E-02, -5.004631E-02, 1.456167E-02
2.45670E-08, -4.556890E-02, -3.097152E-02, 1.440359E-02
2.45920E-08, -3.555727E-02, -7.89208E-03, 1.414013E-02
2.46170E-08, -3.081492E-02, 1.592506E-02, 1.392936E-02
2.46420E-08, -3.186877E-02, 3.795064E-02, 1.408743E-02
2.46670E-08, -3.450342E-02, 5.555004E-02, 1.461436E-02
2.46920E-08, -3.977269E-02, 6.651013E-02, 1.551014E-02
2.47170E-08, -4.504197E-02, 6.893400E-02, 1.666938E-02
2.47420E-08, -4.820354E-02, 6.240010E-02, 1.730170E-02
2.47670E-08, -5.031125E-02, 4.806766E-02, 1.751247E-02
2.47920E-08, -5.031125E-02, 2.720132E-02, 1.719631E-02
2.48170E-08, -4.873047E-02, 3.38418E-03, 1.640592E-02
2.48420E-08, -4.451504E-02, -2.074912E-02, 1.572091E-02
2.48670E-08, -3.819191E-02, -4.203701E-02, 1.535206E-02
2.48920E-08, -2.818028E-02, -5.889870E-02, 1.566822E-02
2.49170E-08, -1.606094E-02, -7.028034E-02, 1.651130E-02
2.49420E-08, -1.30696E-03, -7.576039E-02, 1.788132E-02
2.49670E-08, 1.292009E-02, -7.639270E-02, 1.925133E-02
2.49920E-08, 2.398558E-02, -7.302037E-02, 2.041057E-02
2.50170E-08, 3.030871E-02, -6.648646E-02, 2.104288E-02
2.50420E-08, 2.662022E-02, -5.710714E-02, 2.120096E-02
2.50670E-08, 1.871630E-02, -4.625243E-02, 2.088480E-02
2.50920E-08, 5.01618E-03, -3.381693E-02, 2.062134E-02
2.51170E-08, -9.73780E-03, -2.032758E-02, 2.046326E-02
2.51420E-08, -2.185715E-02, -5.88976E-03, 2.072673E-02
2.51670E-08, -2.659950E-02, 8.54807E-03, 2.125365E-02
2.51920E-08, -2.554564E-02, 2.351282E-02, 2.225482E-02
2.52170E-08, -1.922251E-02, 3.752910E-02, 2.341406E-02
2.52420E-08, -1.026473E-02, 5.049153E-02, 2.446791E-02
2.52670E-08, -2.36081E-03, 6.250548E-02, 2.536369E-02
2.52920E-08, 3.43539E-03, 7.230634E-02, 2.594331E-02
2.53170E-08, 2.90846E-03, 7.873486E-02, 2.615408E-02
2.53420E-08, 8.0075E-04, 8.042103E-02, 2.583793E-02
2.53670E-08, -2.88774E-03, 7.631099E-02, 2.488946E-02
2.53920E-08, -2.88774E-03, 6.492935E-02, 2.367752E-02
2.54170E-08, -2.5310E-04, 4.680303E-02, 2.236020E-02
2.54420E-08, 3.96232E-03, 2.266973E-02, 2.125365E-02
2.54670E-08, 8.70467E-03, -5.25744E-03, 2.077942E-02
2.54920E-08, 1.081238E-02, -3.413309E-02, 2.099019E-02
2.55170E-08, 6.59696E-03, -5.953101E-02, 2.236020E-02
2.55420E-08, -2.36081E-03, -7.850041E-02, 2.441522E-02
2.55670E-08, -1.658787E-02, -8.819589E-02, 2.694448E-02
2.55920E-08, -3.344956E-02, -8.809050E-02, 2.947373E-02
2.56170E-08, -4.873047E-02, -7.828964E-02, 3.173952E-02
2.56420E-08, -5.926903E-02, -6.111180E-02, 3.316223E-02
2.56670E-08, -5.926903E-02, -3.992930E-02, 3.379454E-02
2.56920E-08, -5.452668E-02, -1.821987E-02, 3.379454E-02
2.57170E-08, -4.346119E-02, 5.3876E-04, 3.353107E-02
2.57420E-08, -3.292263E-02, 1.371196E-02, 3.305684E-02
2.57670E-08, -2.133022E-02, 2.151049E-02, 3.242452E-02
2.57920E-08, -1.658787E-02, 2.393436E-02, 3.179221E-02
2.58170E-08, -1.816865E-02, 2.203742E-02, 3.126528E-02
2.58420E-08, -2.396486E-02, 1.866508E-02, 3.058028E-02
2.58670E-08, -3.292263E-02, 1.581967E-02, 2.978989E-02
2.58920E-08, -4.082655E-02, 1.392273E-02, 2.910488E-02
2.59170E-08, -4.609583E-02, 1.392273E-02, 2.878872E-02
2.59420E-08, -4.873047E-02, 1.518736E-02, 2.899949E-02
2.59670E-08, -4.873047E-02, 1.666276E-02, 2.963181E-02
2.59920E-08, -4.609583E-02, 1.676814E-02, 3.079105E-02
2.60170E-08, -4.504197E-02, 1.466043E-02, 3.195029E-02
2.60420E-08, -4.556890E-02, 1.002347E-02, 3.263530E-02
2.60670E-08, -4.714968E-02, 2.33032E-03, 3.295145E-02
2.60920E-08, -4.714968E-02, -6.52207E-03, 3.268799E-02
2.61170E-08, -4.662276E-02, -1.505830E-02, 3.200298E-02
2.61420E-08, -4.240733E-02, -2.148682E-02, 3.163413E-02
2.61670E-08, -3.608420E-02, -2.485916E-02, 3.158144E-02
2.61920E-08, -2.818028E-02, -2.422685E-02, 3.221375E-02
2.62170E-08, -2.238407E-02, -1.969527E-02, 3.321492E-02
2.62420E-08, -2.291100E-02, -1.210750E-02, 3.416339E-02
2.62670E-08, -2.712642E-02, -2.93896E-03, 3.458493E-02
2.62920E-08, -3.661112E-02, 6.54574E-03, 3.421608E-02
2.63170E-08, -4.925739E-02, 1.423889E-02, 3.305684E-02
2.63420E-08, -5.874210E-02, 1.887585E-02, 3.142336E-02
2.63670E-08, -6.190366E-02, 1.950817E-02, 3.000066E-02
2.63920E-08, -5.874210E-02, 1.603044E-02, 2.931565E-02
2.64170E-08, -4.820354E-02, 7.49421E-03, 3.000066E-02
2.64420E-08, -3.503034E-02, -5.57360E-03, 3.168683E-02
2.64670E-08, -2.080329E-02, -2.243529E-02, 3.389992E-02
2.64920E-08, -1.184552E-02, -4.266932E-02, 3.590225E-02
2.65170E-08, -8.68395E-03, -6.416798E-02, 3.721957E-02
2.65420E-08, -1.079166E-02, -8.429662E-02, 3.748303E-02
2.65670E-08, -1.553401E-02, -1.0063139E-01, 3.642918E-02
2.65920E-08, -1.816865E-02, -1.1085378E-01, 3.521724E-02
2.66170E-08, -1.974943E-02, -1.1211842E-01, 3.426877E-02
2.66420E-08, -1.764172E-02, -1.0337141E-01, 3.426877E-02
2.66670E-08, -1.079166E-02, -8.513971E-02, 3.542801E-02
2.66920E-08, -6.04931E-03, -5.953101E-02, 3.764111E-02
2.67170E-08, -5.52238E-03, -2.970690E-02, 4.059191E-02
2.67420E-08, -1.184552E-02, 3.2799E-04, 4.338463E-02
2.67670E-08, -2.449179E-02, 2.751747E-02, 4.538695E-02
2.67920E-08, -3.871884E-02, 4.869997E-02, 4.659889E-02
2.68170E-08, -5.452668E-02, 6.271625E-02, 4.686235E-02
2.68420E-08, -6.559216E-02, 6.988247E-02, 4.623004E-02
2.68670E-08, -6.717294E-02, 7.188480E-02, 4.517618E-02
2.68920E-08, -6.137674E-02, 7.030401E-02, 4.396424E-02
2.69170E-08, -4.873047E-02, 6.745861E-02, 4.285770E-02
2.69420E-08, -3.397649E-02, 6.450780E-02, 4.190923E-02
2.69670E-08, -1.922251E-02, 6.145163E-02, 4.122422E-02
2.69920E-08, -9.73780E-03, 5.818467E-02, 4.127691E-02
2.70170E-08, -5.52238E-03, 5.259924E-02, 4.190923E-02
2.70420E-08, -7.63009E-03, 4.385224E-02, 4.333193E-02
2.70670E-08, -1.237244E-02, 3.067904E-02, 4.517618E-02
2.70920E-08, -2.027636E-02, 1.297426E-02, 4.744197E-02
2.71170E-08, -2.870721E-02, -8.10285E-03, 4.944430E-02
2.71420E-08, -3.503034E-02, -3.160384E-02, 5.081431E-02
2.71670E-08, -4.082655E-02, -5.499943E-02, 5.118316E-02
2.71920E-08, -4.240733E-02, -7.597116E-02, 5.049815E-02
2.72170E-08, -4.346119E-02, -9.230593E-02, 4.944430E-02
2.72420E-08, -4.240733E-02, -1.0221217E-01, 4.812698E-02
2.72670E-08, -4.082655E-02, -1.0495219E-01, 4.717851E-02
2.72920E-08, -3.766498E-02, -1.0020985E-01, 4.712581E-02
2.73170E-08, -3.450342E-02, -8.840666E-02, 4.765274E-02
2.73420E-08, -3.028799E-02, -7.080727E-02, 4.886467E-02
2.73670E-08, -2.501871E-02, -4.920323E-02, 5.012930E-02
2.73920E-08, -2.185715E-02, -2.591302E-02, 5.144662E-02
2.74170E-08, -2.080329E-02, -3.57127E-03, 5.213163E-02
2.74420E-08, -2.185715E-02, 1.423889E-02, 5.239509E-02
2.74670E-08, -2.396486E-02, 2.604207E-02, 5.213163E-02
2.74920E-08, -2.765335E-02, 2.973057E-02, 5.165739E-02
2.75170E-08, -3.292263E-02, 2.540976E-02, 5.123585E-02
2.75420E-08, -3.555727E-02, 1.371196E-02, 5.081431E-02
2.75670E-08, -3.239570E-02, -2.62280E-03, 5.034007E-02
2.75920E-08, -2.449179E-02, -2.032758E-02, 5.028738E-02
2.76170E-08, -1.237244E-02, -3.560849E-02, 5.034007E-02
2.76420E-08, 3.43539E-03, -4.509319E-02, 5.070892E-02
2.76670E-08, 1.766245E-02, -4.699013E-02, 5.134124E-02
2.76920E-08, 2.451251E-02, -4.151008E-02, 5.228971E-02
2.77170E-08, 2.135094E-02, -2.917997E-02, 5.360702E-02
2.77420E-08, 5.01618E-03, -1.305597E-02, 5.502973E-02
2.77670E-08, -1.816865E-02, 4.12187E-03, 5.624167E-02
2.77920E-08, -4.767661E-02, 1.929740E-02, 5.740090E-02
2.78170E-08, -7.402301E-02, 3.067904E-02, 5.808591E-02
2.78420E-08, -9.141163E-02, 3.742371E-02, 5.840207E-02
2.78670E-08, -9.510012E-02, 3.974220E-02, 5.850745E-02
2.78920E-08, -8.614235E-02, 3.784526E-02, 5.856015E-02
2.79170E-08, -7.296915E-02, 3.362983E-02, 5.882361E-02
2.79420E-08, -5.663439E-02, 2.814979E-02, 5.945592E-02
2.79670E-08, -4.556890E-02, 2.203742E-02, 6.019362E-02
2.79920E-08, -4.451504E-02, 1.560890E-02, 6.119478E-02
2.80170E-08, -5.083818E-02, 9.28577E-03, 6.193249E-02
2.80420E-08, -6.401137E-02, 2.22493E-03, 6.219595E-02
2.80670E-08, -7.665765E-02, -5.36283E-03, 6.182710E-02
2.80920E-08, -8.403464E-02, -1.358290E-02, 6.114209E-02
2.81170E-08, -8.456156E-02, -2.275145E-02, 6.008824E-02
2.81420E-08, -7.823843E-02, -3.244692E-02, 5.919246E-02
2.81670E-08, -6.822680E-02, -4.193162E-02, 5.892900E-02
2.81920E-08, -6.084981E-02, -4.994093E-02, 5.950862E-02
2.82170E-08, -5.768824E-02, -5.584252E-02, 6.087863E-02
2.82420E-08, -6.032288E-02, -5.879331E-02, 6.261750E-02
2.82670E-08, -6.717294E-02, -5.773946E-02, 6.451444E-02
2.82920E-08, -7.191529E-02, -5.141632E-02, 6.593714E-02
2.83170E-08, -6.928065E-02, -4.056161E-02, 6.672753E-02
2.83420E-08, -6.032288E-02, -2.538609E-02, 6.678022E-02
2.83670E-08, -4.293426E-02, -7.68131E-03, 6.614791E-02
2.83920E-08, -2.396486E-02, 1.044501E-02, 6.572637E-02
2.84170E-08, -8.68395E-03, 2.677977E-02, 6.567367E-02
2.84420E-08, -7.8003E-04, 3.868834E-02, 6.625330E-02
2.84670E-08, -2.88774E-03, 4.501148E-02, 6.730715E-02
2.84920E-08, -1.500708E-02, 4.374685E-02, 6.883524E-02
2.85170E-08, -3.186877E-02, 3.573754E-02, 7.020526E-02
2.85420E-08, -4.504197E-02, 2.214281E-02, 7.104833E-02
2.85670E-08, -5.294589E-02, 4.75419E-03, 7.120641E-02
2.85920E-08, -5.083818E-02, -1.421522E-02, 7.067949E-02
2.86170E-08, -4.293426E-02, -3.255231E-02, 6.962563E-02
2.86420E-08, -3.186877E-02, -4.804398E-02, 6.872986E-02
2.86670E-08, -2.449179E-02, -5.953101E-02, 6.804485E-02
2.86920E-08, -2.291100E-02, -6.722416E-02, 6.804485E-02
2.87170E-08, -3.081492E-02, -7.059650E-02, 6.851909E-02
2.87420E-08, -4.398812E-02, -6.996419E-02, 6.925678E-02
2.87670E-08, -5.821517E-02, -6.617031E-02, 7.015256E-02
2.87920E-08, -6.928065E-02, -5.932024E-02, 7.115372E-02
2.88170E-08, -7.244222E-02, -4.930861E-02, 7.183873E-02
2.88420E-08, -6.875373E-02, -3.603003E-02, 7.262912E-02
2.88670E-08, -6.032288E-02, -2.032758E-02, 7.326143E-02
2.88920E-08, -5.136511E-02, -1.99049E-03, 7.420991E-02
2.89170E-08, -4.714968E-02, 1.740046E-02, 7.526376E-02
2.89420E-08, -4.978433E-02, 3.594832E-02, 7.631762E-02
2.89670E-08, -5.716131E-02, 5.207231E-02, 7.721339E-02
2.89920E-08, -6.980758E-02, 6.334857E-02, 7.789840E-02
2.90170E-08, -8.140000E-02, 6.830169E-02, 7.816187E-02
2.90420E-08, -8.719620E-02, 6.566705E-02, 7.821456E-02
2.90670E-08, -8.666927E-02, 5.555004E-02, 7.800379E-02
2.90920E-08, -7.665765E-02, 3.879373E-02, 7.784571E-02
2.91170E-08, -6.348445E-02, 1.718969E-02, 7.800379E-02
2.91420E-08, -4.820354E-02, -6.52207E-03, 7.847802E-02
2.91670E-08, -3.608420E-02, -2.991767E-02, 7.926841E-02
2.91920E-08, -2.870721E-02, -5.067863E-02, 8.026958E-02
2.92170E-08, -2.765335E-02, -6.732955E-02, 8.111266E-02
2.92420E-08, -3.028799E-02, -7.818426E-02, 8.142882E-02
2.92670E-08, -3.661112E-02, -8.303200E-02, 8.137613E-02
2.92920E-08, -3.924577E-02, -8.282123E-02, 8.074381E-02
2.93170E-08, -4.240733E-02, -7.744656E-02, 8.000612E-02
2.93420E-08, -4.451504E-02, -6.901571E-02, 7.926841E-02
2.93670E-08, -4.662276E-02, -5.879331E-02, 7.895225E-02
2.93920E-08, -5.189203E-02, -4.751706E-02, 7.932111E-02
2.94170E-08, -6.032288E-02, -3.613542E-02, 8.042765E-02
2.94420E-08, -7.086144E-02, -2.528070E-02, 8.206113E-02
2.94670E-08, -8.456156E-02, -1.432060E-02, 8.406346E-02
2.94920E-08, -9.562705E-02, -3.14973E-03, 8.585501E-02
2.95170E-08, -1.0036940E-01, 8.44268E-03, 8.711964E-02
2.95420E-08, -1.0036940E-01, 2.014048E-02, 8.759388E-02
2.95670E-08, -9.193856E-02, 3.162751E-02, 8.733041E-02
2.95920E-08, -7.771150E-02, 4.121760E-02, 8.638194E-02
2.96170E-08, -6.137674E-02, 4.743534E-02, 8.522270E-02
2.96420E-08, -4.873047E-02, 4.806766E-02, 8.411615E-02
2.96670E-08, -3.713806E-02, 4.248222E-02, 8.337845E-02
2.96920E-08, -3.239570E-02, 2.994134E-02, 8.353653E-02
2.97170E-08, -3.292263E-02, 1.181502E-02, 8.427422E-02
2.97420E-08, -3.766498E-02, -9.89441E-03, 8.559155E-02
2.97670E-08, -4.504197E-02, -3.255231E-02, 8.701425E-02
2.97920E-08, -5.294589E-02, -5.320788E-02, 8.864773E-02
2.98170E-08, -6.243059E-02, -6.912110E-02, 8.970159E-02
2.98420E-08, -6.980758E-02, -7.828964E-02, 9.028120E-02
2.98670E-08, -7.718457E-02, -8.029197E-02, 9.022851E-02
2.98920E-08, -8.403464E-02, -7.491731E-02, 8.964889E-02
2.99170E-08, -9.088470E-02, -6.374644E-02, 8.870042E-02
2.99420E-08, -9.826169E-02, -4.804398E-02, 8.754118E-02
2.99670E-08, -1.0616560E-01, -3.002305E-02, 8.643463E-02
2.99920E-08, -1.1459645E-01, -1.210750E-02, 8.569694E-02
3.00170E-08, -1.2039266E-01, 4.43803E-03, 8.543347E-02
3.00420E-08, -1.2566194E-01, 1.718969E-02, 8.574963E-02
3.00670E-08, -1.2513500E-01, 2.562053E-02, 8.638194E-02
3.00920E-08, -1.1881188E-01, 2.888748E-02, 8.759388E-02
3.01170E-08, -1.0827332E-01, 2.772824E-02, 8.880581E-02
3.01420E-08, -9.404626E-02, 2.277512E-02, 8.980697E-02
3.01670E-08, -7.665765E-02, 1.613583E-02, 9.043928E-02
3.01920E-08, -6.137674E-02, 8.75884E-03, 9.043928E-02
3.02170E-08, -5.031125E-02, 2.22493E-03, 8.985966E-02
3.02420E-08, -4.451504E-02, -3.04435E-03, 8.901658E-02
3.02670E-08, -4.398812E-02, -7.15438E-03, 8.791003E-02
3.02920E-08, -4.925739E-02, -1.105365E-02, 8.706695E-02
3.03170E-08, -5.505360E-02, -1.590138E-02, 8.696156E-02
3.03420E-08, -6.084981E-02, -2.201375E-02, 8.743580E-02
3.03670E-08, -6.401137E-02, -2.896920E-02, 8.870042E-02
3.03920E-08, -6.295752E-02, -3.560849E-02, 9.043928E-02
3.04170E-08, -6.084981E-02, -3.992930E-02, 9.238891E-02
3.04420E-08, -5.979595E-02, -3.940237E-02, 9.423316E-02
3.04670E-08, -6.032288E-02, -3.276308E-02, 9.565587E-02
3.04920E-08, -6.611909E-02, -1.906295E-02, 9.655165E-02
3.05170E-08, -7.296915E-02, -9.355E-05, 9.702588E-02
3.05420E-08, -8.192693E-02, 2.224819E-02, 9.739473E-02
3.05670E-08, -8.877698E-02, 4.416839E-02, 9.750012E-02
3.05920E-08, -9.246548E-02, 6.176778E-02, 9.786896E-02
3.06170E-08, -9.193856E-02, 7.230634E-02, 9.834320E-02
3.06420E-08, -8.772313E-02, 7.367636E-02, 9.876475E-02
3.06670E-08, -8.192693E-02, 6.545628E-02, 9.897552E-02
3.06920E-08, -7.560379E-02, 4.943767E-02, 9.871205E-02
3.07170E-08, -7.191529E-02, 2.751747E-02, 9.818512E-02
3.07420E-08, -7.086144E-02, 2.54109E-03, 9.739473E-02
3.07670E-08, -7.033451E-02, -2.222452E-02, 9.655165E-02
3.07920E-08, -6.875373E-02, -4.414472E-02, 9.586664E-02
3.08170E-08, -6.506523E-02, -6.206027E-02, 9.591933E-02
3.08420E-08, -5.768824E-02, -7.481192E-02, 9.644626E-02
3.08670E-08, -4.609583E-02, -8.261045E-02, 9.734204E-02
3.08920E-08, -3.344956E-02, -8.608818E-02, 9.865936E-02
3.09170E-08, -2.133022E-02, -8.566663E-02, 1.0002937E-01
3.09420E-08, -1.342630E-02, -8.261045E-02, 1.0103054E-01
3.09670E-08, -1.079166E-02, -7.723579E-02, 1.0182092E-01
3.09920E-08, -1.500708E-02, -6.922649E-02, 1.0229516E-01
3.10170E-08, -2.554564E-02, -5.910947E-02, 1.0287478E-01
3.10420E-08, -3.766498E-02, -4.667397E-02, 1.0350709E-01
3.10670E-08, -5.031125E-02, -3.181460E-02, 1.0440287E-01
3.10920E-08, -6.348445E-02, -1.537446E-02, 1.0556211E-01
3.11170E-08, -7.507686E-02, 1.59262E-03, 1.0656328E-01
3.11420E-08, -8.666927E-02, 1.771661E-02, 1.0735366E-01
3.11670E-08, -9.668090E-02, 3.162751E-02, 1.0735366E-01
3.11920E-08, -1.0669254E-01, 4.174452E-02, 1.0698482E-01
3.12170E-08, -1.1565031E-01, 4.722457E-02, 1.0619443E-01
3.12420E-08, -1.1986573E-01, 4.722457E-02, 1.0535134E-01
3.12670E-08, -1.1775802E-01, 4.279838E-02, 1.0498250E-01
3.12920E-08, -1.0880025E-01, 3.394599E-02, 1.0545672E-01
3.13170E-08, -9.668090E-02, 2.245896E-02, 1.0656328E-01
3.13420E-08, -7.981921E-02, 1.033962E-02, 1.0830214E-01
3.13670E-08, -6.401137E-02, -1.04202E-03, 1.0983023E-01
3.13920E-08, -5.399975E-02, -1.021056E-02, 1.1098947E-01
3.14170E-08, -5.083818E-02, -1.579600E-02, 1.1114755E-01
3.14420E-08, -5.610746E-02, -1.653370E-02, 1.1040985E-01
3.14670E-08, -6.348445E-02, -1.358290E-02, 1.0882907E-01
3.14920E-08, -7.086144E-02, -6.52207E-03, 1.0698482E-01
3.15170E-08, -7.402301E-02, 2.64648E-03, 1.0556211E-01
3.15420E-08, -6.928065E-02, 1.255272E-02, 1.0471903E-01
3.15670E-08, -5.716131E-02, 2.129972E-02, 1.0487711E-01
3.15920E-08, -3.924577E-02, 2.793901E-02, 1.0556211E-01
3.16170E-08, -2.238407E-02, 3.120597E-02, 1.0666866E-01
3.16420E-08, -1.237244E-02, 3.088981E-02, 1.0772252E-01
3.16670E-08, -1.079166E-02, 2.741208E-02, 1.0851291E-01
3.16920E-08, -2.133022E-02, 2.214281E-02, 1.0888176E-01
3.17170E-08, -3.766498E-02, 1.603044E-02, 1.0914522E-01
3.17420E-08, -5.610746E-02, 1.044501E-02, 1.0930330E-01
3.17670E-08, -6.928065E-02, 5.49189E-03, 1.0961946E-01
3.17920E-08, -7.560379E-02, 1.80339E-03, 1.1019908E-01
3.18170E-08, -7.244222E-02, -1.56895E-03, 1.1088409E-01
3.18420E-08, -6.295752E-02, -6.10053E-03, 1.1156909E-01
3.18670E-08, -5.083818E-02, -1.200212E-02, 1.1220141E-01
3.18920E-08, -4.135348E-02, -2.053835E-02, 1.1262295E-01
3.19170E-08, -3.871884E-02, -3.202538E-02, 1.1293910E-01
3.19420E-08, -4.346119E-02, -4.509319E-02, 1.1325526E-01
3.19670E-08, -5.294589E-02, -5.963640E-02, 1.1330795E-01
3.19920E-08, -6.137674E-02, -7.259882E-02, 1.1341334E-01
3.20170E-08, -6.664602E-02, -8.229430E-02, 1.1330795E-01
3.20420E-08, -6.295752E-02, -8.619356E-02, 1.1293910E-01
3.20670E-08, -5.294589E-02, -8.324277E-02, 1.1214871E-01
3.20920E-08, -3.924577E-02, -7.207190E-02, 1.1146370E-01
3.21170E-08, -2.712642E-02, -5.405096E-02, 1.1077870E-01
3.21420E-08, -2.238407E-02, -3.012844E-02, 1.1040985E-01
3.21670E-08, -2.765335E-02, -3.67666E-03, 1.1040985E-01
3.21920E-08, -4.346119E-02, 2.245896E-02, 1.1104216E-01
3.22170E-08, -6.506523E-02, 4.522225E-02, 1.1199063E-01
3.22420E-08, -8.983085E-02, 6.187317E-02, 1.1314987E-01
3.22670E-08, -1.0880025E-01, 7.072556E-02, 1.1409835E-01
3.22920E-08, -1.1828495E-01, 7.135787E-02, 1.1494143E-01
3.23170E-08, -1.1670417E-01, 6.450780E-02, 1.1552105E-01
3.23420E-08, -1.0669254E-01, 5.238847E-02, 1.1599529E-01
3.23670E-08, -8.930391E-02, 3.710756E-02, 1.1646952E-01
3.23920E-08, -7.191529E-02, 2.024587E-02, 1.1704914E-01
3.24170E-08, -5.979595E-02, 4.54342E-03, 1.1789223E-01
3.24420E-08, -5.399975E-02, -9.57825E-03, 1.1857723E-01
3.24670E-08, -5.399975E-02, -2.127605E-02, 1.1905146E-01
3.24920E-08, -5.926903E-02, -3.023382E-02, 1.1915685E-01
3.25170E-08, -6.506523E-02, -3.676773E-02, 1.1862992E-01
3.25420E-08, -7.086144E-02, -4.087777E-02, 1.1752338E-01
3.25670E-08, -7.244222E-02, -4.266932E-02, 1.1625875E-01
3.25920E-08, -7.138836E-02, -4.214239E-02, 1.1494143E-01
3.26170E-08, -6.875373E-02, -3.940237E-02, 1.1409835E-01
3.26420E-08, -6.928065E-02, -3.497617E-02, 1.1409835E-01
3.26670E-08, -7.191529E-02, -2.896920E-02, 1.1499412E-01
3.26920E-08, -7.929228E-02, -2.211913E-02, 1.1683837E-01
3.27170E-08, -8.772313E-02, -1.484753E-02, 1.1942032E-01
3.27420E-08, -9.562705E-02, -7.57592E-03, 1.2226573E-01
3.27670E-08, -9.984247E-02, -4.0971E-04, 1.2463690E-01
3.27920E-08, -9.615397E-02, 6.54574E-03, 1.2627038E-01
3.28170E-08, -8.561542E-02, 1.202579E-02, 1.2663923E-01
3.28420E-08, -7.191529E-02, 1.539813E-02, 1.2579614E-01
3.28670E-08, -5.716131E-02, 1.581967E-02, 1.2379382E-01
3.28920E-08, -4.873047E-02, 1.202579E-02, 1.2136995E-01
3.29170E-08, -4.925739E-02, 3.70033E-03, 1.1910416E-01
3.29420E-08, -6.243059E-02, -8.73517E-03, 1.1731260E-01
3.29670E-08, -8.456156E-02, -2.380530E-02, 1.1689106E-01
3.29920E-08, -1.0880025E-01, -3.898083E-02, 1.1762876E-01
3.30170E-08, -1.3198507E-01, -5.120555E-02, 1.1942032E-01
3.30420E-08, -1.4463134E-01, -5.742330E-02, 1.2189688E-01
3.30670E-08, -1.4515828E-01, -5.594790E-02, 1.2426805E-01
3.30920E-08, -1.3145815E-01, -4.635781E-02, 1.2611230E-01
3.31170E-08, -1.0511175E-01, -2.949612E-02, 1.2727155E-01
3.31420E-08, -7.454994E-02, -7.57592E-03, 1.2742962E-01
3.31670E-08, -4.556890E-02, 1.571429E-02, 1.2684999E-01
3.31920E-08, -2.343793E-02, 3.731833E-02, 1.2574345E-01
3.32170E-08, -1.289937E-02, 5.407464E-02, 1.2463690E-01
3.32420E-08, -1.500708E-02, 6.387550E-02, 1.2379382E-01
3.32670E-08, -2.501871E-02, 6.651013E-02, 1.2342497E-01
3.32920E-08, -4.451504E-02, 6.145163E-02, 1.2368843E-01
3.33170E-08, -6.453831E-02, 4.985921E-02, 1.2442613E-01
3.33420E-08, -8.298078E-02, 3.362983E-02, 1.2563807E-01
3.33670E-08, -9.615397E-02, 1.413350E-02, 1.2716615E-01
3.33920E-08, -1.0405789E-01, -6.31130E-03, 1.2853616E-01
3.34170E-08, -1.0563868E-01, -2.654533E-02, 1.2964271E-01
3.34420E-08, -1.0247711E-01, -4.509319E-02, 1.3016964E-01
3.34670E-08, -9.668090E-02, -6.079564E-02, 1.2974811E-01
3.34920E-08, -9.035777E-02, -7.333652E-02, 1.2885232E-01
3.35170E-08, -8.561542E-02, -8.197814E-02, 1.2737693E-01
3.35420E-08, -8.456156E-02, -8.661511E-02, 1.2584883E-01
3.35670E-08, -8.666927E-02, -8.714204E-02, 1.2453151E-01
3.35920E-08, -8.983085E-02, -8.355892E-02, 1.2389921E-01
3.36170E-08, -9.404626E-02, -7.554962E-02, 1.2426805E-01
3.36420E-08, -9.773476E-02, -6.374644E-02, 1.2537460E-01
3.36670E-08, -9.668090E-02, -4.814937E-02, 1.2679730E-01
3.36920E-08, -9.035777E-02, -2.896920E-02, 1.2837809E-01
3.37170E-08, -8.192693E-02, -8.10285E-03, 1.2937926E-01
3.37420E-08, -7.086144E-02, 1.392273E-02, 1.2943195E-01
3.37670E-08, -6.190366E-02, 3.499985E-02, 1.2853616E-01
3.37920E-08, -5.768824E-02, 5.365309E-02, 1.2706077E-01
3.38170E-08, -6.032288E-02, 6.798553E-02, 1.2574345E-01
3.38420E-08, -6.822680E-02, 7.673253E-02, 1.2484767E-01
3.38670E-08, -7.876536E-02, 7.968333E-02, 1.2484767E-01
3.38920E-08, -8.983085E-02, 7.567868E-02, 1.2600692E-01
3.39170E-08, -9.826169E-02, 6.566705E-02, 1.2790385E-01
3.39420E-08, -9.984247E-02, 5.080768E-02, 1.3011695E-01
3.39670E-08, -9.615397E-02, 3.247060E-02, 1.3185582E-01
3.39920E-08, -8.930391E-02, 1.149886E-02, 1.3306774E-01
3.40170E-08, -8.140000E-02, -1.042134E-02, 1.3322583E-01
3.40420E-08, -7.349608E-02, -3.118229E-02, 1.3269889E-01
3.40670E-08, -6.875373E-02, -5.025708E-02, 1.3185582E-01
3.40920E-08, -6.664602E-02, -6.564338E-02, 1.3111812E-01
3.41170E-08, -6.401137E-02, -7.660347E-02, 1.3117081E-01
3.41420E-08, -6.084981E-02, -8.155660E-02, 1.3190851E-01
3.41670E-08, -5.452668E-02, -8.071351E-02, 1.3327852E-01
3.41920E-08, -4.767661E-02, -7.280959E-02, 1.3501738E-01
3.42170E-08, -4.029962E-02, -5.879331E-02, 1.3649277E-01
3.42420E-08, -3.713806E-02, -4.024545E-02, 1.3744125E-01
3.42670E-08, -3.871884E-02, -1.853602E-02, 1.3749394E-01
3.42920E-08, -4.662276E-02, 4.22726E-03, 1.3665086E-01
3.43170E-08, -6.032288E-02, 2.614746E-02, 1.3533354E-01
3.43420E-08, -7.613072E-02, 4.469532E-02, 1.3401622E-01
3.43670E-08, -8.930391E-02, 5.934392E-02, 1.3280429E-01
3.43920E-08, -9.668090E-02, 6.840707E-02, 1.3201389E-01
3.44170E-08, -9.773476E-02, 7.156864E-02, 1.3190851E-01
3.44420E-08, -9.299241E-02, 6.788015E-02, 1.3227735E-01
3.44670E-08, -8.298078E-02, 5.786852E-02, 1.3296236E-01
3.44920E-08, -7.560379E-02, 4.121760E-02, 1.3375275E-01
3.45170E-08, -7.244222E-02, 1.877047E-02, 1.3427968E-01
3.45420E-08, -7.454994E-02, -8.20824E-03, 1.3480660E-01
3.45670E-08, -8.087306E-02, -3.750543E-02, 1.3538623E-01
3.45920E-08, -9.035777E-02, -6.669723E-02, 1.3622932E-01
3.46170E-08, -9.931555E-02, -9.283286E-02, 1.3691433E-01
3.46420E-08, -1.0142326E-01, -1.1243457E-01, 1.3796818E-01
3.46670E-08, -9.826169E-02, -1.2381621E-01, 1.3870588E-01
3.46920E-08, -8.825006E-02, -1.2571315E-01, 1.3912742E-01
3.47170E-08, -7.349608E-02, -1.1802001E-01, 1.3918011E-01
3.47420E-08, -5.716131E-02, -1.0136908E-01, 1.3860048E-01
3.47670E-08, -3.924577E-02, -7.818426E-02, 1.3754663E-01
3.47920E-08, -2.449179E-02, -4.994093E-02, 1.3628201E-01
3.48170E-08, -1.395323E-02, -1.916834E-02, 1.3507007E-01
3.48420E-08, -7.63009E-03, 1.192041E-02, 1.3417430E-01
3.48670E-08, -4.46853E-03, 4.132298E-02, 1.3385814E-01
3.48920E-08, -7.10317E-03, 6.693167E-02, 1.3427968E-01
3.49170E-08, -1.237244E-02, 8.706032E-02, 1.3528085E-01
3.49420E-08, -2.343793E-02, 1.0002275E-01, 1.3680893E-01
3.49670E-08, -3.450342E-02, 1.0497587E-01, 1.3833703E-01
3.49920E-08, -4.714968E-02, 1.0149814E-01, 1.3997050E-01
3.50170E-08, -5.926903E-02, 9.043266E-02, 1.4160398E-01
3.50420E-08, -6.717294E-02, 7.336020E-02, 1.4271052E-01
3.50670E-08, -6.928065E-02, 5.249385E-02, 1.4329015E-01
3.50920E-08, -6.559216E-02, 3.025750E-02, 1.4344823E-01
3.51170E-08, -5.926903E-02, 8.23191E-03, 1.4297399E-01
3.51420E-08, -4.978433E-02, -1.210750E-02, 1.4186744E-01
3.51670E-08, -4.188041E-02, -3.033921E-02, 1.4033936E-01
3.51920E-08, -3.819191E-02, -4.604166E-02, 1.3875857E-01
3.52170E-08, -3.819191E-02, -5.921486E-02, 1.3744125E-01
3.52420E-08, -4.504197E-02, -6.922649E-02, 1.3659817E-01
3.52670E-08, -5.452668E-02, -7.607654E-02, 1.3654548E-01
3.52920E-08, -6.506523E-02, -7.871119E-02, 1.3744125E-01
3.53170E-08, -7.349608E-02, -7.618193E-02, 1.3886395E-01
3.53420E-08, -7.876536E-02, -6.848878E-02, 1.4044474E-01
3.53670E-08, -8.034614E-02, -5.605329E-02, 1.4186744E-01
3.53920E-08, -7.665765E-02, -3.961314E-02, 1.4276323E-01
3.54170E-08, -7.349608E-02, -2.159221E-02, 1.4318477E-01
3.54420E-08, -7.138836E-02, -4.20359E-03, 1.4292130E-01
3.54670E-08, -7.138836E-02, 1.107732E-02, 1.4223629E-01
3.54920E-08, -7.507686E-02, 2.256435E-02, 1.4149860E-01
3.55170E-08, -8.245385E-02, 2.867671E-02, 1.4091897E-01
3.55420E-08, -9.035777E-02, 2.899287E-02, 1.4055012E-01
3.55670E-08, -9.878862E-02, 2.372359E-02, 1.4044474E-01
3.55920E-08, -1.0616560E-01, 1.307965E-02, 1.4039205E-01
3.56170E-08, -1.1038103E-01, -1.77972E-03, 1.4065550E-01
3.56420E-08, -1.1354259E-01, -1.906295E-02, 1.4076090E-01
3.56670E-08, -1.1354259E-01, -3.592464E-02, 1.4112975E-01
3.56920E-08, -1.1459645E-01, -4.941400E-02, 1.4165667E-01
3.57170E-08, -1.1565031E-01, -5.647483E-02, 1.4244707E-01
3.57420E-08, -1.1723109E-01, -5.415635E-02, 1.4329015E-01
3.57670E-08, -1.1565031E-01, -4.277471E-02, 1.4413324E-01
3.57920E-08, -1.1090796E-01, -2.275145E-02, 1.4487094E-01
3.58170E-08, -1.0300404E-01, 2.33032E-03, 1.4487094E-01
3.58420E-08, -8.825006E-02, 2.836056E-02, 1.4450209E-01
3.58670E-08, -6.980758E-02, 4.943767E-02, 1.4365900E-01
3.58920E-08, -5.031125E-02, 6.303241E-02, 1.4281592E-01
3.59170E-08, -3.134185E-02, 6.651013E-02, 1.4223629E-01
3.59420E-08, -1.922251E-02, 5.997623E-02, 1.4228898E-01
3.59670E-08, -1.289937E-02, 4.606533E-02, 1.4281592E-01
3.59920E-08, -1.395323E-02, 2.846594E-02, 1.4381708E-01
3.60170E-08, -2.080329E-02, 1.065578E-02, 1.4508170E-01
3.60420E-08, -3.081492E-02, -4.62513E-03, 1.4613555E-01
3.60670E-08, -3.871884E-02, -1.558523E-02, 1.4671518E-01
3.60920E-08, -4.504197E-02, -2.254068E-02, 1.4682056E-01
3.61170E-08, -4.767661E-02, -2.717764E-02, 1.4682056E-01
3.61420E-08, -4.609583E-02, -3.033921E-02, 1.4708403E-01
3.61670E-08, -4.240733E-02, -3.350078E-02, 1.4761096E-01
3.61920E-08, -3.924577E-02, -3.697850E-02, 1.4866482E-01
3.62170E-08, -3.819191E-02, -4.098315E-02, 1.5014021E-01
3.62420E-08, -4.082655E-02, -4.393395E-02, 1.5151022E-01
3.62670E-08, -4.767661E-02, -4.519857E-02, 1.5251139E-01
3.62920E-08, -5.716131E-02, -4.382856E-02, 1.5293293E-01
3.63170E-08, -6.717294E-02, -3.940237E-02, 1.5266946E-01
3.63420E-08, -7.718457E-02, -3.223615E-02, 1.5172100E-01
3.63670E-08, -8.403464E-02, -2.327838E-02, 1.5061444E-01
3.63920E-08, -8.561542E-02, -1.273982E-02, 1.4945520E-01
3.64170E-08, -8.298078E-02, -2.09587E-03, 1.4861213E-01
3.64420E-08, -7.560379E-02, 8.75884E-03, 1.4803250E-01
3.64670E-08, -6.190366E-02, 1.929740E-02, 1.4755827E-01
3.64920E-08, -4.767661E-02, 2.846594E-02, 1.4740019E-01
3.65170E-08, -3.450342E-02, 3.605370E-02, 1.4713672E-01
3.65420E-08, -2.291100E-02, 4.069067E-02, 1.4708403E-01
3.65670E-08, -1.606094E-02, 4.269299E-02, 1.4724211E-01
3.65920E-08, -1.658787E-02, 4.121760E-02, 1.4771634E-01
3.66170E-08, -2.396486E-02, 3.658063E-02, 1.4877020E-01
3.66420E-08, -3.344956E-02, 2.951980E-02, 1.5008752E-01
3.66670E-08, -4.398812E-02, 2.045664E-02, 1.5151022E-01
3.66920E-08, -5.241896E-02, 1.128809E-02, 1.5261677E-01
3.67170E-08, -5.663439E-02, 2.11955E-03, 1.5314370E-01
3.67420E-08, -5.610746E-02, -6.20591E-03, 1.5288024E-01
3.67670E-08, -5.083818E-02, -1.410983E-02, 1.5187907E-01
3.67920E-08, -4.346119E-02, -2.106528E-02, 1.5056175E-01
3.68170E-08, -4.029962E-02, -2.738841E-02, 1.4934982E-01
3.68420E-08, -4.188041E-02, -3.234154E-02, 1.4834866E-01
3.68670E-08, -4.925739E-02, -3.571387E-02, 1.4797981E-01
3.68920E-08, -6.137674E-02, -3.697850E-02, 1.4813788E-01
3.69170E-08, -7.771150E-02, -3.560849E-02, 1.4903367E-01
3.69420E-08, -9.404626E-02, -3.234154E-02, 1.5024559E-01
3.69670E-08, -1.0405789E-01, -2.696687E-02, 1.5161560E-01
3.69920E-08, -1.0721947E-01, -2.159221E-02, 1.5314370E-01
3.70170E-08, -1.0247711E-01, -1.695524E-02, 1.5488257E-01
3.70420E-08, -9.193856E-02, -1.516369E-02, 1.5667412E-01
3.70670E-08, -7.613072E-02, -1.558523E-02, 1.5830760E-01
3.70920E-08, -6.084981E-02, -1.864141E-02, 1.5967761E-01
3.71170E-08, -4.662276E-02, -2.338376E-02, 1.6057338E-01
3.71420E-08, -3.766498E-02, -2.833688E-02, 1.6057338E-01
3.71670E-08, -3.186877E-02, -3.202538E-02, 1.5978299E-01
3.71920E-08, -3.134185E-02, -3.329001E-02, 1.5836029E-01
3.72170E-08, -3.450342E-02, -3.149845E-02, 1.5667412E-01
3.72420E-08, -4.135348E-02, -2.601840E-02, 1.5540949E-01
3.72670E-08, -4.978433E-02, -1.821987E-02, 1.5461910E-01
3.72920E-08, -5.979595E-02, -8.20824E-03, 1.5482987E-01
3.73170E-08, -7.349608E-02, 2.85725E-03, 1.5588373E-01
3.73420E-08, -8.666927E-02, 1.423889E-02, 1.5756990E-01
3.73670E-08, -9.773476E-02, 2.488283E-02, 1.5946683E-01
3.73920E-08, -1.0880025E-01, 3.415676E-02, 1.6110031E-01
3.74170E-08, -1.1354259E-01, 4.195530E-02, 1.6220686E-01
3.74420E-08, -1.1406952E-01, 4.817304E-02, 1.6273379E-01
3.74670E-08, -1.0669254E-01, 5.228308E-02, 1.6283917E-01
3.74920E-08, -9.351934E-02, 5.407464E-02, 1.6257571E-01
3.75170E-08, -7.665765E-02, 5.344232E-02, 1.6215417E-01
3.75420E-08, -5.979595E-02, 5.049153E-02, 1.6157454E-01
3.75670E-08, -4.346119E-02, 4.469532E-02, 1.6115300E-01
3.75920E-08, -3.186877E-02, 3.552677E-02, 1.6046800E-01
3.76170E-08, -2.659950E-02, 2.382898E-02, 1.5988837E-01
3.76420E-08, -2.659950E-02, 9.91808E-03, 1.5909798E-01
3.76670E-08, -2.976106E-02, -4.94129E-03, 1.5841298E-01
3.76920E-08, -3.766498E-02, -1.969527E-02, 1.5788606E-01
3.77170E-08, -4.714968E-02, -3.265769E-02, 1.5772797E-01
3.77420E-08, -5.558053E-02, -4.298548E-02, 1.5814951E-01
3.77670E-08, -6.401137E-02, -4.994093E-02, 1.5893991E-01
3.77920E-08, -7.191529E-02, -5.331326E-02, 1.6020453E-01
3.78170E-08, -7.665765E-02, -5.352404E-02, 1.6131108E-01
3.78420E-08, -7.823843E-02, -5.099478E-02, 1.6210148E-01
3.78670E-08, -7.560379E-02, -4.635781E-02, 1.6231224E-01
3.78920E-08, -6.928065E-02, -3.982391E-02, 1.6189070E-01
3.79170E-08, -5.926903E-02, -3.191999E-02, 1.6078416E-01
3.79420E-08, -4.873047E-02, -2.317299E-02, 1.5930876E-01
3.79670E-08, -4.135348E-02, -1.295059E-02, 1.5783335E-01
3.79920E-08, -3.977269E-02, -3.14973E-03, 1.5651605E-01
3.80170E-08, -4.609583E-02, 5.91343E-03, 1.5583104E-01
3.80420E-08, -6.032288E-02, 1.329042E-02, 1.5577833E-01
3.80670E-08, -7.981921E-02, 1.813816E-02, 1.5625258E-01
3.80920E-08, -9.984247E-02, 2.003510E-02, 1.5735912E-01
3.81170E-08, -1.1406952E-01, 1.877047E-02, 1.5857106E-01
3.81420E-08, -1.1881188E-01, 1.497659E-02, 1.5978299E-01
3.81670E-08, -1.1354259E-01, 9.91808E-03, 1.6073146E-01
3.81920E-08, -9.773476E-02, 4.96496E-03, 1.6141647E-01
3.82170E-08, -7.665765E-02, 8.5492E-04, 1.6199608E-01
3.82420E-08, -5.716131E-02, -1.04202E-03, 1.6231224E-01
3.82670E-08, -4.556890E-02, -7.2586E-04, 1.6247033E-01
3.82920E-08, -4.188041E-02, 2.33032E-03, 1.6247033E-01
3.83170E-08, -4.820354E-02, 7.70498E-03, 1.6225955E-01
3.83420E-08, -6.137674E-02, 1.434427E-02, 1.6183801E-01
3.83670E-08, -7.454994E-02, 2.140511E-02, 1.6088954E-01
3.83920E-08, -8.403464E-02, 2.783363E-02, 1.5973030E-01
3.84170E-08, -8.772313E-02, 3.299752E-02, 1.5857106E-01
3.84420E-08, -8.403464E-02, 3.626448E-02, 1.5762259E-01
3.84670E-08, -7.349608E-02, 3.710756E-02, 1.5735912E-01
3.84920E-08, -6.295752E-02, 3.594832E-02, 1.5804413E-01
3.85170E-08, -5.610746E-02, 3.236521E-02, 1.5962492E-01
3.85420E-08, -5.505360E-02, 2.699054E-02, 1.6183801E-01
3.85670E-08, -6.032288E-02, 2.003510E-02, 1.6415650E-01
3.85920E-08, -6.822680E-02, 1.086655E-02, 1.6631690E-01
3.86170E-08, -7.929228E-02, -3.0432E-04, 1.6742344E-01
3.86420E-08, -8.561542E-02, -1.410983E-02, 1.6752884E-01
3.86670E-08, -8.403464E-02, -2.949612E-02, 1.6684383E-01
3.86920E-08, -7.613072E-02, -4.656859E-02, 1.6552651E-01
3.87170E-08, -6.190366E-02, -6.395721E-02, 1.6447265E-01
3.87420E-08, -4.504197E-02, -7.892196E-02, 1.6389303E-01
3.87670E-08, -3.134185E-02, -8.967128E-02, 1.6405110E-01
3.87920E-08, -2.396486E-02, -9.420287E-02, 1.6494688E-01
3.88170E-08, -2.343793E-02, -9.104130E-02, 1.6642228E-01
3.88420E-08, -3.028799E-02, -7.997581E-02, 1.6779229E-01
3.88670E-08, -4.082655E-02, -6.132257E-02, 1.6879345E-01
3.88920E-08, -5.136511E-02, -3.718927E-02, 1.6916230E-01
3.89170E-08, -5.821517E-02, -9.57825E-03, 1.6910961E-01
3.89420E-08, -6.190366E-02, 1.866508E-02, 1.6847730E-01
3.89670E-08, -5.979595E-02, 4.522225E-02, 1.6784498E-01
3.89920E-08, -5.663439E-02, 6.830169E-02, 1.6721268E-01
3.90170E-08, -5.189203E-02, 8.590108E-02, 1.6663305E-01
3.90420E-08, -5.241896E-02, 9.780965E-02, 1.6631690E-01
3.90670E-08, -5.505360E-02, 1.0328970E-01, 1.6589536E-01
3.90920E-08, -6.084981E-02, 1.0244662E-01, 1.6589536E-01
3.91170E-08, -6.717294E-02, 9.528039E-02, 1.6610612E-01
3.91420E-08, -7.033451E-02, 8.221258E-02, 1.6642228E-01
3.91670E-08, -6.559216E-02, 6.429704E-02, 1.6710728E-01
3.91920E-08, -5.610746E-02, 4.311454E-02, 1.6800307E-01
3.92170E-08, -4.188041E-02, 1.971894E-02, 1.6874076E-01
3.92420E-08, -2.976106E-02, -3.36050E-03, 1.6916230E-01
3.92670E-08, -2.027636E-02, -2.506993E-02, 1.6884615E-01
3.92920E-08, -1.922251E-02, -4.340702E-02, 1.6795038E-01
3.93170E-08, -2.607257E-02, -5.847716E-02, 1.6658036E-01
3.93420E-08, -4.082655E-02, -6.891033E-02, 1.6521035E-01
3.93670E-08, -6.032288E-02, -7.554962E-02, 1.6426188E-01
3.93920E-08, -7.665765E-02, -7.797348E-02, 1.6410381E-01
3.94170E-08, -8.825006E-02, -7.702502E-02, 1.6505226E-01
3.94420E-08, -9.404626E-02, -7.259882E-02, 1.6663305E-01
3.94670E-08, -9.193856E-02, -6.532722E-02, 1.6858269E-01
3.94920E-08, -8.666927E-02, -5.552636E-02, 1.7016347E-01
3.95170E-08, -7.981921E-02, -4.446087E-02, 1.7111194E-01
3.95420E-08, -7.507686E-02, -3.307923E-02, 1.7111194E-01
3.95670E-08, -7.191529E-02, -2.148682E-02, 1.7047963E-01
3.95920E-08, -7.086144E-02, -1.179135E-02, 1.6926770E-01
3.96170E-08, -7.138836E-02, -3.14973E-03, 1.6826653E-01
3.96420E-08, -7.086144E-02, 3.38418E-03, 1.6773960E-01
3.96670E-08, -7.138836E-02, 8.96961E-03, 1.6795038E-01
3.96920E-08, -7.086144E-02, 1.402812E-02, 1.6842461E-01
3.97170E-08, -7.244222E-02, 1.929740E-02, 1.6921499E-01
3.97420E-08, -7.771150E-02, 2.456667E-02, 1.6963655E-01
3.97670E-08, -8.456156E-02, 2.962518E-02, 1.6953115E-01
3.97920E-08, -9.404626E-02, 3.362983E-02, 1.6889885E-01
3.98170E-08, -1.0353097E-01, 3.615909E-02, 1.6816114E-01
3.98420E-08, -1.1090796E-01, 3.689679E-02, 1.6763422E-01
3.98670E-08, -1.1459645E-01, 3.531601E-02, 1.6752884E-01
3.98920E-08, -1.1459645E-01, 3.289213E-02, 1.6795038E-01
3.99170E-08, -1.1038103E-01, 2.994134E-02, 1.6879345E-01
3.99420E-08, -1.0247711E-01, 2.836056E-02, 1.6984731E-01
3.99670E-08, -9.088470E-02, 2.825517E-02, 1.7074309E-01
3.99920E-08, -7.560379E-02, 2.962518E-02, 1.7116463E-01
4.00170E-08, -5.979595E-02, 3.257598E-02, 1.7116463E-01
4.00420E-08, -4.293426E-02, 3.510523E-02, 1.7074309E-01
4.00670E-08, -2.870721E-02, 3.658063E-02, 1.7032155E-01
4.00920E-08, -1.869558E-02, 3.531601E-02, 1.7011078E-01
4.01170E-08, -1.658787E-02, 3.057365E-02, 1.7037424E-01
4.01420E-08, -2.554564E-02, 2.140511E-02, 1.7074309E-01
4.01670E-08, -3.977269E-02, 8.33730E-03, 1.7111194E-01
4.01920E-08, -5.768824E-02, -7.99747E-03, 1.7095385E-01
4.02170E-08, -7.665765E-02, -2.686149E-02, 1.7042693E-01
4.02420E-08, -8.825006E-02, -4.656859E-02, 1.6921499E-01
4.02670E-08, -8.983085E-02, -6.532722E-02, 1.6763422E-01
4.02920E-08, -8.192693E-02, -8.081890E-02, 1.6610612E-01
4.03170E-08, -6.769987E-02, -9.135745E-02, 1.6536842E-01
4.03420E-08, -5.294589E-02, -9.557288E-02, 1.6557920E-01
4.03670E-08, -4.082655E-02, -9.251670E-02, 1.6689652E-01
4.03920E-08, -3.871884E-02, -8.261045E-02, 1.6900423E-01
4.04170E-08, -4.504197E-02, -6.722416E-02, 1.7158617E-01
4.04420E-08, -5.821517E-02, -4.825476E-02, 1.7379928E-01
4.04670E-08, -7.191529E-02, -2.865304E-02, 1.7490582E-01
4.04920E-08, -8.508849E-02, -1.010518E-02, 1.7458966E-01
4.05170E-08, -9.035777E-02, 5.07034E-03, 1.7311427E-01
4.05420E-08, -8.877698E-02, 1.571429E-02, 1.7074309E-01
4.05670E-08, -7.981921E-02, 2.203742E-02, 1.6805576E-01
4.05920E-08, -6.664602E-02, 2.425052E-02, 1.6605343E-01
4.06170E-08, -5.294589E-02, 2.372359E-02, 1.6489419E-01
4.06420E-08, -4.082655E-02, 2.235358E-02, 1.6494688E-01
4.06670E-08, -3.081492E-02, 2.098357E-02, 1.6605343E-01
4.06920E-08, -2.396486E-02, 2.108895E-02, 1.6800307E-01
4.07170E-08, -1.922251E-02, 2.319666E-02, 1.6979462E-01
4.07420E-08, -1.448016E-02, 2.772824E-02, 1.7132272E-01
4.07670E-08, -1.131859E-02, 3.341907E-02, 1.7227118E-01
4.07920E-08, -9.21088E-03, 3.953143E-02, 1.7253464E-01
4.08170E-08, -9.73780E-03, 4.437916E-02, 1.7248195E-01
4.08420E-08, -1.079166E-02, 4.585456E-02, 1.7216580E-01
4.08670E-08, -1.606094E-02, 4.258761E-02, 1.7195502E-01
4.08920E-08, -2.080329E-02, 3.394599E-02, 1.7195502E-01
4.09170E-08, -2.554564E-02, 1.971894E-02, 1.7200772E-01
4.09420E-08, -3.028799E-02, 1.80339E-03, 1.7206042E-01
4.09670E-08, -3.661112E-02, -1.779833E-02, 1.7206042E-01
4.09920E-08, -4.398812E-02, -3.676773E-02, 1.7195502E-01
4.10170E-08, -5.294589E-02, -5.173248E-02, 1.7184964E-01
4.10420E-08, -6.190366E-02, -6.069025E-02, 1.7200772E-01
4.10670E-08, -6.822680E-02, -6.237642E-02, 1.7232387E-01
4.10920E-08, -7.033451E-02, -5.679099E-02, 1.7316696E-01
4.11170E-08, -6.611909E-02, -4.540934E-02, 1.7411543E-01
4.11420E-08, -5.505360E-02, -3.097152E-02, 1.7501120E-01
4.11670E-08, -3.924577E-02, -1.558523E-02, 1.7543274E-01
4.11920E-08, -2.396486E-02, -2.51742E-03, 1.7506389E-01
4.12170E-08, -1.342630E-02, 5.91343E-03, 1.7390466E-01
4.12420E-08, -1.237244E-02, 8.54807E-03, 1.7232387E-01
4.12670E-08, -2.080329E-02, 5.70266E-03, 1.7047963E-01
4.12920E-08, -3.819191E-02, -1.99049E-03, 1.6926770E-01
4.13170E-08, -5.716131E-02, -1.252905E-02, 1.6895154E-01
4.13420E-08, -7.454994E-02, -2.232991E-02, 1.6974193E-01
4.13670E-08, -8.087306E-02, -2.886381E-02, 1.7132272E-01
4.13920E-08, -7.981921E-02, -3.054998E-02, 1.7337774E-01
4.14170E-08, -7.086144E-02, -2.622917E-02, 1.7532736E-01
4.14420E-08, -5.610746E-02, -1.632293E-02, 1.7648661E-01
4.14670E-08, -4.451504E-02, -3.04435E-03, 1.7659199E-01
4.14920E-08, -3.661112E-02, 1.139348E-02, 1.7595968E-01
4.15170E-08, -3.608420E-02, 2.288051E-02, 1.7464235E-01
4.15420E-08, -4.029962E-02, 2.994134E-02, 1.7332503E-01
4.15670E-08, -4.504197E-02, 3.110058E-02, 1.7248195E-01
4.15920E-08, -4.873047E-02, 2.614746E-02, 1.7232387E-01
4.16170E-08, -4.873047E-02, 1.655737E-02, 1.7264003E-01
4.16420E-08, -4.504197E-02, 5.59727E-03, 1.7348312E-01
4.16670E-08, -3.977269E-02, -4.51974E-03, 1.7427351E-01
4.16920E-08, -3.713806E-02, -1.115903E-02, 1.7469504E-01
4.17170E-08, -4.029962E-02, -1.221289E-02, 1.7480044E-01
4.17420E-08, -4.714968E-02, -8.31362E-03, 1.7458966E-01
4.17670E-08, -5.663439E-02, 1.1722E-04, 1.7427351E-01
4.17920E-08, -6.611909E-02, 1.097194E-02, 1.7427351E-01
4.18170E-08, -7.138836E-02, 2.151049E-02, 1.7443159E-01
4.18420E-08, -7.454994E-02, 2.836056E-02, 1.7506389E-01
4.18670E-08, -7.086144E-02, 2.962518E-02, 1.7569621E-01
4.18920E-08, -6.664602E-02, 2.330205E-02, 1.7606506E-01
4.19170E-08, -6.348445E-02, 9.18038E-03, 1.7590699E-01
4.19420E-08, -6.453831E-02, -1.126442E-02, 1.7543274E-01
4.19670E-08, -6.980758E-02, -3.508156E-02, 1.7448428E-01
4.19920E-08, -7.771150E-02, -5.900408E-02, 1.7358850E-01
4.20170E-08, -8.456156E-02, -7.923812E-02, 1.7306158E-01
4.20420E-08, -8.508849E-02, -9.220054E-02, 1.7321965E-01
4.20670E-08, -8.034614E-02, -9.567826E-02, 1.7406274E-01
4.20920E-08, -6.928065E-02, -8.977667E-02, 1.7543274E-01
4.21170E-08, -5.610746E-02, -7.628732E-02, 1.7680275E-01
4.21420E-08, -4.135348E-02, -5.742330E-02, 1.7806739E-01
4.21670E-08, -3.292263E-02, -3.655696E-02, 1.7880508E-01
4.21920E-08, -2.870721E-02, -1.642831E-02, 1.7912124E-01
4.22170E-08, -3.239570E-02, 6.4415E-04, 1.7912124E-01
4.22420E-08, -3.977269E-02, 1.360658E-02, 1.7864701E-01
4.22670E-08, -4.714968E-02, 2.288051E-02, 1.7812008E-01
4.22920E-08, -5.294589E-02, 2.888748E-02, 1.7738238E-01
4.23170E-08, -5.241896E-02, 3.289213E-02, 1.7638122E-01
4.23420E-08, -4.714968E-02, 3.626448E-02, 1.7506389E-01
4.23670E-08, -3.924577E-02, 3.974220E-02, 1.7348312E-01
4.23920E-08, -2.976106E-02, 4.290377E-02, 1.7158617E-01
4.24170E-08, -2.185715E-02, 4.574918E-02, 1.7000540E-01
4.24420E-08, -1.764172E-02, 4.743534E-02, 1.6895154E-01
4.24670E-08, -1.658787E-02, 4.722457E-02, 1.6879345E-01
4.24920E-08, -1.711480E-02, 4.406301E-02, 1.6984731E-01
4.25170E-08, -2.133022E-02, 3.763449E-02, 1.7184964E-01
4.25420E-08, -2.449179E-02, 2.793901E-02, 1.7443159E-01
4.25670E-08, -2.923414E-02, 1.466043E-02, 1.7727700E-01
4.25920E-08, -3.239570E-02, -4.0971E-04, 1.7949009E-01
4.26170E-08, -3.819191E-02, -1.621754E-02, 1.8107088E-01
4.26420E-08, -4.293426E-02, -3.086614E-02, 1.8143973E-01
4.26670E-08, -4.978433E-02, -4.266932E-02, 1.8091279E-01
4.26920E-08, -5.399975E-02, -4.983554E-02, 1.7985894E-01
4.27170E-08, -5.821517E-02, -5.141632E-02, 1.7864701E-01
4.27420E-08, -5.821517E-02, -4.783322E-02, 1.7759316E-01
4.27670E-08, -5.558053E-02, -3.992930E-02, 1.7696084E-01
4.27920E-08, -4.978433E-02, -2.907458E-02, 1.7664468E-01
4.28170E-08, -4.082655E-02, -1.832525E-02, 1.7643391E-01
4.28420E-08, -3.186877E-02, -9.47286E-03, 1.7632852E-01
4.28670E-08, -2.501871E-02, -3.57127E-03, 1.7601237E-01
4.28920E-08, -1.974943E-02, -2.09587E-03, 1.7574890E-01
4.29170E-08, -2.133022E-02, -4.83590E-03, 1.7553814E-01
4.29420E-08, -2.976106E-02, -1.094826E-02, 1.7574890E-01
4.29670E-08, -4.240733E-02, -1.864141E-02, 1.7648661E-01
4.29920E-08, -5.558053E-02, -2.707226E-02, 1.7796201E-01
4.30170E-08, -6.875373E-02, -3.466002E-02, 1.7980625E-01
4.30420E-08, -7.823843E-02, -4.077238E-02, 1.8154511E-01
4.30670E-08, -7.981921E-02, -4.519857E-02, 1.8259896E-01
4.30920E-08, -7.402301E-02, -4.793860E-02, 1.8259896E-01
4.31170E-08, -6.084981E-02, -4.846553E-02, 1.8133435E-01
4.31420E-08, -4.714968E-02, -4.646320E-02, 1.7901586E-01
4.31670E-08, -3.397649E-02, -4.161546E-02, 1.7617045E-01
4.31920E-08, -2.659950E-02, -3.286846E-02, 1.7364119E-01
4.32170E-08, -2.818028E-02, -2.085451E-02, 1.7184964E-01
4.32420E-08, -3.977269E-02, -5.15206E-03, 1.7153348E-01
4.32670E-08, -5.610746E-02, 1.234195E-02, 1.7264003E-01
4.32920E-08, -7.560379E-02, 3.046827E-02, 1.7490582E-01
4.33170E-08, -9.246548E-02, 4.732996E-02, 1.7764585E-01
4.33420E-08, -1.0300404E-01, 6.081931E-02, 1.8001702E-01
4.33670E-08, -1.0353097E-01, 6.956632E-02, 1.8159780E-01
4.33920E-08, -9.510012E-02, 7.272788E-02, 1.8186127E-01
4.34170E-08, -8.245385E-02, 7.040940E-02, 1.8101819E-01
4.34420E-08, -6.664602E-02, 6.240010E-02, 1.7938471E-01
4.34670E-08, -5.241896E-02, 5.006998E-02, 1.7732969E-01
4.34920E-08, -4.556890E-02, 3.320829E-02, 1.7553814E-01
4.35170E-08, -4.556890E-02, 1.413350E-02, 1.7448428E-01
4.35420E-08, -4.978433E-02, -5.78437E-03, 1.7416812E-01
4.35670E-08, -5.347282E-02, -2.538609E-02, 1.7474775E-01
4.35920E-08, -5.558053E-02, -4.277471E-02, 1.7606506E-01
4.36170E-08, -5.452668E-02, -5.689637E-02, 1.7785662E-01
4.36420E-08, -4.873047E-02, -6.711877E-02, 1.7954278E-01
4.36670E-08, -3.871884E-02, -7.312575E-02, 1.8101819E-01
4.36920E-08, -2.818028E-02, -7.502269E-02, 1.8212473E-01
4.37170E-08, -2.133022E-02, -7.417960E-02, 1.8259896E-01
4.37420E-08, -1.922251E-02, -7.101804E-02, 1.8254627E-01
4.37670E-08, -2.080329E-02, -6.617031E-02, 1.8170319E-01
4.37920E-08, -2.554564E-02, -5.932024E-02, 1.8049125E-01
4.38170E-08, -2.870721E-02, -5.025708E-02, 1.7922664E-01
4.38420E-08, -2.923414E-02, -3.855928E-02, 1.7790931E-01
4.38670E-08, -2.659950E-02, -2.359453E-02, 1.7711891E-01
4.38920E-08, -2.080329E-02, -5.78437E-03, 1.7664468E-01
4.39170E-08, -1.606094E-02, 1.371196E-02, 1.7664468E-01
4.39420E-08, -1.342630E-02, 3.289213E-02, 1.7717162E-01
4.39670E-08, -1.289937E-02, 5.059691E-02, 1.7790931E-01
4.39920E-08, -1.658787E-02, 6.419165E-02, 1.7838354E-01
4.40170E-08, -2.343793E-02, 7.241172E-02, 1.7869970E-01
4.40420E-08, -3.028799E-02, 7.462482E-02, 1.7869970E-01
4.40670E-08, -3.608420E-02, 7.062017E-02, 1.7859432E-01
4.40920E-08, -3.924577E-02, 6.008161E-02, 1.7864701E-01
4.41170E-08, -4.082655E-02, 4.416839E-02, 1.7896317E-01
4.41420E-08, -4.082655E-02, 2.393436E-02, 1.7991164E-01
4.41670E-08, -4.082655E-02, 6.4415E-04, 1.8107088E-01
4.41920E-08, -3.977269E-02, -2.380530E-02, 1.8270436E-01
4.42170E-08, -3.924577E-02, -4.667397E-02, 1.8391629E-01
4.42420E-08, -4.188041E-02, -6.511645E-02, 1.8444322E-01
4.42670E-08, -4.451504E-02, -7.670886E-02, 1.8396898E-01
4.42920E-08, -4.714968E-02, -7.944889E-02, 1.8238820E-01
4.43170E-08, -5.241896E-02, -7.323114E-02, 1.8006971E-01
4.43420E-08, -6.084981E-02, -5.910947E-02, 1.7764585E-01
4.43670E-08, -6.928065E-02, -3.971852E-02, 1.7559083E-01
4.43920E-08, -8.034614E-02, -1.821987E-02, 1.7443159E-01
4.44170E-08, -9.088470E-02, 1.06569E-03, 1.7469504E-01
4.44420E-08, -9.720783E-02, 1.581967E-02, 1.7606506E-01
4.44670E-08, -9.720783E-02, 2.435590E-02, 1.7833085E-01
4.44920E-08, -8.983085E-02, 2.677977E-02, 1.8064934E-01
4.45170E-08, -7.823843E-02, 2.456667E-02, 1.8259896E-01
4.45420E-08, -6.348445E-02, 1.950817E-02, 1.8344206E-01
4.45670E-08, -4.820354E-02, 1.381735E-02, 1.8302052E-01
4.45920E-08, -3.924577E-02, 8.75884E-03, 1.8180858E-01
4.46170E-08, -3.661112E-02, 5.17573E-03, 1.7975356E-01
4.46420E-08, -3.819191E-02, 2.33032E-03, 1.7769854E-01
4.46670E-08, -4.240733E-02, -5.1509E-04, 1.7611775E-01
4.46920E-08, -4.346119E-02, -3.99282E-03, 1.7516929E-01
4.47170E-08, -4.029962E-02, -8.94594E-03, 1.7516929E-01
4.47420E-08, -2.976106E-02, -1.495291E-02, 1.7569621E-01
4.47670E-08, -1.237244E-02, -2.211913E-02, 1.7664468E-01
4.47920E-08, 3.96232E-03, -2.886381E-02, 1.7764585E-01
4.48170E-08, 1.555473E-02, -3.444925E-02, 1.7869970E-01
4.48420E-08, 1.660859E-02, -3.792697E-02, 1.7949009E-01
4.48670E-08, 7.12389E-03, -3.824313E-02, 1.8017510E-01
4.48920E-08, -1.289937E-02, -3.550310E-02, 1.8059663E-01
4.49170E-08, -3.766498E-02, -2.917997E-02, 1.8086010E-01
4.49420E-08, -6.506523E-02, -1.980065E-02, 1.8091279E-01
4.49670E-08, -8.561542E-02, -7.89208E-03, 1.8059663E-01
4.49920E-08, -9.773476E-02, 5.17573E-03, 1.7975356E-01
4.50170E-08, -1.0036940E-01, 1.824354E-02, 1.7869970E-01
4.50420E-08, -9.562705E-02, 2.899287E-02, 1.7759316E-01
4.50670E-08, -8.350771E-02, 3.700217E-02, 1.7669737E-01
4.50920E-08, -6.769987E-02, 4.079605E-02, 1.7653930E-01
4.51170E-08, -5.347282E-02, 3.984758E-02, 1.7754047E-01
4.51420E-08, -4.188041E-02, 3.415676E-02, 1.7933202E-01
4.51670E-08, -3.397649E-02, 2.488283E-02, 1.8201935E-01
4.51920E-08, -3.028799E-02, 1.329042E-02, 1.8486476E-01
4.52170E-08, -3.239570E-02, 9.6031E-04, 1.8697247E-01
4.52420E-08, -3.608420E-02, -1.115903E-02, 1.8802632E-01
4.52670E-08, -4.188041E-02, -2.190836E-02, 1.8771017E-01
4.52920E-08, -4.714968E-02, -2.981228E-02, 1.8586592E-01
4.53170E-08, -4.925739E-02, -3.487079E-02, 1.8328397E-01
4.53420E-08, -4.978433E-02, -3.676773E-02, 1.8059663E-01
4.53670E-08, -4.609583E-02, -3.560849E-02, 1.7864701E-01
4.53920E-08, -4.082655E-02, -3.149845E-02, 1.7796201E-01
4.54170E-08, -3.555727E-02, -2.496454E-02, 1.7869970E-01
4.54420E-08, -3.397649E-02, -1.737678E-02, 1.8059663E-01
4.54670E-08, -3.661112E-02, -9.78902E-03, 1.8291512E-01
4.54920E-08, -4.398812E-02, -3.46589E-03, 1.8497014E-01
4.55170E-08, -5.347282E-02, 3.2799E-04, 1.8618208E-01
4.55420E-08, -6.506523E-02, 1.59262E-03, 1.8628746E-01
4.55670E-08, -7.507686E-02, 1.184E-05, 1.8507554E-01
4.55920E-08, -8.298078E-02, -3.99282E-03, 1.8312590E-01
4.56170E-08, -8.561542E-02, -9.26209E-03, 1.8086010E-01
4.56420E-08, -8.350771E-02, -1.484753E-02, 1.7906855E-01
4.56670E-08, -7.613072E-02, -1.916834E-02, 1.7817277E-01
4.56920E-08, -6.559216E-02, -2.222452E-02, 1.7817277E-01
4.57170E-08, -5.452668E-02, -2.401607E-02, 1.7901586E-01
4.57420E-08, -4.029962E-02, -2.412146E-02, 1.8049125E-01
4.57670E-08, -2.554564E-02, -2.264606E-02, 1.8191396E-01
4.57920E-08, -1.289937E-02, -1.958988E-02, 1.8275705E-01
4.58170E-08, -5.52238E-03, -1.495291E-02, 1.8296781E-01
4.58420E-08, -3.41467E-03, -7.89208E-03, 1.8238820E-01
4.58670E-08, -9.21088E-03, 1.38185E-03, 1.8138704E-01
4.58920E-08, -2.080329E-02, 1.276349E-02, 1.8012241E-01
4.59170E-08, -3.661112E-02, 2.498822E-02, 1.7922664E-01
4.59420E-08, -5.558053E-02, 3.679140E-02, 1.7875239E-01
4.59670E-08, -7.138836E-02, 4.595995E-02, 1.7885777E-01
4.59920E-08, -8.245385E-02, 5.049153E-02, 1.7959549E-01
4.60170E-08, -8.877698E-02, 4.933228E-02, 1.8064934E-01
4.60420E-08, -8.772313E-02, 4.279838E-02, 1.8186127E-01
4.60670E-08, -8.403464E-02, 3.183828E-02, 1.8259896E-01
4.60920E-08, -7.665765E-02, 1.792738E-02, 1.8291512E-01
4.61170E-08, -6.875373E-02, 3.48956E-03, 1.8259896E-01
4.61420E-08, -6.137674E-02, -9.26209E-03, 1.8180858E-01
4.61670E-08, -5.294589E-02, -1.885218E-02, 1.8070203E-01
4.61920E-08, -4.504197E-02, -2.496454E-02, 1.7949009E-01
4.62170E-08, -3.871884E-02, -2.854765E-02, 1.7864701E-01
4.62420E-08, -3.450342E-02, -3.076075E-02, 1.7817277E-01
4.62670E-08, -3.397649E-02, -3.255231E-02, 1.7801470E-01
4.62920E-08, -3.819191E-02, -3.466002E-02, 1.7822547E-01
4.63170E-08, -4.609583E-02, -3.676773E-02, 1.7864701E-01
4.63420E-08, -5.874210E-02, -3.866467E-02, 1.7933202E-01
4.63670E-08, -6.980758E-02, -3.845390E-02, 1.7954278E-01
4.63920E-08, -7.876536E-02, -3.508156E-02, 1.7975356E-01
4.64170E-08, -8.245385E-02, -2.728303E-02, 1.7975356E-01
4.64420E-08, -8.245385E-02, -1.484753E-02, 1.7964818E-01
4.64670E-08, -8.034614E-02, 1.48723E-03, 1.7964818E-01
4.64920E-08, -7.876536E-02, 2.024587E-02, 1.7991164E-01
4.65170E-08, -8.087306E-02, 3.900450E-02, 1.8054394E-01
4.65420E-08, -8.719620E-02, 5.555004E-02, 1.8149242E-01
4.65670E-08, -9.773476E-02, 6.766938E-02, 1.8270436E-01
4.65920E-08, -1.0616560E-01, 7.262250E-02, 1.8381090E-01
4.66170E-08, -1.0985410E-01, 6.956632E-02, 1.8481207E-01
4.66420E-08, -1.0405789E-01, 5.776313E-02, 1.8528630E-01
4.66670E-08, -8.772313E-02, 3.805603E-02, 1.8523361E-01
4.66920E-08, -6.611909E-02, 1.170964E-02, 1.8470667E-01
4.67170E-08, -4.293426E-02, -1.906295E-02, 1.8381090E-01
4.67420E-08, -2.554564E-02, -5.004631E-02, 1.8275705E-01
4.67670E-08, -1.869558E-02, -7.755195E-02, 1.8191396E-01
4.67920E-08, -2.343793E-02, -9.883983E-02, 1.8117626E-01
4.68170E-08, -3.713806E-02, -1.1085378E-01, 1.8112357E-01
4.68420E-08, -5.347282E-02, -1.1169687E-01, 1.8107088E-01
4.68670E-08, -6.559216E-02, -1.0231756E-01, 1.8128164E-01
4.68920E-08, -6.875373E-02, -8.355892E-02, 1.8143973E-01
4.69170E-08, -6.137674E-02, -5.795023E-02, 1.8143973E-01
4.69420E-08, -4.609583E-02, -2.970690E-02, 1.8138704E-01
4.69670E-08, -2.870721E-02, -1.35818E-03, 1.8117626E-01
4.69920E-08, -1.395323E-02, 2.403975E-02, 1.8091279E-01
4.70170E-08, -6.04931E-03, 4.480071E-02, 1.8091279E-01
4.70420E-08, -7.10317E-03, 5.987084E-02, 1.8096550E-01
4.70670E-08, -1.342630E-02, 6.914477E-02, 1.8122895E-01
4.70920E-08, -2.449179E-02, 7.388712E-02, 1.8149242E-01
4.71170E-08, -3.397649E-02, 7.430866E-02, 1.8154511E-01
4.71420E-08, -3.819191E-02, 7.177942E-02, 1.8138704E-01
4.71670E-08, -3.766498E-02, 6.682629E-02, 1.8091279E-01
4.71920E-08, -3.344956E-02, 5.966007E-02, 1.8038587E-01
4.72170E-08, -2.818028E-02, 5.028075E-02, 1.8006971E-01
4.72420E-08, -2.449179E-02, 3.858296E-02, 1.8012241E-01
4.72670E-08, -2.607257E-02, 2.425052E-02, 1.8075472E-01
4.72920E-08, -3.397649E-02, 7.49421E-03, 1.8180858E-01
4.73170E-08, -4.609583E-02, -1.147519E-02, 1.8333666E-01
4.73420E-08, -5.874210E-02, -3.097152E-02, 1.8475938E-01
4.73670E-08, -6.822680E-02, -5.025708E-02, 1.8570784E-01
4.73920E-08, -7.138836E-02, -6.659184E-02, 1.8586592E-01
4.74170E-08, -6.822680E-02, -7.828964E-02, 1.8544438E-01
4.74420E-08, -5.979595E-02, -8.271584E-02, 1.8449591E-01
4.74670E-08, -4.662276E-02, -7.934350E-02, 1.8323128E-01
4.74920E-08, -3.555727E-02, -6.732955E-02, 1.8207204E-01
4.75170E-08, -2.818028E-02, -4.783322E-02, 1.8128164E-01
4.75420E-08, -2.712642E-02, -2.348915E-02, 1.8101819E-01
4.75670E-08, -3.239570E-02, 3.17340E-03, 1.8096550E-01
4.75920E-08, -4.082655E-02, 2.888748E-02, 1.8101819E-01
4.76170E-08, -5.031125E-02, 4.985921E-02, 1.8112357E-01
4.76420E-08, -5.716131E-02, 6.303241E-02, 1.8101819E-01
4.76670E-08, -5.874210E-02, 6.819630E-02, 1.8075472E-01
4.76920E-08, -5.558053E-02, 6.419165E-02, 1.8070203E-01
4.77170E-08, -5.136511E-02, 5.249385E-02, 1.8091279E-01
4.77420E-08, -4.398812E-02, 3.499985E-02, 1.8170319E-01
4.77670E-08, -3.977269E-02, 1.444966E-02, 1.8265165E-01
4.77920E-08, -3.766498E-02, -7.25977E-03, 1.8381090E-01
4.78170E-08, -3.766498E-02, -2.707226E-02, 1.8475938E-01
4.78420E-08, -3.871884E-02, -4.361779E-02, 1.8533899E-01
4.78670E-08, -4.029962E-02, -5.563175E-02, 1.8533899E-01
4.78920E-08, -3.977269E-02, -6.237642E-02, 1.8486476E-01
4.79170E-08, -3.924577E-02, -6.395721E-02, 1.8407437E-01
4.79420E-08, -3.924577E-02, -6.037410E-02, 1.8312590E-01
4.79670E-08, -4.188041E-02, -5.278634E-02, 1.8244089E-01
4.79920E-08, -4.767661E-02, -4.161546E-02, 1.8180858E-01
4.80170E-08, -5.821517E-02, -2.791534E-02, 1.8138704E-01
4.80420E-08, -6.875373E-02, -1.316136E-02, 1.8101819E-01
4.80670E-08, -7.981921E-02, 1.80339E-03, 1.8080741E-01
4.80920E-08, -8.666927E-02, 1.645199E-02, 1.8059663E-01
4.81170E-08, -8.825006E-02, 2.962518E-02, 1.8070203E-01
4.81420E-08, -8.614235E-02, 4.016374E-02, 1.8112357E-01
4.81670E-08, -8.245385E-02, 4.817304E-02, 1.8191396E-01
4.81920E-08, -7.981921E-02, 5.291539E-02, 1.8270436E-01
4.82170E-08, -7.823843E-02, 5.449618E-02, 1.8354744E-01
4.82420E-08, -8.034614E-02, 5.249385E-02, 1.8407437E-01
4.82670E-08, -8.298078E-02, 4.764612E-02, 1.8402167E-01
4.82920E-08, -8.298078E-02, 3.995297E-02, 1.8386360E-01
4.83170E-08, -8.087306E-02, 2.973057E-02, 1.8338937E-01
4.83420E-08, -7.349608E-02, 1.729507E-02, 1.8323128E-01
4.83670E-08, -6.453831E-02, 3.59495E-03, 1.8338937E-01
4.83920E-08, -5.610746E-02, -1.210750E-02, 1.8412706E-01
4.84170E-08, -5.189203E-02, -2.844227E-02, 1.8518092E-01
4.84420E-08, -5.294589E-02, -4.467165E-02, 1.8628746E-01
4.84670E-08, -5.979595E-02, -5.910947E-02, 1.8691978E-01
4.84920E-08, -6.822680E-02, -6.985880E-02, 1.8691978E-01
4.85170E-08, -7.454994E-02, -7.470653E-02, 1.8607669E-01
4.85420E-08, -7.507686E-02, -7.112343E-02, 1.8465398E-01
4.85670E-08, -6.928065E-02, -5.889870E-02, 1.8307321E-01
4.85920E-08, -5.926903E-02, -3.782158E-02, 1.8191396E-01
4.86170E-08, -4.925739E-02, -9.89441E-03, 1.8143973E-01
4.86420E-08, -4.293426E-02, 2.140511E-02, 1.8191396E-01
4.86670E-08, -4.398812E-02, 5.122923E-02, 1.8312590E-01
4.86920E-08, -5.241896E-02, 7.599483E-02, 1.8439053E-01
4.87170E-08, -6.348445E-02, 9.190806E-02, 1.8539168E-01
4.87420E-08, -7.296915E-02, 9.696656E-02, 1.8554977E-01
4.87670E-08, -7.454994E-02, 9.254037E-02, 1.8470667E-01
4.87920E-08, -6.980758E-02, 7.968333E-02, 1.8296781E-01
4.88170E-08, -5.716131E-02, 6.124086E-02, 1.8070203E-01
4.88420E-08, -4.398812E-02, 3.974220E-02, 1.7869970E-01
4.88670E-08, -3.503034E-02, 1.803277E-02, 1.7754047E-01
4.88920E-08, -3.450342E-02, -3.14973E-03, 1.7743507E-01
4.89170E-08, -4.398812E-02, -2.296222E-02, 1.7869970E-01
4.89420E-08, -6.295752E-02, -4.108854E-02, 1.8075472E-01
4.89670E-08, -8.192693E-02, -5.710714E-02, 1.8280974E-01
4.89920E-08, -9.773476E-02, -6.964803E-02, 1.8454860E-01
4.90170E-08, -1.0142326E-01, -7.828964E-02, 1.8523361E-01
4.90420E-08, -9.457319E-02, -8.102967E-02, 1.8475938E-01
4.90670E-08, -7.771150E-02, -7.807887E-02, 1.8307321E-01
4.90920E-08, -5.663439E-02, -6.943726E-02, 1.8107088E-01
4.91170E-08, -3.819191E-02, -5.647483E-02, 1.7917393E-01
4.91420E-08, -2.923414E-02, -4.140469E-02, 1.7806739E-01
4.91670E-08, -2.870721E-02, -2.612379E-02, 1.7806739E-01
4.91920E-08, -3.661112E-02, -1.168596E-02, 1.7906855E-01
4.92170E-08, -5.031125E-02, 6.4415E-04, 1.8075472E-01
4.92420E-08, -6.453831E-02, 1.139348E-02, 1.8254627E-01
4.92670E-08, -7.349608E-02, 2.087818E-02, 1.8391629E-01
4.92920E-08, -7.507686E-02, 2.920364E-02, 1.8449591E-01
4.93170E-08, -7.296915E-02, 3.647524E-02, 1.8439053E-01
4.93420E-08, -6.928065E-02, 4.195530E-02, 1.8365282E-01
4.93670E-08, -6.611909E-02, 4.490609E-02, 1.8275705E-01
4.93920E-08, -6.822680E-02, 4.364146E-02, 1.8201935E-01
4.94170E-08, -7.349608E-02, 3.847757E-02, 1.8170319E-01
4.94420E-08, -8.034614E-02, 2.888748E-02, 1.8186127E-01
4.94670E-08, -8.614235E-02, 1.655737E-02, 1.8233551E-01
4.94920E-08, -8.561542E-02, 2.43570E-03, 1.8296781E-01
4.95170E-08, -7.771150E-02, -1.105365E-02, 1.8344206E-01
4.95420E-08, -6.348445E-02, -2.180298E-02, 1.8381090E-01
4.95670E-08, -4.398812E-02, -2.896920E-02, 1.8370552E-01
4.95920E-08, -2.765335E-02, -3.181460E-02, 1.8349475E-01
4.96170E-08, -1.764172E-02, -3.012844E-02, 1.8333666E-01
4.96420E-08, -1.711480E-02, -2.433223E-02, 1.8302052E-01
4.96670E-08, -2.554564E-02, -1.526907E-02, 1.8291512E-01
4.96920E-08, -4.135348E-02, -4.30897E-03, 1.8275705E-01
4.97170E-08, -5.821517E-02, 7.28344E-03, 1.8275705E-01
4.97420E-08, -7.086144E-02, 1.866508E-02, 1.8254627E-01
4.97670E-08, -7.454994E-02, 2.836056E-02, 1.8233551E-01
4.97920E-08, -6.559216E-02, 3.563216E-02, 1.8228281E-01
4.98170E-08, -4.820354E-02, 3.921527E-02, 1.8217742E-01
4.98420E-08, -2.501871E-02, 3.847757E-02, 1.8217742E-01
4.98670E-08, -1.30696E-03, 3.310291E-02, 1.8223011E-01
4.98920E-08, 1.660859E-02, 2.414513E-02, 1.8228281E-01
4.99170E-08, 2.345865E-02, 1.223656E-02, 1.8223011E-01
4.99420E-08, 1.818937E-02, -2.20126E-03, 1.8212473E-01
4.99670E-08, 3.43539E-03, -1.642831E-02, 1.8180858E-01
4.99920E-08, -1.816865E-02, -2.939074E-02, 1.8138704E-01
5.00170E-08, -4.240733E-02, -3.929698E-02, 1.8107088E-01
5.00420E-08, -6.084981E-02, -4.519857E-02, 1.8054394E-01
5.00670E-08, -7.244222E-02, -4.667397E-02, 1.8012241E-01
5.00920E-08, -7.349608E-02, -4.361779E-02, 1.7943740E-01
5.01170E-08, -6.664602E-02, -3.697850E-02, 1.7875239E-01
5.01420E-08, -5.399975E-02, -2.759918E-02, 1.7806739E-01
5.01670E-08, -3.819191E-02, -1.716601E-02, 1.7769854E-01
5.01920E-08, -2.449179E-02, -7.15438E-03, 1.7754047E-01
5.02170E-08, -1.448016E-02, 9.6031E-04, 1.7812008E-01
5.02420E-08, -1.079166E-02, 6.01881E-03, 1.7922664E-01
5.02670E-08, -1.342630E-02, 7.38883E-03, 1.8064934E-01
5.02920E-08, -1.974943E-02, 4.33264E-03, 1.8191396E-01
5.03170E-08, -2.923414E-02, -2.09587E-03, 1.8270436E-01
5.03420E-08, -3.661112E-02, -1.084288E-02, 1.8265165E-01
5.03670E-08, -4.082655E-02, -1.969527E-02, 1.8159780E-01
5.03920E-08, -4.082655E-02, -2.717764E-02, 1.7975356E-01
5.04170E-08, -3.871884E-02, -3.065537E-02, 1.7780392E-01
5.04420E-08, -3.450342E-02, -2.960151E-02, 1.7627583E-01
5.04670E-08, -3.028799E-02, -2.296222E-02, 1.7569621E-01
5.04920E-08, -2.923414E-02, -1.221289E-02, 1.7632852E-01
5.05170E-08, -3.292263E-02, 9.6031E-04, 1.7817277E-01
5.05420E-08, -3.977269E-02, 1.423889E-02, 1.8059663E-01
5.05670E-08, -4.609583E-02, 2.498822E-02, 1.8291512E-01
5.05920E-08, -5.294589E-02, 3.141674E-02, 1.8465398E-01
5.06170E-08, -5.821517E-02, 3.268136E-02, 1.8549708E-01
5.06420E-08, -5.979595E-02, 2.930903E-02, 1.8518092E-01
5.06670E-08, -5.768824E-02, 2.256435E-02, 1.8407437E-01
5.06920E-08, -5.610746E-02, 1.423889E-02, 1.8254627E-01
5.07170E-08, -5.768824E-02, 6.54574E-03, 1.8117626E-01
5.07420E-08, -6.137674E-02, 9.6031E-04, 1.8006971E-01
5.07670E-08, -6.928065E-02, -2.51742E-03, 1.7954278E-01
5.07920E-08, -7.929228E-02, -3.46589E-03, 1.7927933E-01
5.08170E-08, -8.825006E-02, -3.25512E-03, 1.7917393E-01
5.08420E-08, -9.404626E-02, -3.14973E-03, 1.7933202E-01
5.08670E-08, -9.193856E-02, -4.41436E-03, 1.7943740E-01
5.08920E-08, -8.403464E-02, -7.78670E-03, 1.7949009E-01
5.09170E-08, -7.033451E-02, -1.316136E-02, 1.7954278E-01
5.09420E-08, -5.505360E-02, -2.043296E-02, 1.7964818E-01
5.09670E-08, -4.082655E-02, -2.770457E-02, 1.7975356E-01
5.09920E-08, -3.186877E-02, -3.476540E-02, 1.7996433E-01
5.10170E-08, -2.870721E-02, -4.035084E-02, 1.8028049E-01
5.10420E-08, -3.081492E-02, -4.372318E-02, 1.8070203E-01
5.10670E-08, -3.397649E-02, -4.467165E-02, 1.8117626E-01
5.10920E-08, -3.766498E-02, -4.298548E-02, 1.8165050E-01
5.11170E-08, -4.029962E-02, -3.908621E-02, 1.8233551E-01
5.11420E-08, -4.029962E-02, -3.307923E-02, 1.8307321E-01
5.11670E-08, -4.029962E-02, -2.549147E-02, 1.8333666E-01
5.11920E-08, -3.924577E-02, -1.632293E-02, 1.8344206E-01
5.12170E-08, -4.293426E-02, -5.99514E-03, 1.8312590E-01
5.12420E-08, -4.925739E-02, 4.12187E-03, 1.8223011E-01
5.12670E-08, -5.874210E-02, 1.350119E-02, 1.8107088E-01
5.12920E-08, -6.928065E-02, 2.119434E-02, 1.7996433E-01
5.13170E-08, -7.771150E-02, 2.635823E-02, 1.7917393E-01
5.13420E-08, -8.140000E-02, 2.846594E-02, 1.7891048E-01
5.13670E-08, -7.981921E-02, 2.751747E-02, 1.7927933E-01
5.13920E-08, -7.349608E-02, 2.393436E-02, 1.8017510E-01
5.14170E-08, -6.453831E-02, 1.824354E-02, 1.8117626E-01
5.14420E-08, -5.558053E-02, 1.213118E-02, 1.8186127E-01
5.14670E-08, -4.873047E-02, 6.12420E-03, 1.8196665E-01
5.14920E-08, -4.504197E-02, 1.1722E-04, 1.8133435E-01
5.15170E-08, -4.451504E-02, -5.57360E-03, 1.8028049E-01
5.15420E-08, -4.451504E-02, -1.189673E-02, 1.7927933E-01
5.15670E-08, -4.398812E-02, -1.948449E-02, 1.7891048E-01
5.15920E-08, -4.346119E-02, -2.875843E-02, 1.7906855E-01
5.16170E-08, -4.135348E-02, -3.971852E-02, 1.8001702E-01
5.16420E-08, -4.188041E-02, -5.173248E-02, 1.8138704E-01
5.16670E-08, -4.346119E-02, -6.248181E-02, 1.8249358E-01
5.16920E-08, -5.083818E-02, -6.975342E-02, 1.8286243E-01
5.17170E-08, -6.190366E-02, -7.122881E-02, 1.8238820E-01
5.17420E-08, -7.665765E-02, -6.511645E-02, 1.8122895E-01
5.17670E-08, -9.035777E-02, -5.078401E-02, 1.7954278E-01
5.17920E-08, -9.720783E-02, -2.939074E-02, 1.7812008E-01
5.18170E-08, -9.457319E-02, -3.25512E-03, 1.7754047E-01
5.18420E-08, -8.140000E-02, 2.382898E-02, 1.7785662E-01
5.18670E-08, -5.926903E-02, 4.827843E-02, 1.7901586E-01
5.18920E-08, -3.186877E-02, 6.629936E-02, 1.8038587E-01
5.19170E-08, -6.57624E-03, 7.536252E-02, 1.8122895E-01
5.19420E-08, 1.028545E-02, 7.473021E-02, 1.8143973E-01
5.19670E-08, 1.608166E-02, 6.535089E-02, 1.8064934E-01
5.19920E-08, 9.23160E-03, 4.880536E-02, 1.7901586E-01
5.20170E-08, -6.04931E-03, 2.867671E-02, 1.7738238E-01
5.20420E-08, -2.607257E-02, 8.33730E-03, 1.7627583E-01
5.20670E-08, -4.451504E-02, -9.78902E-03, 1.7601237E-01
5.20920E-08, -5.716131E-02, -2.348915E-02, 1.7675006E-01
5.21170E-08, -6.348445E-02, -3.223615E-02, 1.7827816E-01
5.21420E-08, -6.401137E-02, -3.634619E-02, 1.8001702E-01
5.21670E-08, -5.821517E-02, -3.624080E-02, 1.8128164E-01
5.21920E-08, -5.083818E-02, -3.339539E-02, 1.8159780E-01
5.22170E-08, -4.504197E-02, -2.875843E-02, 1.8112357E-01
5.22420E-08, -4.029962E-02, -2.359453E-02, 1.7991164E-01
5.22670E-08, -3.608420E-02, -1.821987E-02, 1.7822547E-01
5.22920E-08, -3.028799E-02, -1.252905E-02, 1.7690815E-01
5.23170E-08, -2.449179E-02, -6.73284E-03, 1.7590699E-01
5.23420E-08, -1.764172E-02, -8.3125E-04, 1.7548545E-01
5.23670E-08, -1.184552E-02, 5.28112E-03, 1.7580160E-01
5.23920E-08, -7.63009E-03, 1.097194E-02, 1.7643391E-01
5.24170E-08, -8.68395E-03, 1.571429E-02, 1.7743507E-01
5.24420E-08, -1.395323E-02, 1.834893E-02, 1.7817277E-01
5.24670E-08, -2.238407E-02, 1.792738E-02, 1.7896317E-01
5.24920E-08, -3.134185E-02, 1.381735E-02, 1.7949009E-01
5.25170E-08, -4.029962E-02, 5.07034E-03, 1.7975356E-01
5.25420E-08, -4.714968E-02, -7.47054E-03, 1.7985894E-01
5.25670E-08, -5.136511E-02, -2.243529E-02, 1.7975356E-01
5.25920E-08, -5.558053E-02, -3.898083E-02, 1.7954278E-01
5.26170E-08, -6.190366E-02, -5.499943E-02, 1.7906855E-01
5.26420E-08, -6.875373E-02, -6.817263E-02, 1.7848893E-01
5.26670E-08, -7.560379E-02, -7.713041E-02, 1.7796201E-01
5.26920E-08, -8.087306E-02, -8.145121E-02, 1.7738238E-01
5.27170E-08, -8.350771E-02, -7.965966E-02, 1.7701353E-01
5.27420E-08, -7.929228E-02, -7.217728E-02, 1.7706622E-01
5.27670E-08, -7.086144E-02, -5.932024E-02, 1.7743507E-01
5.27920E-08, -5.768824E-02, -4.182624E-02, 1.7817277E-01
5.28170E-08, -4.820354E-02, -2.085451E-02, 1.7912124E-01
5.28420E-08, -4.240733E-02, 2.01416E-03, 1.8017510E-01
5.28670E-08, -4.293426E-02, 2.477745E-02, 1.8101819E-01
5.28920E-08, -4.925739E-02, 4.606533E-02, 1.8154511E-01
5.29170E-08, -5.979595E-02, 6.345395E-02, 1.8143973E-01
5.29420E-08, -6.980758E-02, 7.557330E-02, 1.8096550E-01
5.29670E-08, -7.402301E-02, 8.179104E-02, 1.8022779E-01
5.29920E-08, -7.033451E-02, 8.200181E-02, 1.7938471E-01
5.30170E-08, -6.032288E-02, 7.641638E-02, 1.7891048E-01
5.30420E-08, -4.556890E-02, 6.587782E-02, 1.7885777E-01
5.30670E-08, -3.028799E-02, 5.207231E-02, 1.7901586E-01
5.30920E-08, -1.869558E-02, 3.489446E-02, 1.7954278E-01
5.31170E-08, -1.342630E-02, 1.613583E-02, 1.7970087E-01
5.31420E-08, -1.395323E-02, -3.46589E-03, 1.7954278E-01
5.31670E-08, -1.869558E-02, -2.264606E-02, 1.7891048E-01
5.31920E-08, -2.765335E-02, -4.077238E-02, 1.7754047E-01
5.32170E-08, -3.608420E-02, -5.615867E-02, 1.7601237E-01
5.32420E-08, -4.504197E-02, -6.732955E-02, 1.7464235E-01
5.32670E-08, -5.347282E-02, -7.375807E-02, 1.7385197E-01
5.32920E-08, -6.032288E-02, -7.470653E-02, 1.7374659E-01
5.33170E-08, -6.664602E-02, -7.017495E-02, 1.7448428E-01
5.33420E-08, -7.296915E-02, -6.216565E-02, 1.7574890E-01
5.33670E-08, -7.454994E-02, -5.183787E-02, 1.7706622E-01
5.33920E-08, -7.296915E-02, -4.045622E-02, 1.7801470E-01
5.34170E-08, -6.664602E-02, -2.939074E-02, 1.7859432E-01
5.34420E-08, -5.452668E-02, -1.916834E-02, 1.7833085E-01
5.34670E-08, -3.977269E-02, -9.47286E-03, 1.7743507E-01
5.34920E-08, -2.449179E-02, 4.3338E-04, 1.7648661E-01
5.35170E-08, -1.395323E-02, 1.128809E-02, 1.7538005E-01
5.35420E-08, -9.21088E-03, 2.266973E-02, 1.7453697E-01
5.35670E-08, -1.289937E-02, 3.478907E-02, 1.7406274E-01
5.35920E-08, -2.027636E-02, 4.585456E-02, 1.7401004E-01
5.36170E-08, -3.397649E-02, 5.428541E-02, 1.7432620E-01
5.36420E-08, -4.556890E-02, 5.807929E-02, 1.7501120E-01
5.36670E-08, -5.294589E-02, 5.618235E-02, 1.7585430E-01
5.36920E-08, -5.189203E-02, 4.732996E-02, 1.7680275E-01
5.37170E-08, -4.556890E-02, 3.204905E-02, 1.7785662E-01
5.37420E-08, -3.344956E-02, 1.255272E-02, 1.7885777E-01
5.37670E-08, -2.027636E-02, -1.010518E-02, 1.7943740E-01
5.37920E-08, -9.73780E-03, -3.276308E-02, 1.7964818E-01
5.38170E-08, -4.46853E-03, -5.278634E-02, 1.7917393E-01
5.38420E-08, -5.52238E-03, -6.775109E-02, 1.7801470E-01
5.38670E-08, -1.237244E-02, -7.576039E-02, 1.7622314E-01
5.38920E-08, -2.396486E-02, -7.523347E-02, 1.7422082E-01
5.39170E-08, -3.450342E-02, -6.648646E-02, 1.7253464E-01
5.39420E-08, -4.293426E-02, -5.036247E-02, 1.7153348E-01
5.39670E-08, -4.504197E-02, -2.907458E-02, 1.7142810E-01
5.39920E-08, -4.346119E-02, -4.30897E-03, 1.7248195E-01
5.40170E-08, -3.924577E-02, 1.971894E-02, 1.7416812E-01
5.40420E-08, -3.397649E-02, 4.016374E-02, 1.7617045E-01
5.40670E-08, -3.134185E-02, 5.407464E-02, 1.7801470E-01
5.40920E-08, -3.134185E-02, 6.039777E-02, 1.7922664E-01
5.41170E-08, -3.503034E-02, 5.839545E-02, 1.7949009E-01
5.41420E-08, -4.398812E-02, 4.891074E-02, 1.7906855E-01
5.41670E-08, -5.031125E-02, 3.478907E-02, 1.7822547E-01
5.41920E-08, -5.716131E-02, 1.792738E-02, 1.7732969E-01
5.42170E-08, -6.032288E-02, 8.5492E-04, 1.7664468E-01
5.42420E-08, -5.768824E-02, -1.379367E-02, 1.7653930E-01
5.42670E-08, -4.925739E-02, -2.496454E-02, 1.7648661E-01
5.42920E-08, -3.608420E-02, -3.297385E-02, 1.7669737E-01
5.43170E-08, -2.185715E-02, -3.782158E-02, 1.7659199E-01
5.43420E-08, -5.52238E-03, -4.066699E-02, 1.7627583E-01
5.43670E-08, 7.65082E-03, -4.224778E-02, 1.7538005E-01
5.43920E-08, 1.660859E-02, -4.382856E-02, 1.7437889E-01
5.44170E-08, 1.924323E-02, -4.509319E-02, 1.7364119E-01
5.44420E-08, 1.502781E-02, -4.530396E-02, 1.7337774E-01
5.44670E-08, 6.07003E-03, -4.372318E-02, 1.7379928E-01
5.44920E-08, -7.10317E-03, -3.866467E-02, 1.7501120E-01
5.45170E-08, -2.238407E-02, -2.928535E-02, 1.7653930E-01
5.45420E-08, -3.661112E-02, -1.463676E-02, 1.7817277E-01
5.45670E-08, -4.767661E-02, 4.75419E-03, 1.7949009E-01
5.45920E-08, -5.347282E-02, 2.762286E-02, 1.8012241E-01
5.46170E-08, -5.399975E-02, 5.165077E-02, 1.7996433E-01
5.46420E-08, -4.820354E-02, 7.283327E-02, 1.7891048E-01
5.46670E-08, -3.713806E-02, 8.832495E-02, 1.7738238E-01
5.46920E-08, -2.027636E-02, 9.580732E-02, 1.7538005E-01
5.47170E-08, -3.41467E-03, 9.359422E-02, 1.7348312E-01
5.47420E-08, 1.186624E-02, 8.210720E-02, 1.7184964E-01
5.47670E-08, 2.503943E-02, 6.282164E-02, 1.7079578E-01
5.47920E-08, 3.188950E-02, 3.879373E-02, 1.7037424E-01
5.48170E-08, 3.083564E-02, 1.307965E-02, 1.7074309E-01
5.48420E-08, 2.345865E-02, -1.136981E-02, 1.7184964E-01
5.48670E-08, 1.028545E-02, -3.329001E-02, 1.7343043E-01
5.48920E-08, -5.52238E-03, -5.099478E-02, 1.7543274E-01
5.49170E-08, -2.027636E-02, -6.469490E-02, 1.7732969E-01
5.49420E-08, -3.081492E-02, -7.439038E-02, 1.7880508E-01
5.49670E-08, -3.503034E-02, -8.029197E-02, 1.7949009E-01
5.49920E-08, -3.186877E-02, -8.261045E-02, 1.7933202E-01
5.50170E-08, -2.396486E-02, -8.029197E-02, 1.7854163E-01
5.50420E-08, -1.448016E-02, -7.354730E-02, 1.7727700E-01
5.50670E-08, -5.52238E-03, -6.206027E-02, 1.7590699E-01
5.50920E-08, -7.8003E-04, -4.656859E-02, 1.7501120E-01
5.51170E-08, -4.46853E-03, -2.917997E-02, 1.7464235E-01
5.51420E-08, -1.184552E-02, -1.105365E-02, 1.7495851E-01
5.51670E-08, -2.185715E-02, 6.01881E-03, 1.7543274E-01
5.51920E-08, -3.344956E-02, 2.014048E-02, 1.7617045E-01
5.52170E-08, -4.398812E-02, 3.078442E-02, 1.7617045E-01
5.52420E-08, -4.925739E-02, 3.805603E-02, 1.7569621E-01
5.52670E-08, -4.873047E-02, 4.258761E-02, 1.7485313E-01
5.52920E-08, -4.451504E-02, 4.490609E-02, 1.7385197E-01
5.53170E-08, -3.924577E-02, 4.595995E-02, 1.7332503E-01
5.53420E-08, -3.239570E-02, 4.585456E-02, 1.7369388E-01
5.53670E-08, -2.343793E-02, 4.490609E-02, 1.7485313E-01
5.53920E-08, -1.448016E-02, 4.321992E-02, 1.7669737E-01
5.54170E-08, -5.52238E-03, 4.069067E-02, 1.7885777E-01
5.54420E-08, 1.85461E-03, 3.731833E-02, 1.8054394E-01
5.54670E-08, 8.70467E-03, 3.394599E-02, 1.8128164E-01
5.54920E-08, 1.028545E-02, 3.078442E-02, 1.8086010E-01
5.55170E-08, 7.65082E-03, 2.846594E-02, 1.7922664E-01
5.55420E-08, -3.41467E-03, 2.730670E-02, 1.7696084E-01
5.55670E-08, -2.027636E-02, 2.614746E-02, 1.7490582E-01
5.55920E-08, -3.819191E-02, 2.498822E-02, 1.7337774E-01
5.56170E-08, -5.505360E-02, 2.193204E-02, 1.7269273E-01
5.56420E-08, -6.611909E-02, 1.634660E-02, 1.7306158E-01
5.56670E-08, -6.822680E-02, 7.91575E-03, 1.7401004E-01
5.56920E-08, -6.295752E-02, -3.46589E-03, 1.7490582E-01
5.57170E-08, -5.294589E-02, -1.706063E-02, 1.7538005E-01
5.57420E-08, -3.924577E-02, -3.139307E-02, 1.7506389E-01
5.57670E-08, -2.818028E-02, -4.414472E-02, 1.7369388E-01
5.57920E-08, -2.238407E-02, -5.405096E-02, 1.7184964E-01
5.58170E-08, -2.185715E-02, -5.995255E-02, 1.6995271E-01
5.58420E-08, -2.607257E-02, -6.195488E-02, 1.6863538E-01
5.58670E-08, -3.239570E-02, -5.995255E-02, 1.6821384E-01
5.58920E-08, -3.819191E-02, -5.478866E-02, 1.6884615E-01
5.59170E-08, -3.924577E-02, -4.751706E-02, 1.7032155E-01
5.59420E-08, -3.924577E-02, -3.950775E-02, 1.7227118E-01
5.59670E-08, -3.555727E-02, -3.097152E-02, 1.7401004E-01
5.59920E-08, -3.239570E-02, -2.180298E-02, 1.7501120E-01
5.60170E-08, -3.134185E-02, -1.200212E-02, 1.7516929E-01
5.60420E-08, -3.239570E-02, -1.04202E-03, 1.7448428E-01
5.60670E-08, -3.397649E-02, 1.128809E-02, 1.7327234E-01
5.60920E-08, -3.503034E-02, 2.446129E-02, 1.7200772E-01
5.61170E-08, -3.450342E-02, 3.795064E-02, 1.7116463E-01
5.61420E-08, -2.976106E-02, 5.049153E-02, 1.7100656E-01
5.61670E-08, -1.974943E-02, 6.071393E-02, 1.7158617E-01
5.61920E-08, -8.68395E-03, 6.714245E-02, 1.7242926E-01
5.62170E-08, 3.96232E-03, 6.925016E-02, 1.7343043E-01
5.62420E-08, 1.450088E-02, 6.672090E-02, 1.7432620E-01
5.62670E-08, 2.029708E-02, 6.008161E-02, 1.7490582E-01
5.62920E-08, 1.977016E-02, 4.996460E-02, 1.7501120E-01
5.63170E-08, 1.292009E-02, 3.710756E-02, 1.7501120E-01
5.63420E-08, 2.90846E-03, 2.309128E-02, 1.7480044E-01
5.63670E-08, -8.15702E-03, 7.49421E-03, 1.7464235E-01
5.63920E-08, -1.764172E-02, -7.68131E-03, 1.7453697E-01
5.64170E-08, -2.659950E-02, -2.243529E-02, 1.7422082E-01
5.64420E-08, -2.870721E-02, -3.581926E-02, 1.7379928E-01
5.64670E-08, -2.659950E-02, -4.635781E-02, 1.7306158E-01
5.64920E-08, -2.185715E-02, -5.204864E-02, 1.7227118E-01
5.65170E-08, -1.395323E-02, -5.204864E-02, 1.7137541E-01
5.65420E-08, -6.04931E-03, -4.562012E-02, 1.7079578E-01
5.65670E-08, 1.85461E-03, -3.297385E-02, 1.7069040E-01
5.65920E-08, 9.23160E-03, -1.516369E-02, 1.7100656E-01
5.66170E-08, 1.344702E-02, 4.85957E-03, 1.7184964E-01
5.66420E-08, 1.608166E-02, 2.393436E-02, 1.7258734E-01
5.66670E-08, 1.871630E-02, 3.953143E-02, 1.7316696E-01
5.66920E-08, 1.924323E-02, 4.848920E-02, 1.7321965E-01
5.67170E-08, 1.871630E-02, 4.996460E-02, 1.7258734E-01
5.67420E-08, 1.660859E-02, 4.374685E-02, 1.7148079E-01
5.67670E-08, 1.133931E-02, 3.173289E-02, 1.7042693E-01
5.67920E-08, 4.48925E-03, 1.539813E-02, 1.6953115E-01
5.68170E-08, -7.10317E-03, -2.83357E-03, 1.6926770E-01
5.68420E-08, -2.080329E-02, -1.969527E-02, 1.6958384E-01
5.68670E-08, -3.661112E-02, -3.350078E-02, 1.7032155E-01
5.68920E-08, -4.978433E-02, -4.340702E-02, 1.7116463E-01
5.69170E-08, -5.979595E-02, -4.836014E-02, 1.7179695E-01
5.69420E-08, -6.559216E-02, -4.888707E-02, 1.7211311E-01
5.69670E-08, -6.506523E-02, -4.519857E-02, 1.7211311E-01
5.69920E-08, -6.137674E-02, -3.834851E-02, 1.7206042E-01
5.70170E-08, -5.558053E-02, -2.875843E-02, 1.7211311E-01
5.70420E-08, -4.873047E-02, -1.727140E-02, 1.7232387E-01
5.70670E-08, -4.346119E-02, -4.62513E-03, 1.7274542E-01
5.70920E-08, -4.135348E-02, 9.28577E-03, 1.7300887E-01
5.71170E-08, -4.188041E-02, 2.330205E-02, 1.7295618E-01
5.71420E-08, -4.240733E-02, 3.710756E-02, 1.7232387E-01
5.71670E-08, -4.346119E-02, 4.954306E-02, 1.7084847E-01
5.71920E-08, -4.135348E-02, 6.081931E-02, 1.6916230E-01
5.72170E-08, -3.924577E-02, 6.988247E-02, 1.6731806E-01
5.72420E-08, -3.608420E-02, 7.578406E-02, 1.6636959E-01
5.72670E-08, -3.344956E-02, 7.873486E-02, 1.6647497E-01
5.72920E-08, -3.450342E-02, 7.789177E-02, 1.6784498E-01
5.73170E-08, -3.924577E-02, 7.262250E-02, 1.7037424E-01
5.73420E-08, -4.662276E-02, 6.187317E-02, 1.7316696E-01
5.73670E-08, -5.505360E-02, 4.595995E-02, 1.7569621E-01
5.73920E-08, -6.137674E-02, 2.372359E-02, 1.7690815E-01
5.74170E-08, -6.506523E-02, -3.36050E-03, 1.7680275E-01
5.74420E-08, -6.243059E-02, -3.371155E-02, 1.7522198E-01
5.74670E-08, -5.399975E-02, -6.458952E-02, 1.7242926E-01
5.74920E-08, -4.293426E-02, -9.335978E-02, 1.6926770E-01
5.75170E-08, -3.239570E-02, -1.1570153E-01, 1.6673844E-01
5.75420E-08, -2.291100E-02, -1.2929626E-01, 1.6526304E-01
5.75670E-08, -1.869558E-02, -1.3203628E-01, 1.6515766E-01
5.75920E-08, -1.922251E-02, -1.2360545E-01, 1.6642228E-01
5.76170E-08, -2.607257E-02, -1.0558451E-01, 1.6837192E-01
5.76420E-08, -3.503034E-02, -7.965966E-02, 1.7063771E-01
5.76670E-08, -4.240733E-02, -4.899246E-02, 1.7227118E-01
5.76920E-08, -4.556890E-02, -1.621754E-02, 1.7321965E-01
5.77170E-08, -4.662276E-02, 1.603044E-02, 1.7332503E-01
5.77420E-08, -4.398812E-02, 4.532763E-02, 1.7253464E-01
5.77670E-08, -3.977269E-02, 6.988247E-02, 1.7127001E-01
5.77920E-08, -3.713806E-02, 8.874649E-02, 1.6979462E-01
5.78170E-08, -3.819191E-02, 1.0086583E-01, 1.6863538E-01
5.78420E-08, -4.135348E-02, 1.0529202E-01, 1.6805576E-01
5.78670E-08, -4.609583E-02, 1.0307893E-01, 1.6795038E-01
5.78920E-08, -5.136511E-02, 9.433193E-02, 1.6847730E-01
5.79170E-08, -5.347282E-02, 8.063180E-02, 1.6942577E-01
5.79420E-08, -5.189203E-02, 6.355934E-02, 1.7053232E-01
5.79670E-08, -4.767661E-02, 4.501148E-02, 1.7179695E-01
5.79920E-08, -3.871884E-02, 2.625285E-02, 1.7290349E-01
5.80170E-08, -3.081492E-02, 8.02114E-03, 1.7369388E-01
5.80420E-08, -2.343793E-02, -8.52439E-03, 1.7411543E-01
5.80670E-08, -2.133022E-02, -2.464839E-02, 1.7379928E-01
5.80920E-08, -2.080329E-02, -3.971852E-02, 1.7311427E-01
5.81170E-08, -2.396486E-02, -5.384019E-02, 1.7200772E-01
5.81420E-08, -2.818028E-02, -6.585415E-02, 1.7063771E-01
5.81670E-08, -2.976106E-02, -7.523347E-02, 1.6932039E-01
5.81920E-08, -2.870721E-02, -8.018658E-02, 1.6842461E-01
5.82170E-08, -2.343793E-02, -7.944889E-02, 1.6795038E-01
5.82420E-08, -1.658787E-02, -7.228266E-02, 1.6810845E-01
5.82670E-08, -6.57624E-03, -5.910947E-02, 1.6889885E-01
5.82920E-08, 4.48925E-03, -4.077238E-02, 1.6984731E-01
5.83170E-08, 1.397395E-02, -1.969527E-02, 1.7095385E-01
5.83420E-08, 1.977016E-02, 9.6031E-04, 1.7174426E-01
5.83670E-08, 2.240480E-02, 2.003510E-02, 1.7206042E-01
5.83920E-08, 2.240480E-02, 3.447292E-02, 1.7179695E-01
5.84170E-08, 1.818937E-02, 4.321992E-02, 1.7105925E-01
5.84420E-08, 1.186624E-02, 4.564379E-02, 1.7011078E-01
5.84670E-08, 3.96232E-03, 4.174452E-02, 1.6905692E-01
5.84920E-08, -3.94160E-03, 3.225982E-02, 1.6837192E-01
5.85170E-08, -1.395323E-02, 1.855970E-02, 1.6800307E-01
5.85420E-08, -2.343793E-02, 2.75186E-03, 1.6795038E-01
5.85670E-08, -3.239570E-02, -1.326675E-02, 1.6816114E-01
5.85920E-08, -3.766498E-02, -2.770457E-02, 1.6826653E-01
5.86170E-08, -4.188041E-02, -3.845390E-02, 1.6826653E-01
5.86420E-08, -4.346119E-02, -4.288009E-02, 1.6784498E-01
5.86670E-08, -4.135348E-02, -4.108854E-02, 1.6694921E-01
5.86920E-08, -3.661112E-02, -3.307923E-02, 1.6578996E-01
5.87170E-08, -2.659950E-02, -2.001142E-02, 1.6473611E-01
5.87420E-08, -1.606094E-02, -3.88743E-03, 1.6384034E-01
5.87670E-08, -2.36081E-03, 1.276349E-02, 1.6347149E-01
5.87920E-08, 9.23160E-03, 2.730670E-02, 1.6384034E-01
5.88170E-08, 1.871630E-02, 3.763449E-02, 1.6463073E-01
5.88420E-08, 2.293172E-02, 4.227145E-02, 1.6584267E-01
5.88670E-08, 2.187787E-02, 4.195530E-02, 1.6715997E-01
5.88920E-08, 1.450088E-02, 3.752910E-02, 1.6816114E-01
5.89170E-08, -2.5310E-04, 3.057365E-02, 1.6879345E-01
5.89420E-08, -1.606094E-02, 2.309128E-02, 1.6921499E-01
5.89670E-08, -3.134185E-02, 1.718969E-02, 1.6916230E-01
5.89920E-08, -4.135348E-02, 1.360658E-02, 1.6900423E-01
5.90170E-08, -4.609583E-02, 1.244733E-02, 1.6916230E-01
5.90420E-08, -4.188041E-02, 1.318503E-02, 1.6937308E-01
5.90670E-08, -3.134185E-02, 1.413350E-02, 1.6963655E-01
5.90920E-08, -1.869558E-02, 1.381735E-02, 1.6979462E-01
5.91170E-08, -4.99545E-03, 1.118271E-02, 1.6963655E-01
5.91420E-08, 3.96232E-03, 4.43803E-03, 1.6895154E-01
5.91670E-08, 1.186624E-02, -6.10053E-03, 1.6784498E-01
5.91920E-08, 1.397395E-02, -2.022219E-02, 1.6658036E-01
5.92170E-08, 1.239317E-02, -3.634619E-02, 1.6568458E-01
5.92420E-08, 8.17774E-03, -5.236479E-02, 1.6552651E-01
5.92670E-08, 2.90846E-03, -6.617031E-02, 1.6605343E-01
5.92920E-08, -1.83389E-03, -7.533885E-02, 1.6758153E-01
5.93170E-08, -9.73780E-03, -7.860580E-02, 1.6932039E-01
5.93420E-08, -1.553401E-02, -7.449576E-02, 1.7105925E-01
5.93670E-08, -2.291100E-02, -6.321951E-02, 1.7216580E-01
5.93920E-08, -2.870721E-02, -4.572550E-02, 1.7221849E-01
5.94170E-08, -3.028799E-02, -2.380530E-02, 1.7127001E-01
5.94420E-08, -2.976106E-02, -6.2048E-04, 1.6974193E-01
5.94670E-08, -2.238407E-02, 2.151049E-02, 1.6800307E-01
5.94920E-08, -1.395323E-02, 3.942604E-02, 1.6663305E-01
5.95170E-08, -5.52238E-03, 5.101845E-02, 1.6626421E-01
5.95420E-08, 1.32768E-03, 5.512849E-02, 1.6668575E-01
5.95670E-08, 3.43539E-03, 5.207231E-02, 1.6795038E-01
5.95920E-08, 8.0075E-04, 4.290377E-02, 1.6942577E-01
5.96170E-08, -6.57624E-03, 2.983595E-02, 1.7074309E-01
5.96420E-08, -1.500708E-02, 1.592506E-02, 1.7142810E-01
5.96670E-08, -2.291100E-02, 3.91110E-03, 1.7116463E-01
5.96920E-08, -2.607257E-02, -4.09820E-03, 1.7016347E-01
5.97170E-08, -2.501871E-02, -7.68131E-03, 1.6863538E-01
5.97420E-08, -2.133022E-02, -6.73284E-03, 1.6721268E-01
5.97670E-08, -1.448016E-02, -3.57127E-03, 1.6610612E-01
5.97920E-08, -5.52238E-03, 1.1722E-04, 1.6563189E-01
5.98170E-08, 8.0075E-04, 2.11955E-03, 1.6584267E-01
5.98420E-08, 6.07003E-03, 3.2799E-04, 1.6663305E-01
5.98670E-08, 7.12389E-03, -5.15206E-03, 1.6742344E-01
5.98920E-08, 7.12389E-03, -1.347752E-02, 1.6810845E-01
5.99170E-08, 2.38154E-03, -2.296222E-02, 1.6826653E-01
5.99420E-08, -2.36081E-03, -3.086614E-02, 1.6784498E-01
5.99670E-08, -6.57624E-03, -3.497617E-02, 1.6663305E-01
5.99920E-08, -1.026473E-02, -3.392232E-02, 1.6510496E-01
6.00170E-08, -1.131859E-02, -2.717764E-02, 1.6362956E-01
6.00420E-08, -9.73780E-03, -1.590138E-02, 1.6247033E-01
6.00670E-08, -4.46853E-03, -9.3663E-04, 1.6189070E-01
6.00920E-08, 2.38154E-03, 1.476582E-02, 1.6225955E-01
6.01170E-08, 7.12389E-03, 2.909826E-02, 1.6326071E-01
6.01420E-08, 8.17774E-03, 3.932066E-02, 1.6452534E-01
6.01670E-08, 2.90846E-03, 4.416839E-02, 1.6594805E-01
6.01920E-08, -8.68395E-03, 4.300915E-02, 1.6673844E-01
6.02170E-08, -2.291100E-02, 3.573754E-02, 1.6679113E-01
6.02420E-08, -3.503034E-02, 2.298589E-02, 1.6605343E-01
6.02670E-08, -4.135348E-02, 7.17806E-03, 1.6457804E-01
6.02920E-08, -3.819191E-02, -9.47286E-03, 1.6262840E-01
6.03170E-08, -2.554564E-02, -2.454300E-02, 1.6088954E-01
6.03420E-08, -6.04931E-03, -3.476540E-02, 1.5978299E-01
6.03670E-08, 1.555473E-02, -3.866467E-02, 1.5962492E-01
6.03920E-08, 3.136257E-02, -3.539772E-02, 1.6052069E-01
6.04170E-08, 3.557799E-02, -2.496454E-02, 1.6220686E-01
6.04420E-08, 2.767408E-02, -9.26209E-03, 1.6420919E-01
6.04670E-08, 8.70467E-03, 9.07500E-03, 1.6610612E-01
6.04920E-08, -1.553401E-02, 2.667439E-02, 1.6721268E-01
6.05170E-08, -3.766498E-02, 4.026913E-02, 1.6747613E-01
6.05420E-08, -5.399975E-02, 4.743534E-02, 1.6694921E-01
6.05670E-08, -5.610746E-02, 4.690842E-02, 1.6600074E-01
6.05920E-08, -5.031125E-02, 3.868834E-02, 1.6521035E-01
6.06170E-08, -3.819191E-02, 2.414513E-02, 1.6457804E-01
6.06420E-08, -2.185715E-02, 5.91343E-03, 1.6468342E-01
6.06670E-08, -8.15702E-03, -1.305597E-02, 1.6499957E-01
6.06920E-08, 2.7382E-04, -2.991767E-02, 1.6547382E-01
6.07170E-08, 3.96232E-03, -4.203701E-02, 1.6573727E-01
6.07420E-08, 5.54310E-03, -4.793860E-02, 1.6557920E-01
6.07670E-08, 4.48925E-03, -4.741167E-02, 1.6463073E-01
6.07920E-08, 3.43539E-03, -4.014007E-02, 1.6336609E-01
6.08170E-08, 2.90846E-03, -2.844227E-02, 1.6204879E-01
6.08420E-08, -2.5310E-04, -1.410983E-02, 1.6099493E-01
6.08670E-08, -2.88774E-03, 1.38185E-03, 1.6052069E-01
6.08920E-08, -8.68395E-03, 1.497659E-02, 1.6078416E-01
6.09170E-08, -1.711480E-02, 2.572592E-02, 1.6146916E-01
6.09420E-08, -2.554564E-02, 3.257598E-02, 1.6257571E-01
6.09670E-08, -3.397649E-02, 3.436754E-02, 1.6384034E-01
6.09920E-08, -4.293426E-02, 3.162751E-02, 1.6505226E-01
6.10170E-08, -4.925739E-02, 2.509360E-02, 1.6626421E-01
6.10420E-08, -5.241896E-02, 1.613583E-02, 1.6742344E-01
6.10670E-08, -5.294589E-02, 6.01881E-03, 1.6852999E-01
6.10920E-08, -4.767661E-02, -3.99282E-03, 1.6942577E-01
6.11170E-08, -3.661112E-02, -1.284520E-02, 1.7000540E-01
6.11420E-08, -1.922251E-02, -1.958988E-02, 1.6984731E-01
6.11670E-08, 1.85461E-03, -2.485916E-02, 1.6889885E-01
6.11920E-08, 2.503943E-02, -2.833688E-02, 1.6721268E-01
6.12170E-08, 4.295498E-02, -3.033921E-02, 1.6478881E-01
6.12420E-08, 5.191276E-02, -3.118229E-02, 1.6247033E-01
6.12670E-08, 4.927812E-02, -3.086614E-02, 1.6041531E-01
6.12920E-08, 3.294335E-02, -2.907458E-02, 1.5893991E-01
6.13170E-08, 7.65082E-03, -2.528070E-02, 1.5857106E-01
6.13420E-08, -1.974943E-02, -1.958988E-02, 1.5904529E-01
6.13670E-08, -4.398812E-02, -1.189673E-02, 1.6015184E-01
6.13920E-08, -5.821517E-02, -2.83357E-03, 1.6146916E-01
6.14170E-08, -6.032288E-02, 7.28344E-03, 1.6283917E-01
6.14420E-08, -5.031125E-02, 1.687353E-02, 1.6378765E-01
6.14670E-08, -3.344956E-02, 2.572592E-02, 1.6447265E-01
6.14920E-08, -1.500708E-02, 3.268136E-02, 1.6473611E-01
6.15170E-08, -1.83389E-03, 3.700217E-02, 1.6457804E-01
6.15420E-08, 2.90846E-03, 3.826680E-02, 1.6431457E-01
6.15670E-08, -7.8003E-04, 3.615909E-02, 1.6347149E-01
6.15920E-08, -1.237244E-02, 3.025750E-02, 1.6252302E-01
6.16170E-08, -2.712642E-02, 2.098357E-02, 1.6104762E-01
6.16420E-08, -4.240733E-02, 9.28577E-03, 1.5946683E-01
6.16670E-08, -5.347282E-02, -4.41436E-03, 1.5809682E-01
6.16920E-08, -5.768824E-02, -1.832525E-02, 1.5699027E-01
6.17170E-08, -5.558053E-02, -3.033921E-02, 1.5656874E-01
6.17420E-08, -4.662276E-02, -3.908621E-02, 1.5683219E-01
6.17670E-08, -3.397649E-02, -4.393395E-02, 1.5793875E-01
6.17920E-08, -1.711480E-02, -4.446087E-02, 1.5941414E-01
6.18170E-08, -1.30696E-03, -4.172085E-02, 1.6083685E-01
6.18420E-08, 1.397395E-02, -3.708389E-02, 1.6199608E-01
6.18670E-08, 2.451251E-02, -3.181460E-02, 1.6215417E-01
6.18920E-08, 3.083564E-02, -2.749380E-02, 1.6146916E-01
6.19170E-08, 2.978179E-02, -2.401607E-02, 1.6004646E-01
6.19420E-08, 2.187787E-02, -2.138143E-02, 1.5825491E-01
6.19670E-08, 9.75853E-03, -1.737678E-02, 1.5651605E-01
6.19920E-08, -4.46853E-03, -1.179135E-02, 1.5525141E-01
6.20170E-08, -1.606094E-02, -3.04435E-03, 1.5461910E-01
6.20420E-08, -2.291100E-02, 8.23191E-03, 1.5472448E-01
6.20670E-08, -2.449179E-02, 2.119434E-02, 1.5519872E-01
6.20920E-08, -2.133022E-02, 3.405138E-02, 1.5604180E-01
6.21170E-08, -1.500708E-02, 4.416839E-02, 1.5683219E-01
6.21420E-08, -7.63009E-03, 4.996460E-02, 1.5756990E-01
6.21670E-08, -2.36081E-03, 4.985921E-02, 1.5820220E-01
6.21920E-08, 8.0075E-04, 4.416839E-02, 1.5867645E-01
6.22170E-08, -2.5310E-04, 3.331368E-02, 1.5930876E-01
6.22420E-08, -6.04931E-03, 2.014048E-02, 1.5994106E-01
6.22670E-08, -1.448016E-02, 5.80804E-03, 1.6067877E-01
6.22920E-08, -2.554564E-02, -6.83823E-03, 1.6115300E-01
6.23170E-08, -3.766498E-02, -1.684985E-02, 1.6141647E-01
6.23420E-08, -4.978433E-02, -2.338376E-02, 1.6141647E-01
6.23670E-08, -5.716131E-02, -2.601840E-02, 1.6104762E-01
6.23920E-08, -6.084981E-02, -2.506993E-02, 1.6046800E-01
6.24170E-08, -5.874210E-02, -2.095989E-02, 1.5978299E-01
6.24420E-08, -5.031125E-02, -1.484753E-02, 1.5920337E-01
6.24670E-08, -3.871884E-02, -7.36515E-03, 1.5862375E-01
6.24920E-08, -2.659950E-02, 1.1722E-04, 1.5820220E-01
6.25170E-08, -1.816865E-02, 6.65113E-03, 1.5809682E-01
6.25420E-08, -1.711480E-02, 1.055039E-02, 1.5799144E-01
6.25670E-08, -2.185715E-02, 1.202579E-02, 1.5783335E-01
6.25920E-08, -3.239570E-02, 9.60192E-03, 1.5799144E-01
6.26170E-08, -4.346119E-02, 4.01649E-03, 1.5820220E-01
6.26420E-08, -4.820354E-02, -3.99282E-03, 1.5862375E-01
6.26670E-08, -4.240733E-02, -1.273982E-02, 1.5909798E-01
6.26920E-08, -2.870721E-02, -2.169759E-02, 1.5962492E-01
6.27170E-08, -7.10317E-03, -2.854765E-02, 1.5999377E-01
6.27420E-08, 1.502781E-02, -3.297385E-02, 1.6030993E-01
6.27670E-08, 3.294335E-02, -3.392232E-02, 1.6030993E-01
6.27920E-08, 3.979342E-02, -3.202538E-02, 1.6020453E-01
6.28170E-08, 3.663185E-02, -2.738841E-02, 1.5994106E-01
6.28420E-08, 2.451251E-02, -2.064374E-02, 1.5983568E-01
6.28670E-08, 1.133931E-02, -1.337213E-02, 1.5978299E-01
6.28920E-08, 2.7382E-04, -6.20591E-03, 1.5988837E-01
6.29170E-08, -2.88774E-03, 5.3876E-04, 1.6009915E-01
6.29420E-08, 5.01618E-03, 6.01881E-03, 1.6036262E-01
6.29670E-08, 1.818937E-02, 1.055039E-02, 1.6036262E-01
6.29920E-08, 3.557799E-02, 1.413350E-02, 1.6020453E-01
6.30170E-08, 4.822426E-02, 1.792738E-02, 1.5994106E-01
6.30420E-08, 4.980505E-02, 2.193204E-02, 1.5946683E-01
6.30670E-08, 4.190113E-02, 2.699054E-02, 1.5893991E-01
6.30920E-08, 2.398558E-02, 3.278675E-02, 1.5867645E-01
6.31170E-08, 1.85461E-03, 3.826680E-02, 1.5836029E-01
6.31420E-08, -1.974943E-02, 4.174452E-02, 1.5820220E-01
6.31670E-08, -3.661112E-02, 4.142837E-02, 1.5814951E-01
6.31920E-08, -4.556890E-02, 3.615909E-02, 1.5820220E-01
6.32170E-08, -4.556890E-02, 2.519899E-02, 1.5836029E-01
6.32420E-08, -4.082655E-02, 9.60192E-03, 1.5872914E-01
6.32670E-08, -3.608420E-02, -8.41901E-03, 1.5930876E-01
6.32920E-08, -3.134185E-02, -2.622917E-02, 1.5999377E-01
6.33170E-08, -3.134185E-02, -4.056161E-02, 1.6099493E-01
6.33420E-08, -3.503034E-02, -4.920323E-02, 1.6194339E-01
6.33670E-08, -4.029962E-02, -5.110017E-02, 1.6289186E-01
6.33920E-08, -4.556890E-02, -4.741167E-02, 1.6352418E-01
6.34170E-08, -5.031125E-02, -4.003468E-02, 1.6389303E-01
6.34420E-08, -5.083818E-02, -3.139307E-02, 1.6394572E-01
6.34670E-08, -4.820354E-02, -2.401607E-02, 1.6362956E-01
6.34920E-08, -4.451504E-02, -1.958988E-02, 1.6320802E-01
6.35170E-08, -3.977269E-02, -1.832525E-02, 1.6268109E-01
6.35420E-08, -3.397649E-02, -1.927372E-02, 1.6236494E-01
6.35670E-08, -2.818028E-02, -2.117066E-02, 1.6178532E-01
6.35920E-08, -2.343793E-02, -2.148682E-02, 1.6115300E-01
6.36170E-08, -1.974943E-02, -1.958988E-02, 1.6036262E-01
6.36420E-08, -1.448016E-02, -1.474214E-02, 1.5930876E-01
6.36670E-08, -9.21088E-03, -6.62745E-03, 1.5778066E-01
6.36920E-08, -4.46853E-03, 3.80572E-03, 1.5619989E-01
6.37170E-08, 2.38154E-03, 1.529275E-02, 1.5477717E-01
6.37420E-08, 8.17774E-03, 2.709593E-02, 1.5361793E-01
6.37670E-08, 1.397395E-02, 3.752910E-02, 1.5293293E-01
6.37920E-08, 1.924323E-02, 4.585456E-02, 1.5293293E-01
6.38170E-08, 2.187787E-02, 5.028075E-02, 1.5361793E-01
6.38420E-08, 2.029708E-02, 5.059691E-02, 1.5472448E-01
6.38670E-08, 1.660859E-02, 4.564379E-02, 1.5572564E-01
6.38920E-08, 8.70467E-03, 3.542139E-02, 1.5656874E-01
6.39170E-08, -3.94160E-03, 2.108895E-02, 1.5693758E-01
6.39420E-08, -1.606094E-02, 4.64880E-03, 1.5677950E-01
6.39670E-08, -2.870721E-02, -1.179135E-02, 1.5604180E-01
6.39920E-08, -3.608420E-02, -2.601840E-02, 1.5509333E-01
6.40170E-08, -3.871884E-02, -3.560849E-02, 1.5435563E-01
6.40420E-08, -3.397649E-02, -3.940237E-02, 1.5382871E-01
6.40670E-08, -2.449179E-02, -3.792697E-02, 1.5393409E-01
6.40920E-08, -8.68395E-03, -3.213076E-02, 1.5435563E-01
6.41170E-08, 5.01618E-03, -2.433223E-02, 1.5535679E-01
6.41420E-08, 1.502781E-02, -1.695524E-02, 1.5656874E-01
6.41670E-08, 1.713552E-02, -1.158058E-02, 1.5767528E-01
6.41920E-08, 9.75853E-03, -8.94594E-03, 1.5857106E-01
6.42170E-08, -2.88774E-03, -8.62978E-03, 1.5904529E-01
6.42420E-08, -2.343793E-02, -1.010518E-02, 1.5909798E-01
6.42670E-08, -4.135348E-02, -1.189673E-02, 1.5857106E-01
6.42920E-08, -5.610746E-02, -1.189673E-02, 1.5735912E-01
6.43170E-08, -6.295752E-02, -9.78902E-03, 1.5593642E-01
6.43420E-08, -6.295752E-02, -5.25744E-03, 1.5451372E-01
6.43670E-08, -5.610746E-02, 1.69801E-03, 1.5298562E-01
6.43920E-08, -4.662276E-02, 9.49654E-03, 1.5187907E-01
6.44170E-08, -3.871884E-02, 1.697891E-02, 1.5166830E-01
6.44420E-08, -3.608420E-02, 2.266973E-02, 1.5193176E-01
6.44670E-08, -3.608420E-02, 2.540976E-02, 1.5309101E-01
6.44920E-08, -4.029962E-02, 2.456667E-02, 1.5446103E-01
6.45170E-08, -4.504197E-02, 2.003510E-02, 1.5598911E-01
6.45420E-08, -4.767661E-02, 1.307965E-02, 1.5704297E-01
6.45670E-08, -4.504197E-02, 4.75419E-03, 1.5756990E-01
6.45920E-08, -3.871884E-02, -4.20359E-03, 1.5741181E-01
6.46170E-08, -2.870721E-02, -1.126442E-02, 1.5683219E-01
6.46420E-08, -1.974943E-02, -1.611216E-02, 1.5583104E-01
6.46670E-08, -1.342630E-02, -1.821987E-02, 1.5477717E-01
6.46920E-08, -9.73780E-03, -1.811448E-02, 1.5398678E-01
6.47170E-08, -1.026473E-02, -1.632293E-02, 1.5351255E-01
6.47420E-08, -1.395323E-02, -1.347752E-02, 1.5340717E-01
6.47670E-08, -1.711480E-02, -1.021056E-02, 1.5330178E-01
6.47920E-08, -1.606094E-02, -6.73284E-03, 1.5319639E-01
6.48170E-08, -1.606094E-02, -2.93896E-03, 1.5288024E-01
6.48420E-08, -1.184552E-02, 1.38185E-03, 1.5219523E-01
6.48670E-08, -6.57624E-03, 6.65113E-03, 1.5129945E-01
6.48920E-08, -2.36081E-03, 1.307965E-02, 1.5035099E-01
6.49170E-08, -2.36081E-03, 2.014048E-02, 1.4945520E-01
6.49420E-08, -7.10317E-03, 2.656900E-02, 1.4887558E-01
6.49670E-08, -1.553401E-02, 3.152213E-02, 1.4861213E-01
6.49920E-08, -2.396486E-02, 3.415676E-02, 1.4861213E-01
6.50170E-08, -3.134185E-02, 3.394599E-02, 1.4898098E-01
6.50420E-08, -3.450342E-02, 2.983595E-02, 1.4961328E-01
6.50670E-08, -3.081492E-02, 2.277512E-02, 1.5024559E-01
6.50920E-08, -2.080329E-02, 1.286888E-02, 1.5082522E-01
6.51170E-08, -6.04931E-03, 1.48723E-03, 1.5156291E-01
6.51420E-08, 6.59696E-03, -1.063211E-02, 1.5203716E-01
6.51670E-08, 1.871630E-02, -2.254068E-02, 1.5245870E-01
6.51920E-08, 2.451251E-02, -3.413309E-02, 1.5282755E-01
6.52170E-08, 2.451251E-02, -4.403934E-02, 1.5324908E-01
6.52420E-08, 1.977016E-02, -5.183787E-02, 1.5335447E-01
6.52670E-08, 1.292009E-02, -5.689637E-02, 1.5345986E-01
6.52920E-08, 9.23160E-03, -5.900408E-02, 1.5340717E-01
6.53170E-08, 7.12389E-03, -5.773946E-02, 1.5298562E-01
6.53420E-08, 8.17774E-03, -5.278634E-02, 1.5251139E-01
6.53670E-08, 1.186624E-02, -4.467165E-02, 1.5156291E-01
6.53920E-08, 1.450088E-02, -3.371155E-02, 1.5056175E-01
6.54170E-08, 1.239317E-02, -2.095989E-02, 1.4966598E-01
6.54420E-08, 6.07003E-03, -7.36515E-03, 1.4898098E-01
6.54670E-08, -1.83389E-03, 6.12420E-03, 1.4887558E-01
6.54920E-08, -8.68395E-03, 1.898124E-02, 1.4940251E-01
6.55170E-08, -1.131859E-02, 3.088981E-02, 1.5061444E-01
6.55420E-08, -9.73780E-03, 4.184991E-02, 1.5208985E-01
6.55670E-08, -2.5310E-04, 5.154538E-02, 1.5356524E-01
6.55920E-08, 1.133931E-02, 6.060854E-02, 1.5451372E-01
6.56170E-08, 1.977016E-02, 6.788015E-02, 1.5493526E-01
6.56420E-08, 1.977016E-02, 7.336020E-02, 1.5435563E-01
6.56670E-08, 1.502781E-02, 7.494098E-02, 1.5303831E-01
6.56920E-08, 3.43539E-03, 7.156864E-02, 1.5140484E-01
6.57170E-08, -1.026473E-02, 6.261086E-02, 1.4992943E-01
6.57420E-08, -2.027636E-02, 4.806766E-02, 1.4908636E-01
6.57670E-08, -1.974943E-02, 2.814979E-02, 1.4887558E-01
6.57920E-08, -8.15702E-03, 5.07034E-03, 1.4950790E-01
6.58170E-08, 8.70467E-03, -1.906295E-02, 1.5087791E-01
6.58420E-08, 2.767408E-02, -4.119392E-02, 1.5224792E-01
6.58670E-08, 3.979342E-02, -5.942563E-02, 1.5345986E-01
6.58920E-08, 3.979342E-02, -7.228266E-02, 1.5393409E-01
6.59170E-08, 2.451251E-02, -7.871119E-02, 1.5382871E-01
6.59420E-08, -7.8003E-04, -7.965966E-02, 1.5309101E-01
6.59670E-08, -2.870721E-02, -7.512808E-02, 1.5208985E-01
6.59920E-08, -4.978433E-02, -6.638107E-02, 1.5114138E-01
6.60170E-08, -5.821517E-02, -5.405096E-02, 1.5061444E-01
6.60420E-08, -5.189203E-02, -3.940237E-02, 1.5066715E-01
6.60670E-08, -3.239570E-02, -2.348915E-02, 1.5124676E-01
6.60920E-08, -8.68395E-03, -6.20591E-03, 1.5198445E-01
6.61170E-08, 1.397395E-02, 1.033962E-02, 1.5272216E-01
6.61420E-08, 2.556636E-02, 2.488283E-02, 1.5324908E-01
6.61670E-08, 2.767408E-02, 3.658063E-02, 1.5309101E-01
6.61920E-08, 2.082401E-02, 4.437916E-02, 1.5261677E-01
6.62170E-08, 1.028545E-02, 4.785689E-02, 1.5172100E-01
6.62420E-08, 3.96232E-03, 4.764612E-02, 1.5071984E-01
6.62670E-08, 3.96232E-03, 4.374685E-02, 1.5003483E-01
6.62920E-08, 1.081238E-02, 3.689679E-02, 1.4956059E-01
6.63170E-08, 2.135094E-02, 2.814979E-02, 1.4977136E-01
6.63420E-08, 3.294335E-02, 1.813816E-02, 1.5050906E-01
6.63670E-08, 3.715878E-02, 6.75651E-03, 1.5145753E-01
6.63920E-08, 3.241643E-02, -6.31130E-03, 1.5219523E-01
6.64170E-08, 1.871630E-02, -2.117066E-02, 1.5261677E-01
6.64420E-08, -2.88774E-03, -3.571387E-02, 1.5235330E-01
6.64670E-08, -2.554564E-02, -4.973016E-02, 1.5161560E-01
6.64920E-08, -4.451504E-02, -6.037410E-02, 1.5040368E-01
6.65170E-08, -5.768824E-02, -6.574876E-02, 1.4908636E-01
6.65420E-08, -6.190366E-02, -6.385182E-02, 1.4803250E-01
6.65670E-08, -5.716131E-02, -5.394558E-02, 1.4750557E-01
6.65920E-08, -4.767661E-02, -3.645157E-02, 1.4750557E-01
6.66170E-08, -3.292263E-02, -1.358290E-02, 1.4792712E-01
6.66420E-08, -1.606094E-02, 1.139348E-02, 1.4871751E-01
6.66670E-08, 1.32768E-03, 3.573754E-02, 1.4929713E-01
6.66920E-08, 1.977016E-02, 5.670927E-02, 1.4956059E-01
6.67170E-08, 3.663185E-02, 7.230634E-02, 1.4956059E-01
6.67420E-08, 5.138583E-02, 8.136950E-02, 1.4913905E-01
6.67670E-08, 6.245131E-02, 8.453107E-02, 1.4871751E-01
6.67920E-08, 6.613981E-02, 8.189642E-02, 1.4845404E-01
6.68170E-08, 6.350517E-02, 7.494098E-02, 1.4845404E-01
6.68420E-08, 5.507432E-02, 6.313779E-02, 1.4882289E-01
6.68670E-08, 4.453577E-02, 4.722457E-02, 1.4945520E-01
6.68920E-08, 3.136257E-02, 2.709593E-02, 1.5014021E-01
6.69170E-08, 2.082401E-02, 2.96263E-03, 1.5050906E-01
6.69420E-08, 1.344702E-02, -2.327838E-02, 1.5056175E-01
6.69670E-08, 1.186624E-02, -5.025708E-02, 1.4998214E-01
6.69920E-08, 1.555473E-02, -7.512808E-02, 1.4919174E-01
6.70170E-08, 2.187787E-02, -9.451903E-02, 1.4813788E-01
6.70420E-08, 3.083564E-02, -1.0558451E-01, 1.4724211E-01
6.70670E-08, 4.032034E-02, -1.0705990E-01, 1.4682056E-01
6.70920E-08, 4.875119E-02, -9.810213E-02, 1.4666249E-01
6.71170E-08, 5.507432E-02, -8.060813E-02, 1.4687327E-01
6.71420E-08, 5.876282E-02, -5.679099E-02, 1.4734749E-01
6.71670E-08, 5.928975E-02, -3.023382E-02, 1.4766365E-01
6.71920E-08, 5.876282E-02, -3.88743E-03, 1.4787441E-01
6.72170E-08, 5.507432E-02, 1.950817E-02, 1.4776903E-01
6.72420E-08, 4.769734E-02, 3.816142E-02, 1.4734749E-01
6.72670E-08, 4.032034E-02, 5.091307E-02, 1.4703134E-01
6.72920E-08, 3.347028E-02, 5.881699E-02, 1.4708403E-01
6.73170E-08, 2.609329E-02, 6.166240E-02, 1.4729480E-01
6.73420E-08, 2.029708E-02, 6.081931E-02, 1.4782172E-01
6.73670E-08, 1.818937E-02, 5.670927E-02, 1.4855942E-01
6.73920E-08, 1.713552E-02, 5.049153E-02, 1.4903367E-01
6.74170E-08, 1.924323E-02, 4.227145E-02, 1.4903367E-01
6.74420E-08, 2.082401E-02, 3.225982E-02, 1.4877020E-01
6.74670E-08, 2.556636E-02, 2.087818E-02, 1.4782172E-01
6.74920E-08, 2.872793E-02, 8.23191E-03, 1.4666249E-01
6.75170E-08, 3.294335E-02, -4.94129E-03, 1.4534517E-01
6.75420E-08, 3.610492E-02, -1.779833E-02, 1.4450209E-01
6.75670E-08, 3.821263E-02, -2.991767E-02, 1.4402784E-01
6.75920E-08, 3.768570E-02, -4.045622E-02, 1.4413324E-01
6.76170E-08, 3.663185E-02, -4.825476E-02, 1.4476554E-01
6.76420E-08, 3.294335E-02, -5.215402E-02, 1.4576671E-01
6.76670E-08, 3.030871E-02, -5.141632E-02, 1.4692596E-01
6.76920E-08, 2.662022E-02, -4.604166E-02, 1.4803250E-01
6.77170E-08, 2.398558E-02, -3.603003E-02, 1.4898098E-01
6.77420E-08, 2.240480E-02, -2.264606E-02, 1.4950790E-01
6.77670E-08, 2.293172E-02, -7.25977E-03, 1.4940251E-01
6.77920E-08, 2.293172E-02, 8.12653E-03, 1.4882289E-01
6.78170E-08, 2.345865E-02, 2.108895E-02, 1.4750557E-01
6.78420E-08, 2.345865E-02, 2.920364E-02, 1.4592479E-01
6.78670E-08, 2.451251E-02, 3.194366E-02, 1.4413324E-01
6.78920E-08, 2.556636E-02, 2.909826E-02, 1.4244707E-01
6.79170E-08, 2.820100E-02, 2.140511E-02, 1.4123513E-01
6.79420E-08, 3.083564E-02, 1.055039E-02, 1.4076090E-01
6.79670E-08, 3.610492E-02, -5.1509E-04, 1.4107706E-01
6.79920E-08, 4.084727E-02, -1.031595E-02, 1.4192013E-01
6.80170E-08, 4.348191E-02, -1.621754E-02, 1.4302668E-01
6.80420E-08, 4.137420E-02, -1.706063E-02, 1.4397515E-01
6.80670E-08, 3.610492E-02, -1.273982E-02, 1.4460747E-01
6.80920E-08, 2.714715E-02, -4.83590E-03, 1.4481825E-01
6.81170E-08, 1.555473E-02, 5.59727E-03, 1.4471285E-01
6.81420E-08, 6.07003E-03, 1.613583E-02, 1.4481825E-01
6.81670E-08, 2.38154E-03, 2.488283E-02, 1.4502901E-01
6.81920E-08, 5.01618E-03, 2.973057E-02, 1.4576671E-01
6.82170E-08, 1.133931E-02, 3.015211E-02, 1.4697865E-01
6.82420E-08, 2.029708E-02, 2.635823E-02, 1.4829597E-01
6.82670E-08, 2.820100E-02, 1.961355E-02, 1.4934982E-01
6.82920E-08, 2.714715E-02, 1.128809E-02, 1.4977136E-01
6.83170E-08, 1.871630E-02, 4.12187E-03, 1.4956059E-01
6.83420E-08, 3.43539E-03, -5.1509E-04, 1.4855942E-01
6.83670E-08, -1.448016E-02, -1.25279E-03, 1.4708403E-01
6.83920E-08, -2.923414E-02, 2.43570E-03, 1.4581940E-01
6.84170E-08, -3.713806E-02, 8.86422E-03, 1.4471285E-01
6.84420E-08, -3.608420E-02, 1.603044E-02, 1.4418593E-01
6.84670E-08, -2.185715E-02, 2.098357E-02, 1.4423862E-01
6.84920E-08, -2.36081E-03, 2.193204E-02, 1.4439669E-01
6.85170E-08, 1.713552E-02, 1.740046E-02, 1.4471285E-01
6.85420E-08, 3.030871E-02, 7.17806E-03, 1.4481825E-01
6.85670E-08, 3.715878E-02, -7.57592E-03, 1.4439669E-01
6.85920E-08, 3.505107E-02, -2.454300E-02, 1.4365900E-01
6.86170E-08, 2.556636E-02, -4.056161E-02, 1.4260514E-01
6.86420E-08, 1.292009E-02, -5.289172E-02, 1.4149860E-01
6.86670E-08, 4.48925E-03, -6.005794E-02, 1.4060281E-01
6.86920E-08, -1.30696E-03, -6.174411E-02, 1.3991781E-01
6.87170E-08, -7.8003E-04, -5.784484E-02, 1.3960165E-01
6.87420E-08, 3.43539E-03, -4.994093E-02, 1.3949627E-01
6.87670E-08, 8.17774E-03, -3.982391E-02, 1.3975973E-01
6.87920E-08, 1.292009E-02, -2.991767E-02, 1.4023396E-01
6.88170E-08, 1.450088E-02, -2.148682E-02, 1.4112975E-01
6.88420E-08, 1.239317E-02, -1.558523E-02, 1.4207822E-01
6.88670E-08, 9.75853E-03, -1.252905E-02, 1.4323746E-01
6.88920E-08, 6.59696E-03, -1.189673E-02, 1.4418593E-01
6.89170E-08, 2.90846E-03, -1.368829E-02, 1.4492363E-01
6.89420E-08, 1.32768E-03, -1.611216E-02, 1.4518709E-01
6.89670E-08, -1.30696E-03, -1.706063E-02, 1.4497632E-01
6.89920E-08, -3.94160E-03, -1.547984E-02, 1.4418593E-01
6.90170E-08, -7.63009E-03, -9.68364E-03, 1.4318477E-01
6.90420E-08, -1.131859E-02, 1.90878E-03, 1.4239438E-01
6.90670E-08, -1.131859E-02, 1.834893E-02, 1.4197282E-01
6.90920E-08, -7.63009E-03, 3.826680E-02, 1.4186744E-01
6.91170E-08, 2.90846E-03, 5.913314E-02, 1.4249976E-01
6.91420E-08, 1.608166E-02, 7.673253E-02, 1.4323746E-01
6.91670E-08, 3.241643E-02, 8.821956E-02, 1.4418593E-01
6.91920E-08, 4.506269E-02, 9.064343E-02, 1.4476554E-01
6.92170E-08, 4.875119E-02, 8.337183E-02, 1.4502901E-01
6.92420E-08, 4.084727E-02, 6.672090E-02, 1.4487094E-01
6.92670E-08, 2.556636E-02, 4.364146E-02, 1.4439669E-01
6.92920E-08, 3.96232E-03, 1.782200E-02, 1.4355361E-01
6.93170E-08, -1.764172E-02, -6.20591E-03, 1.4297399E-01
6.93420E-08, -3.028799E-02, -2.580763E-02, 1.4234167E-01
6.93670E-08, -2.923414E-02, -3.845390E-02, 1.4181475E-01
6.93920E-08, -1.553401E-02, -4.403934E-02, 1.4139321E-01
6.94170E-08, 8.17774E-03, -4.372318E-02, 1.4097166E-01
6.94420E-08, 3.821263E-02, -3.971852E-02, 1.4070821E-01
6.94670E-08, 6.455903E-02, -3.423848E-02, 1.4065550E-01
6.94920E-08, 8.247457E-02, -2.949612E-02, 1.4097166E-01
6.95170E-08, 8.510921E-02, -2.717764E-02, 1.4170937E-01
6.95420E-08, 7.404373E-02, -2.875843E-02, 1.4276323E-01
6.95670E-08, 5.296661E-02, -3.329001E-02, 1.4413324E-01
6.95920E-08, 2.714715E-02, -4.140469E-02, 1.4545055E-01
6.96170E-08, 2.90846E-03, -5.141632E-02, 1.4639902E-01
6.96420E-08, -1.816865E-02, -6.227104E-02, 1.4660980E-01
6.96670E-08, -2.923414E-02, -7.175574E-02, 1.4603017E-01
6.96920E-08, -3.081492E-02, -7.755195E-02, 1.4481825E-01
6.97170E-08, -2.818028E-02, -7.776272E-02, 1.4339553E-01
6.97420E-08, -2.238407E-02, -7.101804E-02, 1.4192013E-01
6.97670E-08, -1.606094E-02, -5.679099E-02, 1.4086628E-01
6.97920E-08, -1.026473E-02, -3.550310E-02, 1.4055012E-01
6.98170E-08, -4.99545E-03, -9.47286E-03, 1.4076090E-01
6.98420E-08, -1.83389E-03, 1.845431E-02, 1.4123513E-01
6.98670E-08, 1.32768E-03, 4.522225E-02, 1.4144590E-01
6.98920E-08, 4.48925E-03, 6.661552E-02, 1.4123513E-01
6.99170E-08, 8.17774E-03, 8.126412E-02, 1.4049743E-01
6.99420E-08, 1.028545E-02, 8.790340E-02, 1.3949627E-01
6.99670E-08, 1.081238E-02, 8.579569E-02, 1.3870588E-01
6.99920E-08, 7.65082E-03, 7.620560E-02, 1.3849510E-01
7.00170E-08, 1.32768E-03, 6.145163E-02, 1.3923280E-01
7.00420E-08, -7.10317E-03, 4.448455E-02, 1.4086628E-01
7.00670E-08, -1.448016E-02, 2.699054E-02, 1.4292130E-01
7.00920E-08, -1.974943E-02, 1.118271E-02, 1.4471285E-01
7.01170E-08, -2.027636E-02, -1.25279E-03, 1.4576671E-01
7.01420E-08, -1.658787E-02, -9.89441E-03, 1.4539786E-01
7.01670E-08, -6.57624E-03, -1.537446E-02, 1.4408053E-01
7.01920E-08, 5.54310E-03, -1.790371E-02, 1.4186744E-01
7.02170E-08, 1.292009E-02, -1.927372E-02, 1.3986512E-01
7.02420E-08, 1.924323E-02, -2.095989E-02, 1.3833703E-01
7.02670E-08, 1.713552E-02, -2.348915E-02, 1.3802087E-01
7.02920E-08, 1.292009E-02, -2.675610E-02, 1.3854779E-01
7.03170E-08, 5.01618E-03, -3.076075E-02, 1.3975973E-01
7.03420E-08, -7.8003E-04, -3.381693E-02, 1.4055012E-01
7.03670E-08, 2.7382E-04, -3.444925E-02, 1.4076090E-01
7.03920E-08, 1.028545E-02, -3.139307E-02, 1.3991781E-01
7.04170E-08, 2.556636E-02, -2.443762E-02, 1.3823164E-01
7.04420E-08, 4.295498E-02, -1.432060E-02, 1.3612393E-01
7.04670E-08, 6.087053E-02, -1.88510E-03, 1.3427968E-01
7.04920E-08, 6.930137E-02, 9.39115E-03, 1.3343659E-01
7.05170E-08, 6.508595E-02, 1.782200E-02, 1.3370006E-01
7.05420E-08, 4.875119E-02, 2.098357E-02, 1.3496469E-01
7.05670E-08, 2.556636E-02, 1.813816E-02, 1.3675624E-01
7.05920E-08, 2.7382E-04, 9.28577E-03, 1.3828434E-01
7.06170E-08, -1.974943E-02, -3.99282E-03, 1.3949627E-01
7.06420E-08, -3.081492E-02, -1.927372E-02, 1.4012858E-01
7.06670E-08, -2.712642E-02, -3.360616E-02, 1.4012858E-01
7.06920E-08, -1.289937E-02, -4.509319E-02, 1.3997050E-01
7.07170E-08, 7.12389E-03, -5.099478E-02, 1.4007589E-01
7.07420E-08, 2.556636E-02, -5.057324E-02, 1.4055012E-01
7.07670E-08, 3.821263E-02, -4.393395E-02, 1.4134051E-01
7.07920E-08, 4.190113E-02, -3.213076E-02, 1.4207822E-01
7.08170E-08, 3.399721E-02, -1.590138E-02, 1.4255245E-01
7.08420E-08, 1.871630E-02, 2.11955E-03, 1.4228898E-01
7.08670E-08, 1.85461E-03, 2.003510E-02, 1.4128782E-01
7.08920E-08, -1.131859E-02, 3.594832E-02, 1.3981242E-01
7.09170E-08, -1.922251E-02, 4.838381E-02, 1.3817894E-01
7.09420E-08, -1.869558E-02, 5.639312E-02, 1.3701971E-01
7.09670E-08, -1.184552E-02, 5.902776E-02, 1.3628201E-01
7.09920E-08, -7.8003E-04, 5.723620E-02, 1.3628201E-01
7.10170E-08, 1.133931E-02, 5.154538E-02, 1.3701971E-01
7.10420E-08, 2.029708E-02, 4.227145E-02, 1.3802087E-01
7.10670E-08, 2.714715E-02, 3.046827E-02, 1.3923280E-01
7.10920E-08, 2.978179E-02, 1.708430E-02, 1.4018127E-01
7.11170E-08, 3.030871E-02, 3.17340E-03, 1.4091897E-01
7.11420E-08, 3.030871E-02, -1.084288E-02, 1.4128782E-01
7.11670E-08, 3.241643E-02, -2.380530E-02, 1.4144590E-01
7.11920E-08, 3.610492E-02, -3.497617E-02, 1.4134051E-01
7.12170E-08, 4.084727E-02, -4.446087E-02, 1.4097166E-01
7.12420E-08, 4.453577E-02, -5.152171E-02, 1.4033936E-01
7.12670E-08, 4.664348E-02, -5.573713E-02, 1.3928549E-01
7.12920E-08, 4.506269E-02, -5.921486E-02, 1.3812625E-01
7.13170E-08, 4.084727E-02, -6.163872E-02, 1.3696702E-01
7.13420E-08, 3.347028E-02, -6.332489E-02, 1.3580777E-01
7.13670E-08, 2.556636E-02, -6.480029E-02, 1.3501738E-01
7.13920E-08, 1.766245E-02, -6.585415E-02, 1.3470122E-01
7.14170E-08, 1.292009E-02, -6.522183E-02, 1.3485931E-01
7.14420E-08, 8.70467E-03, -6.174411E-02, 1.3538623E-01
7.14670E-08, 9.23160E-03, -5.457789E-02, 1.3612393E-01
7.14920E-08, 9.75853E-03, -4.224778E-02, 1.3675624E-01
7.15170E-08, 1.186624E-02, -2.506993E-02, 1.3723049E-01
7.15420E-08, 1.239317E-02, -3.67666E-03, 1.3728318E-01
7.15670E-08, 1.239317E-02, 2.077279E-02, 1.3728318E-01
7.15920E-08, 1.186624E-02, 4.648687E-02, 1.3712509E-01
7.16170E-08, 1.081238E-02, 7.125249E-02, 1.3707240E-01
7.16420E-08, 8.70467E-03, 9.254037E-02, 1.3723049E-01
7.16670E-08, 9.23160E-03, 1.0813744E-01, 1.3728318E-01
7.16920E-08, 9.75853E-03, 1.1656828E-01, 1.3744125E-01
7.17170E-08, 8.17774E-03, 1.1730598E-01, 1.3723049E-01
7.17420E-08, 4.48925E-03, 1.0940206E-01, 1.3649277E-01
7.17670E-08, 2.7382E-04, 9.380500E-02, 1.3549161E-01
7.17920E-08, -5.52238E-03, 7.146326E-02, 1.3396353E-01
7.18170E-08, -9.73780E-03, 4.448455E-02, 1.3238274E-01
7.18420E-08, -1.448016E-02, 1.497659E-02, 1.3122350E-01
7.18670E-08, -1.237244E-02, -1.495291E-02, 1.3080196E-01
7.18920E-08, -9.73780E-03, -4.435549E-02, 1.3111812E-01
7.19170E-08, -2.36081E-03, -7.059650E-02, 1.3248813E-01
7.19420E-08, 6.59696E-03, -9.325439E-02, 1.3438506E-01
7.19670E-08, 1.766245E-02, -1.1127533E-01, 1.3633470E-01
7.19920E-08, 2.872793E-02, -1.2360545E-01, 1.3765202E-01
7.20170E-08, 3.663185E-02, -1.3056089E-01, 1.3812625E-01
7.20420E-08, 4.611655E-02, -1.3172013E-01, 1.3765202E-01
7.20670E-08, 5.349354E-02, -1.2708317E-01, 1.3628201E-01
7.20920E-08, 5.876282E-02, -1.1675538E-01, 1.3449046E-01
7.21170E-08, 6.192439E-02, -1.0200140E-01, 1.3275158E-01
7.21420E-08, 6.034360E-02, -8.345354E-02, 1.3148697E-01
7.21670E-08, 5.718204E-02, -6.153334E-02, 1.3074927E-01
7.21920E-08, 5.033197E-02, -3.771620E-02, 1.3064387E-01
7.22170E-08, 4.084727E-02, -1.284520E-02, 1.3080196E-01
7.22420E-08, 3.188950E-02, 1.202579E-02, 1.3090734E-01
7.22670E-08, 2.451251E-02, 3.542139E-02, 1.3085465E-01
7.22920E-08, 2.135094E-02, 5.586619E-02, 1.3069658E-01
7.23170E-08, 2.135094E-02, 7.199018E-02, 1.3059118E-01
7.23420E-08, 2.345865E-02, 8.231797E-02, 1.3080196E-01
7.23670E-08, 2.556636E-02, 8.642801E-02, 1.3159235E-01
7.23920E-08, 2.662022E-02, 8.337183E-02, 1.3290967E-01
7.24170E-08, 2.609329E-02, 7.409789E-02, 1.3470122E-01
7.24420E-08, 2.293172E-02, 6.050315E-02, 1.3644008E-01
7.24670E-08, 2.029708E-02, 4.374685E-02, 1.3765202E-01
7.24920E-08, 1.871630E-02, 2.635823E-02, 1.3796818E-01
7.25170E-08, 1.871630E-02, 1.097194E-02, 1.3712509E-01
7.25420E-08, 1.871630E-02, 1.1722E-04, 1.3538623E-01
7.25670E-08, 1.713552E-02, -5.46821E-03, 1.3301505E-01
7.25920E-08, 1.344702E-02, -5.57360E-03, 1.3069658E-01
7.26170E-08, 4.48925E-03, -3.0432E-04, 1.2885232E-01
7.26420E-08, -8.68395E-03, 8.65345E-03, 1.2785116E-01
7.26670E-08, -1.764172E-02, 1.950817E-02, 1.2806194E-01
7.26920E-08, -2.080329E-02, 3.025750E-02, 1.2922117E-01
7.27170E-08, -1.289937E-02, 3.889911E-02, 1.3111812E-01
7.27420E-08, 4.48925E-03, 4.332531E-02, 1.3322583E-01
7.27670E-08, 3.241643E-02, 4.332531E-02, 1.3507007E-01
7.27920E-08, 6.087053E-02, 3.826680E-02, 1.3617662E-01
7.28170E-08, 8.194765E-02, 2.836056E-02, 1.3644008E-01
7.28420E-08, 8.827078E-02, 1.392273E-02, 1.3612393E-01
7.28670E-08, 7.878608E-02, -3.25512E-03, 1.3517547E-01
7.28920E-08, 5.665511E-02, -2.148682E-02, 1.3427968E-01
7.29170E-08, 2.820100E-02, -3.940237E-02, 1.3370006E-01
7.29420E-08, 3.96232E-03, -5.584252E-02, 1.3354199E-01
7.29670E-08, -9.21088E-03, -6.912110E-02, 1.3401622E-01
7.29920E-08, -7.63009E-03, -7.850041E-02, 1.3485931E-01
7.30170E-08, 5.01618E-03, -8.398046E-02, 1.3564970E-01
7.30420E-08, 2.345865E-02, -8.440201E-02, 1.3607123E-01
7.30670E-08, 4.032034E-02, -8.060813E-02, 1.3607123E-01
7.30920E-08, 4.717040E-02, -7.249344E-02, 1.3543892E-01
7.31170E-08, 4.348191E-02, -6.100641E-02, 1.3443775E-01
7.31420E-08, 3.083564E-02, -4.604166E-02, 1.3333121E-01
7.31670E-08, 1.502781E-02, -2.949612E-02, 1.3238274E-01
7.31920E-08, -2.5310E-04, -1.263443E-02, 1.3185582E-01
7.32170E-08, -9.21088E-03, 3.80572E-03, 1.3180313E-01
7.32420E-08, -1.131859E-02, 1.845431E-02, 1.3222466E-01
7.32670E-08, -1.026473E-02, 2.994134E-02, 1.3285698E-01
7.32920E-08, -8.68395E-03, 3.847757E-02, 1.3375275E-01
7.33170E-08, -1.131859E-02, 4.321992E-02, 1.3449046E-01
7.33420E-08, -1.606094E-02, 4.480071E-02, 1.3496469E-01
7.33670E-08, -2.080329E-02, 4.353608E-02, 1.3512276E-01
7.33920E-08, -1.869558E-02, 4.047990E-02, 1.3480660E-01
7.34170E-08, -9.21088E-03, 3.615909E-02, 1.3412160E-01
7.34420E-08, 1.186624E-02, 3.162751E-02, 1.3301505E-01
7.34670E-08, 3.979342E-02, 2.741208E-02, 1.3169773E-01
7.34920E-08, 6.666674E-02, 2.340743E-02, 1.3053849E-01
7.35170E-08, 8.458228E-02, 2.024587E-02, 1.2990618E-01
7.35420E-08, 8.774386E-02, 1.782200E-02, 1.2969542E-01
7.35670E-08, 7.562451E-02, 1.529275E-02, 1.3048580E-01
7.35920E-08, 4.980505E-02, 1.202579E-02, 1.3206659E-01
7.36170E-08, 1.977016E-02, 7.70498E-03, 1.3412160E-01
7.36420E-08, -6.04931E-03, 1.17108E-03, 1.3612393E-01
7.36670E-08, -1.974943E-02, -6.83823E-03, 1.3765202E-01
7.36920E-08, -1.869558E-02, -1.684985E-02, 1.3838972E-01
7.37170E-08, -3.41467E-03, -2.780996E-02, 1.3807356E-01
7.37420E-08, 1.871630E-02, -3.887544E-02, 1.3691433E-01
7.37670E-08, 4.137420E-02, -4.793860E-02, 1.3507007E-01
7.37920E-08, 5.770896E-02, -5.320788E-02, 1.3333121E-01
7.38170E-08, 6.350517E-02, -5.426173E-02, 1.3185582E-01
7.38420E-08, 5.823589E-02, -5.057324E-02, 1.3096003E-01
7.38670E-08, 4.611655E-02, -4.193162E-02, 1.3074927E-01
7.38920E-08, 2.925486E-02, -2.981228E-02, 1.3080196E-01
7.39170E-08, 1.186624E-02, -1.569061E-02, 1.3085465E-01
7.39420E-08, -2.36081E-03, -1.67433E-03, 1.3053849E-01
7.39670E-08, -9.21088E-03, 1.107732E-02, 1.2943195E-01
7.39920E-08, -1.184552E-02, 2.056202E-02, 1.2800924E-01
7.40170E-08, -9.73780E-03, 2.646361E-02, 1.2637576E-01
7.40420E-08, -2.36081E-03, 2.846594E-02, 1.2500575E-01
7.40670E-08, 9.75853E-03, 2.677977E-02, 1.2447882E-01
7.40920E-08, 2.503943E-02, 2.161588E-02, 1.2505844E-01
7.41170E-08, 4.242805E-02, 1.444966E-02, 1.2669192E-01
7.41420E-08, 5.928975E-02, 6.86190E-03, 1.2916848E-01
7.41670E-08, 7.298987E-02, -1.9893E-04, 1.3164504E-01
7.41920E-08, 7.931301E-02, -5.15206E-03, 1.3380545E-01
7.42170E-08, 7.773222E-02, -7.47054E-03, 1.3491200E-01
7.42420E-08, 6.613981E-02, -6.41668E-03, 1.3480660E-01
7.42670E-08, 4.769734E-02, -3.25512E-03, 1.3364737E-01
7.42920E-08, 2.609329E-02, 2.01416E-03, 1.3164504E-01
7.43170E-08, 6.59696E-03, 7.49421E-03, 1.2964271E-01
7.43420E-08, -6.57624E-03, 1.202579E-02, 1.2806194E-01
7.43670E-08, -9.73780E-03, 1.508197E-02, 1.2716615E-01
7.43920E-08, -1.30696E-03, 1.645199E-02, 1.2727155E-01
7.44170E-08, 1.555473E-02, 1.613583E-02, 1.2800924E-01
7.44420E-08, 3.715878E-02, 1.550352E-02, 1.2895770E-01
7.44670E-08, 5.770896E-02, 1.529275E-02, 1.2974811E-01
7.44920E-08, 7.351680E-02, 1.466043E-02, 1.2985349E-01
7.45170E-08, 7.878608E-02, 1.392273E-02, 1.2937926E-01
7.45420E-08, 7.351680E-02, 1.160425E-02, 1.2832540E-01
7.45670E-08, 6.034360E-02, 6.54574E-03, 1.2695539E-01
7.45920E-08, 4.558962E-02, -2.51742E-03, 1.2579614E-01
7.46170E-08, 3.241643E-02, -1.569061E-02, 1.2484767E-01
7.46420E-08, 2.451251E-02, -3.234154E-02, 1.2458421E-01
7.46670E-08, 2.503943E-02, -5.078401E-02, 1.2468959E-01
7.46920E-08, 3.188950E-02, -6.848878E-02, 1.2505844E-01
7.47170E-08, 4.453577E-02, -8.261045E-02, 1.2563807E-01
7.47420E-08, 5.560125E-02, -9.156822E-02, 1.2616499E-01
7.47670E-08, 6.455903E-02, -9.325439E-02, 1.2679730E-01
7.47920E-08, 6.877445E-02, -8.798512E-02, 1.2732424E-01
7.48170E-08, 6.824752E-02, -7.576039E-02, 1.2795655E-01
7.48420E-08, 6.508595E-02, -5.773946E-02, 1.2869425E-01
7.48670E-08, 5.981667E-02, -3.539772E-02, 1.2937926E-01
7.48920E-08, 5.718204E-02, -1.063211E-02, 1.2980080E-01
7.49170E-08, 5.876282E-02, 1.487120E-02, 1.2995887E-01
7.49420E-08, 6.139746E-02, 3.932066E-02, 1.2943195E-01
7.49670E-08, 6.666674E-02, 6.039777E-02, 1.2848347E-01
7.49920E-08, 6.877445E-02, 7.662715E-02, 1.2742962E-01
7.50170E-08, 6.561288E-02, 8.611185E-02, 1.2648115E-01
7.50420E-08, 5.560125E-02, 8.769263E-02, 1.2605961E-01
7.50670E-08, 4.295498E-02, 8.105335E-02, 1.2616499E-01
7.50920E-08, 2.714715E-02, 6.766938E-02, 1.2679730E-01
7.51170E-08, 9.75853E-03, 4.954306E-02, 1.2764040E-01
7.51420E-08, -4.46853E-03, 2.920364E-02, 1.2869425E-01
7.51670E-08, -1.079166E-02, 1.012885E-02, 1.2927386E-01
7.51920E-08, -1.026473E-02, -5.25744E-03, 1.2948464E-01
7.52170E-08, -1.83389E-03, -1.505830E-02, 1.2943195E-01
7.52420E-08, 1.239317E-02, -1.916834E-02, 1.2906310E-01
