,Channel 2,Channel 3,Channel 4
Revision:           ,0,0,0
Type:               ,interpolation,interpolation,interpolation
Start:              ,0,0,0
Points:             ,32015,32015,32015
Count:              ,1,1,1
XDispRange:         ,2.00000E-07,2.00000E-07,2.00000E-07
XDispOrg:           ,-7.0000000000E-08,-7.0000000000E-08,-7.0000000000E-08
XInc:               ,6.250000E-12,6.250000E-12,6.250000E-12
XOrg:               ,-7.0061927017E-08,-7.0061927017E-08,-7.0061927017E-08
Units:              ,Second,Second,Second
XReference:         ,4,4,4
YDispRange:         ,8.00000E+00,1.60000E+00,6.40000E-01
YDispOrg:           ,-3.00000000000000E+00,-6.99999988079071E-01,2.95300006866455E-01
YInc:               ,1.31731969304383E-04,2.6346393497079E-05,1.0538557035034E-05
YOrg:               ,-2.88354070588684E+00,-6.76708141498989E-01,3.04616743078784E-01
Units:              ,Volt,Volt,Volt
YReference:         ,1,1,1
Frame:              ,MSO9254A:MY53310147,MSO9254A:MY53310147,MSO9254A:MY53310147
Date:               ,12 NOV 2024,12 NOV 2024,12 NOV 2024
Time:               ,10:32:01,10:32:01,10:32:01
Max Bandwidth:      ,2500000000,2500000000,2500000000
Min Bandwidth:      ,0,0,0
Time Tags (Channel 2),Channel 2,Channel 3,Channel 4
-7.00619E-08, -5.46064E-03, -5.40204E-03, 1.14845E-03
-7.00557E-08, -8.09528E-03, -5.40204E-03, 8.5338E-04
-7.00494E-08, -1.178377E-02, -5.29665E-03, 5.5830E-04
-7.00432E-08, -1.652613E-02, -5.08588E-03, 3.4752E-04
-7.00369E-08, -2.021462E-02, -4.98049E-03, 5.244E-05
-7.00307E-08, -2.548390E-02, -5.08588E-03, -1.5833E-04
-7.00244E-08, -2.969932E-02, -4.76972E-03, -4.1125E-04
-7.00182E-08, -3.338782E-02, -4.66434E-03, -4.5341E-04
-7.00119E-08, -3.654939E-02, -4.45356E-03, -7.0633E-04
-7.00057E-08, -4.076481E-02, -4.66434E-03, -7.4849E-04
-6.99994E-08, -4.445330E-02, -4.76972E-03, -7.9064E-04
-6.99932E-08, -4.761487E-02, -4.87511E-03, -7.4849E-04
-6.99869E-08, -4.972258E-02, -4.66434E-03, -7.4849E-04
-6.99807E-08, -5.341108E-02, -4.98049E-03, -7.0633E-04
-6.99744E-08, -5.499186E-02, -5.19126E-03, -6.6418E-04
-6.99682E-08, -5.709957E-02, -5.08588E-03, -4.5341E-04
-6.99619E-08, -5.815343E-02, -5.40204E-03, -4.1125E-04
-6.99557E-08, -5.762650E-02, -5.50742E-03, -2.8479E-04
-6.99494E-08, -5.709957E-02, -5.92896E-03, -7.402E-05
-6.99432E-08, -5.815343E-02, -6.24512E-03, 5.244E-05
-6.99369E-08, -5.762650E-02, -6.45589E-03, 2.2106E-04
-6.99307E-08, -5.604572E-02, -6.87743E-03, 4.7399E-04
-6.99244E-08, -5.499186E-02, -7.40436E-03, 6.4260E-04
-6.99182E-08, -5.288415E-02, -7.61513E-03, 8.1122E-04
-6.99119E-08, -4.972258E-02, -8.03667E-03, 8.5338E-04
-6.99057E-08, -4.761487E-02, -8.66899E-03, 1.10630E-03
-6.98994E-08, -4.550716E-02, -9.19592E-03, 1.23276E-03
-6.98932E-08, -4.181866E-02, -9.51207E-03, 1.31707E-03
-6.98869E-08, -3.865710E-02, -9.93362E-03, 1.48569E-03
-6.98807E-08, -3.602246E-02, -1.056593E-02, 1.57000E-03
-6.98744E-08, -3.338782E-02, -1.098747E-02, 1.61215E-03
-6.98682E-08, -3.075318E-02, -1.130363E-02, 1.65431E-03
-6.98619E-08, -2.759161E-02, -1.183056E-02, 1.69646E-03
-6.98557E-08, -2.653776E-02, -1.225210E-02, 1.82292E-03
-6.98494E-08, -2.390312E-02, -1.288441E-02, 1.82292E-03
-6.98432E-08, -2.179541E-02, -1.309518E-02, 1.90723E-03
-6.98369E-08, -2.021462E-02, -1.362211E-02, 1.90723E-03
-6.98307E-08, -2.021462E-02, -1.404365E-02, 1.99154E-03
-6.98244E-08, -1.810691E-02, -1.435981E-02, 2.03369E-03
-6.98182E-08, -1.810691E-02, -1.488674E-02, 2.07585E-03
-6.98119E-08, -1.810691E-02, -1.488674E-02, 2.20231E-03
-6.98057E-08, -1.863384E-02, -1.541366E-02, 2.37093E-03
-6.97994E-08, -1.968769E-02, -1.572982E-02, 2.37093E-03
-6.97932E-08, -1.968769E-02, -1.562444E-02, 2.49739E-03
-6.97869E-08, -2.021462E-02, -1.572982E-02, 2.70816E-03
-6.97807E-08, -2.232233E-02, -1.583521E-02, 2.87678E-03
-6.97744E-08, -2.390312E-02, -1.583521E-02, 2.96109E-03
-6.97682E-08, -2.601083E-02, -1.572982E-02, 3.25617E-03
-6.97619E-08, -2.759161E-02, -1.562444E-02, 3.38263E-03
-6.97557E-08, -2.917239E-02, -1.541366E-02, 3.55125E-03
-6.97494E-08, -3.022625E-02, -1.509751E-02, 3.76202E-03
-6.97432E-08, -3.233396E-02, -1.478135E-02, 3.97279E-03
-6.97369E-08, -3.286089E-02, -1.435981E-02, 4.09925E-03
-6.97307E-08, -3.391474E-02, -1.393827E-02, 4.31002E-03
-6.97244E-08, -3.444167E-02, -1.330595E-02, 4.52079E-03
-6.97182E-08, -3.549553E-02, -1.267364E-02, 4.68941E-03
-6.97119E-08, -3.444167E-02, -1.183056E-02, 4.73156E-03
-6.97057E-08, -3.496860E-02, -1.109286E-02, 4.90018E-03
-6.96994E-08, -3.391474E-02, -1.024977E-02, 4.85803E-03
-6.96932E-08, -3.128011E-02, -9.40669E-03, 4.85803E-03
-6.96869E-08, -2.969932E-02, -8.45822E-03, 4.81587E-03
-6.96807E-08, -2.811854E-02, -7.61513E-03, 4.68941E-03
-6.96744E-08, -2.495697E-02, -6.56128E-03, 4.60510E-03
-6.96682E-08, -2.232233E-02, -5.82358E-03, 4.39433E-03
-6.96619E-08, -1.863384E-02, -4.76972E-03, 4.22571E-03
-6.96557E-08, -1.494534E-02, -3.82125E-03, 3.93063E-03
-6.96494E-08, -1.072992E-02, -2.97817E-03, 3.63555E-03
-6.96432E-08, -7.04142E-03, -2.34585E-03, 3.25617E-03
-6.96369E-08, -2.29907E-03, -1.50277E-03, 2.70816E-03
-6.96307E-08, 1.38942E-03, -9.7584E-04, 2.37093E-03
-6.96244E-08, 6.13177E-03, -3.4353E-04, 1.90723E-03
-6.96182E-08, 9.82027E-03, -1.3276E-04, 1.40138E-03
-6.96119E-08, 1.456262E-02, 4.9956E-04, 8.9553E-04
-6.96057E-08, 1.719726E-02, 7.1033E-04, 4.3183E-04
-6.95994E-08, 2.035883E-02, 9.2110E-04, -3.186E-05
-6.95932E-08, 2.352039E-02, 7.1033E-04, -5.7987E-04
-6.95869E-08, 2.668196E-02, 8.1571E-04, -1.08572E-03
-6.95807E-08, 2.826274E-02, 4.9956E-04, -1.42295E-03
-6.95744E-08, 3.037046E-02, 1.8340E-04, -1.84450E-03
-6.95682E-08, 3.142431E-02, -2.3814E-04, -2.13958E-03
-6.95619E-08, 3.300510E-02, -8.7046E-04, -2.35035E-03
-6.95557E-08, 3.247816E-02, -1.39738E-03, -2.68758E-03
-6.95494E-08, 3.300510E-02, -2.02970E-03, -2.89835E-03
-6.95432E-08, 3.195124E-02, -2.87278E-03, -2.89835E-03
-6.95369E-08, 3.089738E-02, -3.92664E-03, -3.02481E-03
-6.95307E-08, 2.984353E-02, -4.87511E-03, -2.98266E-03
-6.95244E-08, 2.826274E-02, -5.92896E-03, -2.89835E-03
-6.95182E-08, 2.562810E-02, -6.87743E-03, -2.72973E-03
-6.95119E-08, 2.404732E-02, -7.93129E-03, -2.51896E-03
-6.95057E-08, 2.141268E-02, -8.98515E-03, -2.26604E-03
-6.94994E-08, 1.877804E-02, -1.003900E-02, -1.97096E-03
-6.94932E-08, 1.719726E-02, -1.088209E-02, -1.54942E-03
-6.94869E-08, 1.403569E-02, -1.161978E-02, -1.12787E-03
-6.94807E-08, 1.192798E-02, -1.267364E-02, -6.6418E-04
-6.94744E-08, 9.29334E-03, -1.341134E-02, -2.0048E-04
-6.94682E-08, 7.18563E-03, -1.414904E-02, 3.0537E-04
-6.94619E-08, 5.60485E-03, -1.478135E-02, 8.1122E-04
-6.94557E-08, 4.02406E-03, -1.509751E-02, 1.31707E-03
-6.94494E-08, 1.91635E-03, -1.541366E-02, 1.82292E-03
-6.94432E-08, 1.38942E-03, -1.562444E-02, 2.28662E-03
-6.94369E-08, 1.38942E-03, -1.562444E-02, 2.70816E-03
-6.94307E-08, 3.3557E-04, -1.551905E-02, 3.17186E-03
-6.94244E-08, -7.1829E-04, -1.530828E-02, 3.46694E-03
-6.94182E-08, -1.9136E-04, -1.488674E-02, 3.88848E-03
-6.94119E-08, 1.91635E-03, -1.425442E-02, 4.09925E-03
-6.94057E-08, 1.91635E-03, -1.351672E-02, 4.31002E-03
-6.93994E-08, 1.91635E-03, -1.267364E-02, 4.47864E-03
-6.93932E-08, 2.97021E-03, -1.172517E-02, 4.60510E-03
-6.93869E-08, 4.55099E-03, -1.056593E-02, 4.52079E-03
-6.93807E-08, 5.07792E-03, -9.72284E-03, 4.60510E-03
-6.93744E-08, 6.13177E-03, -8.14206E-03, 4.47864E-03
-6.93682E-08, 7.18563E-03, -6.98282E-03, 4.31002E-03
-6.93619E-08, 8.23948E-03, -5.71819E-03, 4.05710E-03
-6.93557E-08, 9.29334E-03, -4.34818E-03, 3.80417E-03
-6.93494E-08, 8.76641E-03, -2.76740E-03, 3.46694E-03
-6.93432E-08, 9.82027E-03, -1.50277E-03, 3.12970E-03
-6.93369E-08, 1.087412E-02, -1.3276E-04, 2.79247E-03
-6.93307E-08, 9.82027E-03, 1.23726E-03, 2.32877E-03
-6.93244E-08, 9.29334E-03, 2.50188E-03, 1.90723E-03
-6.93182E-08, 9.29334E-03, 3.76651E-03, 1.44353E-03
-6.93119E-08, 8.76641E-03, 4.82037E-03, 9.3768E-04
-6.93057E-08, 7.18563E-03, 5.76884E-03, 4.7399E-04
-6.92994E-08, 6.13177E-03, 6.61192E-03, 5.244E-05
-6.92932E-08, 5.07792E-03, 7.24423E-03, -4.1125E-04
-6.92869E-08, 1.91635E-03, 8.08732E-03, -8.7495E-04
-6.92807E-08, 8.6249E-04, 8.40348E-03, -1.21218E-03
-6.92744E-08, -1.24522E-03, 8.50886E-03, -1.67588E-03
-6.92682E-08, -3.35293E-03, 8.82502E-03, -1.88665E-03
-6.92619E-08, -5.46064E-03, 8.61425E-03, -2.18173E-03
-6.92557E-08, -8.09528E-03, 8.29809E-03, -2.43465E-03
-6.92494E-08, -1.020299E-02, 7.87655E-03, -2.64543E-03
-6.92432E-08, -1.389149E-02, 7.24423E-03, -2.77189E-03
-6.92369E-08, -1.494534E-02, 6.50653E-03, -2.94051E-03
-6.92307E-08, -1.705305E-02, 5.55806E-03, -2.98266E-03
-6.92244E-08, -1.968769E-02, 4.50421E-03, -2.94051E-03
-6.92182E-08, -2.126848E-02, 3.55574E-03, -3.02481E-03
-6.92119E-08, -2.232233E-02, 2.08034E-03, -3.02481E-03
-6.92057E-08, -2.443004E-02, 7.1033E-04, -2.81404E-03
-6.91994E-08, -2.548390E-02, -6.5968E-04, -2.72973E-03
-6.91932E-08, -2.653776E-02, -2.13508E-03, -2.64543E-03
-6.91869E-08, -2.759161E-02, -3.50509E-03, -2.47681E-03
-6.91807E-08, -2.811854E-02, -5.19126E-03, -2.26604E-03
-6.91744E-08, -2.811854E-02, -6.35051E-03, -2.05527E-03
-6.91682E-08, -2.864547E-02, -7.82590E-03, -1.84450E-03
-6.91619E-08, -2.864547E-02, -9.40669E-03, -1.63372E-03
-6.91557E-08, -2.864547E-02, -1.056593E-02, -1.42295E-03
-6.91494E-08, -2.759161E-02, -1.161978E-02, -1.17003E-03
-6.91432E-08, -2.706468E-02, -1.288441E-02, -8.7495E-04
-6.91369E-08, -2.601083E-02, -1.372750E-02, -7.0633E-04
-6.91307E-08, -2.653776E-02, -1.446519E-02, -4.5341E-04
-6.91244E-08, -2.653776E-02, -1.509751E-02, -2.0048E-04
-6.91182E-08, -2.495697E-02, -1.551905E-02, 1.029E-05
-6.91119E-08, -2.337619E-02, -1.572982E-02, 1.3675E-04
-6.91057E-08, -2.284926E-02, -1.583521E-02, 3.4752E-04
-6.90994E-08, -2.179541E-02, -1.583521E-02, 6.0045E-04
-6.90932E-08, -2.179541E-02, -1.562444E-02, 7.2691E-04
-6.90869E-08, -2.021462E-02, -1.520289E-02, 8.5338E-04
-6.90807E-08, -1.863384E-02, -1.457058E-02, 1.06415E-03
-6.90744E-08, -1.810691E-02, -1.393827E-02, 1.10630E-03
-6.90682E-08, -1.652613E-02, -1.298980E-02, 1.31707E-03
-6.90619E-08, -1.599920E-02, -1.204133E-02, 1.52784E-03
-6.90557E-08, -1.441841E-02, -1.056593E-02, 1.52784E-03
-6.90494E-08, -1.336456E-02, -9.30130E-03, 1.69646E-03
-6.90432E-08, -1.231070E-02, -8.14206E-03, 1.78077E-03
-6.90369E-08, -1.125685E-02, -6.77205E-03, 1.90723E-03
-6.90307E-08, -1.020299E-02, -5.40204E-03, 1.99154E-03
-6.90244E-08, -9.14914E-03, -4.13741E-03, 2.11800E-03
-6.90182E-08, -8.09528E-03, -2.66201E-03, 2.28662E-03
-6.90119E-08, -5.46064E-03, -1.08123E-03, 2.32877E-03
-6.90057E-08, -4.40678E-03, 7.801E-05, 2.49739E-03
-6.89994E-08, -3.87986E-03, 1.55341E-03, 2.53954E-03
-6.89932E-08, -2.29907E-03, 2.50188E-03, 2.75032E-03
-6.89869E-08, -7.1829E-04, 3.66112E-03, 2.83462E-03
-6.89807E-08, -1.9136E-04, 4.50421E-03, 2.91893E-03
-6.89744E-08, 1.38942E-03, 5.24191E-03, 3.04540E-03
-6.89682E-08, 2.44328E-03, 5.97961E-03, 3.17186E-03
-6.89619E-08, 5.07792E-03, 6.40115E-03, 3.25617E-03
-6.89557E-08, 6.65870E-03, 6.71731E-03, 3.38263E-03
-6.89494E-08, 7.71256E-03, 6.92808E-03, 3.42478E-03
-6.89432E-08, 8.76641E-03, 7.24423E-03, 3.55125E-03
-6.89369E-08, 9.82027E-03, 7.03346E-03, 3.55125E-03
-6.89307E-08, 1.087412E-02, 6.61192E-03, 3.59340E-03
-6.89244E-08, 1.192798E-02, 6.19038E-03, 3.63555E-03
-6.89182E-08, 1.245491E-02, 5.76884E-03, 3.59340E-03
-6.89119E-08, 1.350876E-02, 5.13652E-03, 3.59340E-03
-6.89057E-08, 1.403569E-02, 4.29344E-03, 3.55125E-03
-6.88994E-08, 1.508955E-02, 3.55574E-03, 3.42478E-03
-6.88932E-08, 1.561647E-02, 2.39650E-03, 3.34047E-03
-6.88869E-08, 1.667033E-02, 1.44803E-03, 3.21401E-03
-6.88807E-08, 1.667033E-02, 3.9417E-04, 3.04540E-03
-6.88744E-08, 1.772419E-02, -5.5430E-04, 2.87678E-03
-6.88682E-08, 1.719726E-02, -1.92431E-03, 2.62385E-03
-6.88619E-08, 1.772419E-02, -3.08355E-03, 2.41308E-03
-6.88557E-08, 1.825111E-02, -4.13741E-03, 2.11800E-03
-6.88494E-08, 1.930497E-02, -5.29665E-03, 1.78077E-03
-6.88432E-08, 1.825111E-02, -6.56128E-03, 1.48569E-03
-6.88369E-08, 1.877804E-02, -7.61513E-03, 1.19061E-03
-6.88307E-08, 1.877804E-02, -8.66899E-03, 8.5338E-04
-6.88244E-08, 1.983190E-02, -9.51207E-03, 3.8968E-04
-6.88182E-08, 1.930497E-02, -1.035516E-02, 1.029E-05
-6.88119E-08, 1.930497E-02, -1.130363E-02, -4.9556E-04
-6.88057E-08, 1.930497E-02, -1.204133E-02, -8.7495E-04
-6.87994E-08, 1.930497E-02, -1.277903E-02, -1.25434E-03
-6.87932E-08, 1.983190E-02, -1.320057E-02, -1.76019E-03
-6.87869E-08, 1.877804E-02, -1.372750E-02, -2.18173E-03
-6.87807E-08, 1.772419E-02, -1.414904E-02, -2.47681E-03
-6.87744E-08, 1.825111E-02, -1.446519E-02, -2.98266E-03
-6.87682E-08, 1.772419E-02, -1.467597E-02, -3.36205E-03
-6.87619E-08, 1.667033E-02, -1.488674E-02, -3.69928E-03
-6.87557E-08, 1.508955E-02, -1.499212E-02, -3.99436E-03
-6.87494E-08, 1.456262E-02, -1.488674E-02, -4.33159E-03
-6.87432E-08, 1.298183E-02, -1.509751E-02, -4.58452E-03
-6.87369E-08, 1.087412E-02, -1.478135E-02, -4.83745E-03
-6.87307E-08, 8.76641E-03, -1.457058E-02, -5.04822E-03
-6.87244E-08, 6.13177E-03, -1.435981E-02, -5.13253E-03
-6.87182E-08, 3.49713E-03, -1.414904E-02, -5.17468E-03
-6.87119E-08, 8.6249E-04, -1.351672E-02, -5.30114E-03
-6.87057E-08, -1.77215E-03, -1.330595E-02, -5.21683E-03
-6.86994E-08, -6.51450E-03, -1.256825E-02, -5.21683E-03
-6.86932E-08, -1.020299E-02, -1.214671E-02, -5.13253E-03
-6.86869E-08, -1.389149E-02, -1.140901E-02, -5.00606E-03
-6.86807E-08, -1.705305E-02, -1.088209E-02, -4.79529E-03
-6.86744E-08, -2.179541E-02, -1.035516E-02, -4.62667E-03
-6.86682E-08, -2.653776E-02, -9.72284E-03, -4.33159E-03
-6.86619E-08, -3.075318E-02, -8.98515E-03, -4.07867E-03
-6.86557E-08, -3.391474E-02, -8.14206E-03, -3.65713E-03
-6.86494E-08, -3.813017E-02, -7.29898E-03, -3.31989E-03
-6.86432E-08, -4.234559E-02, -6.56128E-03, -2.98266E-03
-6.86369E-08, -4.603409E-02, -5.71819E-03, -2.56112E-03
-6.86307E-08, -4.919565E-02, -4.98049E-03, -2.13958E-03
-6.86244E-08, -5.288415E-02, -4.13741E-03, -1.71803E-03
-6.86182E-08, -5.499186E-02, -3.29432E-03, -1.25434E-03
-6.86119E-08, -5.657265E-02, -2.45124E-03, -8.7495E-04
-6.86057E-08, -5.815343E-02, -1.71354E-03, -4.1125E-04
-6.85994E-08, -5.868036E-02, -7.6507E-04, 1.029E-05
-6.85932E-08, -5.868036E-02, -1.3276E-04, 3.0537E-04
-6.85869E-08, -5.920728E-02, 7.1033E-04, 6.8476E-04
-6.85807E-08, -5.657265E-02, 1.55341E-03, 1.06415E-03
-6.85744E-08, -5.499186E-02, 2.08034E-03, 1.40138E-03
-6.85682E-08, -5.288415E-02, 2.60727E-03, 1.61215E-03
-6.85619E-08, -4.972258E-02, 3.34497E-03, 1.82292E-03
-6.85557E-08, -4.550716E-02, 3.76651E-03, 1.99154E-03
-6.85494E-08, -4.129174E-02, 4.39882E-03, 2.11800E-03
-6.85432E-08, -3.760324E-02, 4.82037E-03, 2.20231E-03
-6.85369E-08, -3.180704E-02, 5.13652E-03, 2.37093E-03
-6.85307E-08, -2.653776E-02, 5.45268E-03, 2.37093E-03
-6.85244E-08, -2.021462E-02, 5.55806E-03, 2.24446E-03
-6.85182E-08, -1.547227E-02, 5.87422E-03, 2.24446E-03
-6.85119E-08, -8.09528E-03, 6.08499E-03, 2.16016E-03
-6.85057E-08, -2.29907E-03, 5.97961E-03, 2.03369E-03
-6.84994E-08, 2.97021E-03, 5.97961E-03, 1.86508E-03
-6.84932E-08, 7.71256E-03, 5.97961E-03, 1.69646E-03
-6.84869E-08, 1.350876E-02, 5.97961E-03, 1.48569E-03
-6.84807E-08, 1.825111E-02, 5.76884E-03, 1.35923E-03
-6.84744E-08, 2.246654E-02, 5.55806E-03, 1.14845E-03
-6.84682E-08, 2.562810E-02, 5.13652E-03, 9.7984E-04
-6.84619E-08, 2.826274E-02, 5.03114E-03, 7.2691E-04
-6.84557E-08, 3.142431E-02, 4.82037E-03, 5.1614E-04
-6.84494E-08, 3.300510E-02, 4.39882E-03, 3.4752E-04
-6.84432E-08, 3.353202E-02, 3.97728E-03, 2.2106E-04
-6.84369E-08, 3.458588E-02, 3.76651E-03, 5.244E-05
-6.84307E-08, 3.353202E-02, 3.34497E-03, -1.1617E-04
-6.84244E-08, 3.195124E-02, 2.92343E-03, -1.5833E-04
-6.84182E-08, 3.037046E-02, 2.39650E-03, -2.4263E-04
-6.84119E-08, 2.984353E-02, 2.39650E-03, -3.6910E-04
-6.84057E-08, 2.562810E-02, 1.86957E-03, -3.6910E-04
-6.83994E-08, 2.299346E-02, 1.55341E-03, -4.1125E-04
-6.83932E-08, 1.930497E-02, 1.13187E-03, -4.1125E-04
-6.83869E-08, 1.667033E-02, 1.02648E-03, -3.2694E-04
-6.83807E-08, 1.245491E-02, 6.0494E-04, -2.4263E-04
-6.83744E-08, 9.82027E-03, 2.8879E-04, -2.8479E-04
-6.83682E-08, 6.65870E-03, -2.737E-05, -1.5833E-04
-6.83619E-08, 4.55099E-03, -2.3814E-04, -7.402E-05
-6.83557E-08, 1.91635E-03, -3.4353E-04, 1.029E-05
-6.83494E-08, -7.1829E-04, -4.4891E-04, 9.460E-05
-6.83432E-08, -2.82600E-03, -7.6507E-04, 3.0537E-04
-6.83369E-08, -2.82600E-03, -8.7046E-04, 3.4752E-04
-6.83307E-08, -3.35293E-03, -1.18661E-03, 4.3183E-04
-6.83244E-08, -3.35293E-03, -1.29200E-03, 6.8476E-04
-6.83182E-08, -1.77215E-03, -1.39738E-03, 7.6907E-04
-6.83119E-08, 3.3557E-04, -1.39738E-03, 7.6907E-04
-6.83057E-08, 2.97021E-03, -1.60815E-03, 8.5338E-04
-6.82994E-08, 5.60485E-03, -1.60815E-03, 1.02199E-03
-6.82932E-08, 8.23948E-03, -1.71354E-03, 1.06415E-03
-6.82869E-08, 1.298183E-02, -1.92431E-03, 1.14845E-03
-6.82807E-08, 1.561647E-02, -2.02970E-03, 1.14845E-03
-6.82744E-08, 2.141268E-02, -2.13508E-03, 1.23276E-03
-6.82682E-08, 2.562810E-02, -2.34585E-03, 1.27492E-03
-6.82619E-08, 2.984353E-02, -2.34585E-03, 1.31707E-03
-6.82557E-08, 3.405895E-02, -2.66201E-03, 1.40138E-03
-6.82494E-08, 3.827437E-02, -2.66201E-03, 1.44353E-03
-6.82432E-08, 4.196287E-02, -2.97817E-03, 1.52784E-03
-6.82369E-08, 4.565137E-02, -2.97817E-03, 1.52784E-03
-6.82307E-08, 4.775907E-02, -3.39971E-03, 1.65431E-03
-6.82244E-08, 4.933986E-02, -3.61048E-03, 1.78077E-03
-6.82182E-08, 5.039372E-02, -3.71587E-03, 1.86508E-03
-6.82119E-08, 5.144757E-02, -3.92664E-03, 1.94939E-03
-6.82057E-08, 5.039372E-02, -4.24279E-03, 2.11800E-03
-6.81994E-08, 4.881293E-02, -4.66434E-03, 2.32877E-03
-6.81932E-08, 4.617829E-02, -4.87511E-03, 2.49739E-03
-6.81869E-08, 4.407058E-02, -5.19126E-03, 2.62385E-03
-6.81807E-08, 3.932823E-02, -5.19126E-03, 2.87678E-03
-6.81744E-08, 3.405895E-02, -5.40204E-03, 3.04540E-03
-6.81682E-08, 3.037046E-02, -5.61281E-03, 3.25617E-03
-6.81619E-08, 2.352039E-02, -5.82358E-03, 3.50909E-03
-6.81557E-08, 1.614340E-02, -5.92896E-03, 3.76202E-03
-6.81494E-08, 1.034720E-02, -6.03435E-03, 4.01494E-03
-6.81432E-08, 2.97021E-03, -6.35051E-03, 4.22571E-03
-6.81369E-08, -3.87986E-03, -6.35051E-03, 4.52079E-03
-6.81307E-08, -1.178377E-02, -6.45589E-03, 4.77372E-03
-6.81244E-08, -1.863384E-02, -6.45589E-03, 4.98449E-03
-6.81182E-08, -2.495697E-02, -6.45589E-03, 5.15311E-03
-6.81119E-08, -3.128011E-02, -6.35051E-03, 5.27957E-03
-6.81057E-08, -3.707631E-02, -6.35051E-03, 5.49034E-03
-6.80994E-08, -4.076481E-02, -6.24512E-03, 5.57465E-03
-6.80932E-08, -4.656101E-02, -6.13973E-03, 5.57465E-03
-6.80869E-08, -4.972258E-02, -5.92896E-03, 5.65896E-03
-6.80807E-08, -5.288415E-02, -5.82358E-03, 5.57465E-03
-6.80744E-08, -5.393801E-02, -5.61281E-03, 5.53249E-03
-6.80682E-08, -5.393801E-02, -5.50742E-03, 5.44819E-03
-6.80619E-08, -5.341108E-02, -5.19126E-03, 5.27957E-03
-6.80557E-08, -5.288415E-02, -4.87511E-03, 5.06880E-03
-6.80494E-08, -4.972258E-02, -4.55895E-03, 4.85803E-03
-6.80432E-08, -4.761487E-02, -4.34818E-03, 4.60510E-03
-6.80369E-08, -4.287252E-02, -3.92664E-03, 4.31002E-03
-6.80307E-08, -4.023788E-02, -3.82125E-03, 4.01494E-03
-6.80244E-08, -3.496860E-02, -3.50509E-03, 3.59340E-03
-6.80182E-08, -3.075318E-02, -3.29432E-03, 3.25617E-03
-6.80119E-08, -2.548390E-02, -2.76740E-03, 2.79247E-03
-6.80057E-08, -2.074155E-02, -2.66201E-03, 2.45524E-03
-6.79994E-08, -1.652613E-02, -2.45124E-03, 2.07585E-03
-6.79932E-08, -1.125685E-02, -2.24047E-03, 1.78077E-03
-6.79869E-08, -6.51450E-03, -2.13508E-03, 1.40138E-03
-6.79807E-08, -2.82600E-03, -1.92431E-03, 1.14845E-03
-6.79744E-08, -1.9136E-04, -1.81893E-03, 8.5338E-04
-6.79682E-08, 2.44328E-03, -1.60815E-03, 6.0045E-04
-6.79619E-08, 4.55099E-03, -1.81893E-03, 4.3183E-04
-6.79557E-08, 6.13177E-03, -1.81893E-03, 2.6322E-04
-6.79494E-08, 5.60485E-03, -1.39738E-03, 2.2106E-04
-6.79432E-08, 5.60485E-03, -1.50277E-03, 2.2106E-04
-6.79369E-08, 5.07792E-03, -1.39738E-03, 2.6322E-04
-6.79307E-08, 2.44328E-03, -1.50277E-03, 4.3183E-04
-6.79244E-08, 3.3557E-04, -1.39738E-03, 5.1614E-04
-6.79182E-08, -2.82600E-03, -1.39738E-03, 7.2691E-04
-6.79119E-08, -6.51450E-03, -1.29200E-03, 9.7984E-04
-6.79057E-08, -1.125685E-02, -1.39738E-03, 1.31707E-03
-6.78994E-08, -1.547227E-02, -1.29200E-03, 1.73861E-03
-6.78932E-08, -1.968769E-02, -1.39738E-03, 2.11800E-03
-6.78869E-08, -2.390312E-02, -1.18661E-03, 2.53954E-03
-6.78807E-08, -2.759161E-02, -1.18661E-03, 3.00324E-03
-6.78744E-08, -3.338782E-02, -1.08123E-03, 3.38263E-03
-6.78682E-08, -3.707631E-02, -1.08123E-03, 3.93063E-03
-6.78619E-08, -4.023788E-02, -8.7046E-04, 4.39433E-03
-6.78557E-08, -4.392638E-02, -5.5430E-04, 4.81587E-03
-6.78494E-08, -4.603409E-02, -2.3814E-04, 5.19526E-03
-6.78432E-08, -4.656101E-02, -1.3276E-04, 5.65896E-03
-6.78369E-08, -4.919565E-02, 7.801E-05, 5.99619E-03
-6.78307E-08, -4.761487E-02, 4.9956E-04, 6.29127E-03
-6.78244E-08, -4.708794E-02, 9.2110E-04, 6.54420E-03
-6.78182E-08, -4.603409E-02, 1.23726E-03, 6.79712E-03
-6.78119E-08, -4.339945E-02, 1.65880E-03, 6.88143E-03
-6.78057E-08, -4.076481E-02, 1.97495E-03, 7.05005E-03
-6.77994E-08, -3.602246E-02, 2.29111E-03, 7.00789E-03
-6.77932E-08, -3.233396E-02, 2.71265E-03, 6.96574E-03
-6.77869E-08, -2.653776E-02, 3.02881E-03, 6.83928E-03
-6.77807E-08, -2.126848E-02, 3.45035E-03, 6.71281E-03
-6.77744E-08, -1.494534E-02, 3.97728E-03, 6.41773E-03
-6.77682E-08, -9.14914E-03, 4.39882E-03, 6.12265E-03
-6.77619E-08, -3.35293E-03, 4.71498E-03, 5.74327E-03
-6.77557E-08, 2.97021E-03, 4.82037E-03, 5.44819E-03
-6.77494E-08, 9.82027E-03, 5.24191E-03, 5.02664E-03
-6.77432E-08, 1.508955E-02, 5.34729E-03, 4.52079E-03
-6.77369E-08, 2.035883E-02, 5.45268E-03, 4.09925E-03
-6.77307E-08, 2.510118E-02, 5.55806E-03, 3.67771E-03
-6.77244E-08, 2.878967E-02, 5.55806E-03, 3.25617E-03
-6.77182E-08, 3.247816E-02, 5.45268E-03, 2.83462E-03
-6.77119E-08, 3.616666E-02, 5.34729E-03, 2.32877E-03
-6.77057E-08, 3.774745E-02, 5.34729E-03, 1.94939E-03
-6.76994E-08, 3.827437E-02, 4.92575E-03, 1.52784E-03
-6.76932E-08, 3.985516E-02, 4.82037E-03, 1.23276E-03
-6.76869E-08, 3.880130E-02, 4.18805E-03, 8.1122E-04
-6.76807E-08, 3.827437E-02, 3.76651E-03, 5.1614E-04
-6.76744E-08, 3.511281E-02, 3.34497E-03, 3.4752E-04
-6.76682E-08, 3.405895E-02, 2.81804E-03, 2.2106E-04
-6.76619E-08, 2.931660E-02, 2.08034E-03, 1.029E-05
-6.76557E-08, 2.562810E-02, 1.65880E-03, -7.402E-05
-6.76494E-08, 2.035883E-02, 1.13187E-03, -7.402E-05
-6.76432E-08, 1.614340E-02, 4.9956E-04, -7.402E-05
-6.76369E-08, 1.087412E-02, -1.3276E-04, -3.186E-05
-6.76307E-08, 4.55099E-03, -9.7584E-04, 5.244E-05
-6.76244E-08, -1.24522E-03, -1.39738E-03, 1.3675E-04
-6.76182E-08, -7.04142E-03, -2.02970E-03, 2.2106E-04
-6.76119E-08, -1.231070E-02, -2.55662E-03, 3.8968E-04
-6.76057E-08, -1.916077E-02, -3.29432E-03, 5.5830E-04
-6.75994E-08, -2.443004E-02, -3.82125E-03, 6.8476E-04
-6.75932E-08, -2.917239E-02, -4.24279E-03, 9.3768E-04
-6.75869E-08, -3.391474E-02, -4.55895E-03, 1.06415E-03
-6.75807E-08, -3.865710E-02, -4.98049E-03, 1.23276E-03
-6.75744E-08, -4.339945E-02, -5.08588E-03, 1.40138E-03
-6.75682E-08, -4.603409E-02, -5.08588E-03, 1.57000E-03
-6.75619E-08, -4.919565E-02, -5.29665E-03, 1.69646E-03
-6.75557E-08, -5.183030E-02, -5.19126E-03, 1.73861E-03
-6.75494E-08, -5.446493E-02, -4.98049E-03, 1.82292E-03
-6.75432E-08, -5.551879E-02, -4.66434E-03, 1.94939E-03
-6.75369E-08, -5.604572E-02, -4.55895E-03, 1.99154E-03
-6.75307E-08, -5.657265E-02, -4.34818E-03, 2.03369E-03
-6.75244E-08, -5.604572E-02, -3.82125E-03, 2.11800E-03
-6.75182E-08, -5.551879E-02, -3.08355E-03, 2.16016E-03
-6.75119E-08, -5.341108E-02, -2.55662E-03, 2.03369E-03
-6.75057E-08, -5.183030E-02, -1.92431E-03, 2.11800E-03
-6.74994E-08, -4.919565E-02, -1.29200E-03, 2.11800E-03
-6.74932E-08, -4.603409E-02, -5.5430E-04, 2.07585E-03
-6.74869E-08, -4.287252E-02, 1.8340E-04, 2.07585E-03
-6.74807E-08, -4.023788E-02, 9.2110E-04, 2.11800E-03
-6.74744E-08, -3.654939E-02, 1.76418E-03, 2.07585E-03
-6.74682E-08, -3.286089E-02, 2.60727E-03, 2.03369E-03
-6.74619E-08, -2.864547E-02, 3.13420E-03, 2.07585E-03
-6.74557E-08, -2.443004E-02, 3.87190E-03, 2.07585E-03
-6.74494E-08, -1.968769E-02, 4.71498E-03, 2.07585E-03
-6.74432E-08, -1.547227E-02, 5.13652E-03, 2.11800E-03
-6.74369E-08, -1.072992E-02, 5.55806E-03, 2.11800E-03
-6.74307E-08, -7.04142E-03, 5.76884E-03, 2.11800E-03
-6.74244E-08, -1.77215E-03, 5.97961E-03, 2.20231E-03
-6.74182E-08, 2.44328E-03, 6.19038E-03, 2.24446E-03
-6.74119E-08, 7.18563E-03, 6.40115E-03, 2.28662E-03
-6.74057E-08, 1.034720E-02, 6.08499E-03, 2.32877E-03
-6.73994E-08, 1.456262E-02, 5.87422E-03, 2.28662E-03
-6.73932E-08, 1.825111E-02, 5.55806E-03, 2.28662E-03
-6.73869E-08, 2.088575E-02, 4.92575E-03, 2.24446E-03
-6.73807E-08, 2.352039E-02, 4.60959E-03, 2.16016E-03
-6.73744E-08, 2.668196E-02, 3.76651E-03, 2.07585E-03
-6.73682E-08, 2.826274E-02, 2.81804E-03, 2.03369E-03
-6.73619E-08, 2.878967E-02, 2.18573E-03, 1.94939E-03
-6.73557E-08, 3.037046E-02, 1.34264E-03, 1.73861E-03
-6.73494E-08, 3.195124E-02, 2.8879E-04, 1.61215E-03
-6.73432E-08, 3.195124E-02, -7.6507E-04, 1.40138E-03
-6.73369E-08, 3.142431E-02, -1.71354E-03, 1.10630E-03
-6.73307E-08, 3.037046E-02, -2.97817E-03, 9.3768E-04
-6.73244E-08, 2.931660E-02, -4.13741E-03, 5.5830E-04
-6.73182E-08, 2.720889E-02, -4.98049E-03, 2.6322E-04
-6.73119E-08, 2.457425E-02, -5.82358E-03, -7.402E-05
-6.73057E-08, 2.141268E-02, -6.87743E-03, -4.1125E-04
-6.72994E-08, 1.667033E-02, -7.82590E-03, -7.4849E-04
-6.72932E-08, 1.403569E-02, -8.35283E-03, -1.00141E-03
-6.72869E-08, 1.087412E-02, -8.98515E-03, -1.29649E-03
-6.72807E-08, 5.07792E-03, -9.61746E-03, -1.71803E-03
-6.72744E-08, 3.3557E-04, -9.93362E-03, -1.97096E-03
-6.72682E-08, -3.87986E-03, -1.035516E-02, -2.22388E-03
-6.72619E-08, -9.14914E-03, -1.056593E-02, -2.47681E-03
-6.72557E-08, -1.441841E-02, -1.067131E-02, -2.64543E-03
-6.72494E-08, -1.968769E-02, -1.056593E-02, -2.81404E-03
-6.72432E-08, -2.443004E-02, -1.024977E-02, -2.89835E-03
-6.72369E-08, -2.917239E-02, -1.003900E-02, -2.89835E-03
-6.72307E-08, -3.338782E-02, -9.51207E-03, -2.89835E-03
-6.72244E-08, -3.813017E-02, -9.09053E-03, -2.72973E-03
-6.72182E-08, -4.287252E-02, -8.45822E-03, -2.72973E-03
-6.72119E-08, -4.498023E-02, -7.50975E-03, -2.51896E-03
-6.72057E-08, -4.919565E-02, -6.98282E-03, -2.26604E-03
-6.71994E-08, -5.183030E-02, -6.24512E-03, -2.05527E-03
-6.71932E-08, -5.341108E-02, -5.50742E-03, -1.71803E-03
-6.71869E-08, -5.288415E-02, -4.66434E-03, -1.29649E-03
-6.71807E-08, -5.551879E-02, -4.03202E-03, -8.3279E-04
-6.71744E-08, -5.499186E-02, -3.39971E-03, -4.1125E-04
-6.71682E-08, -5.551879E-02, -2.76740E-03, 5.244E-05
-6.71619E-08, -5.446493E-02, -2.13508E-03, 6.0045E-04
-6.71557E-08, -5.341108E-02, -1.81893E-03, 1.06415E-03
-6.71494E-08, -5.077644E-02, -1.60815E-03, 1.65431E-03
-6.71432E-08, -4.919565E-02, -1.29200E-03, 2.16016E-03
-6.71369E-08, -4.656101E-02, -1.08123E-03, 2.58170E-03
-6.71307E-08, -4.392638E-02, -1.08123E-03, 3.08755E-03
-6.71244E-08, -4.129174E-02, -1.29200E-03, 3.59340E-03
-6.71182E-08, -3.813017E-02, -1.60815E-03, 4.09925E-03
-6.71119E-08, -3.391474E-02, -1.71354E-03, 4.35218E-03
-6.71057E-08, -3.128011E-02, -2.24047E-03, 4.81587E-03
-6.70994E-08, -2.811854E-02, -2.76740E-03, 5.06880E-03
-6.70932E-08, -2.548390E-02, -3.39971E-03, 5.32172E-03
-6.70869E-08, -2.284926E-02, -3.92664E-03, 5.57465E-03
-6.70807E-08, -2.126848E-02, -4.55895E-03, 5.65896E-03
-6.70744E-08, -1.916077E-02, -5.29665E-03, 5.70111E-03
-6.70682E-08, -1.652613E-02, -6.13973E-03, 5.74327E-03
-6.70619E-08, -1.547227E-02, -6.66666E-03, 5.82757E-03
-6.70557E-08, -1.599920E-02, -7.19359E-03, 5.74327E-03
-6.70494E-08, -1.494534E-02, -7.93129E-03, 5.65896E-03
-6.70432E-08, -1.599920E-02, -8.24745E-03, 5.57465E-03
-6.70369E-08, -1.441841E-02, -8.66899E-03, 5.32172E-03
-6.70307E-08, -1.705305E-02, -8.87976E-03, 5.19526E-03
-6.70244E-08, -1.863384E-02, -9.19592E-03, 4.94234E-03
-6.70182E-08, -1.916077E-02, -9.19592E-03, 4.68941E-03
-6.70119E-08, -2.179541E-02, -9.19592E-03, 4.43648E-03
-6.70057E-08, -2.390312E-02, -8.98515E-03, 4.14140E-03
-6.69994E-08, -2.653776E-02, -8.56360E-03, 3.80417E-03
-6.69932E-08, -2.917239E-02, -8.24745E-03, 3.55125E-03
-6.69869E-08, -3.075318E-02, -7.40436E-03, 3.25617E-03
-6.69807E-08, -3.391474E-02, -6.77205E-03, 2.91893E-03
-6.69744E-08, -3.549553E-02, -5.92896E-03, 2.70816E-03
-6.69682E-08, -3.760324E-02, -4.98049E-03, 2.45524E-03
-6.69619E-08, -3.971095E-02, -4.03202E-03, 2.20231E-03
-6.69557E-08, -4.129174E-02, -2.87278E-03, 1.99154E-03
-6.69494E-08, -4.392638E-02, -1.81893E-03, 1.78077E-03
-6.69432E-08, -4.445330E-02, -6.5968E-04, 1.57000E-03
-6.69369E-08, -4.603409E-02, 2.8879E-04, 1.40138E-03
-6.69307E-08, -4.656101E-02, 1.34264E-03, 1.27492E-03
-6.69244E-08, -4.656101E-02, 2.29111E-03, 1.10630E-03
-6.69182E-08, -4.708794E-02, 3.23958E-03, 9.7984E-04
-6.69119E-08, -4.603409E-02, 4.08267E-03, 8.5338E-04
-6.69057E-08, -4.550716E-02, 4.82037E-03, 7.6907E-04
-6.68994E-08, -4.445330E-02, 5.34729E-03, 7.2691E-04
-6.68932E-08, -4.392638E-02, 5.76884E-03, 6.4260E-04
-6.68869E-08, -4.129174E-02, 6.19038E-03, 5.5830E-04
-6.68807E-08, -4.076481E-02, 6.29576E-03, 5.5830E-04
-6.68744E-08, -3.918403E-02, 6.19038E-03, 4.7399E-04
-6.68682E-08, -3.813017E-02, 5.97961E-03, 4.7399E-04
-6.68619E-08, -3.602246E-02, 5.55806E-03, 4.3183E-04
-6.68557E-08, -3.496860E-02, 5.24191E-03, 3.4752E-04
-6.68494E-08, -3.338782E-02, 4.71498E-03, 2.6322E-04
-6.68432E-08, -3.180704E-02, 3.87190E-03, 3.4752E-04
-6.68369E-08, -3.075318E-02, 3.02881E-03, 3.0537E-04
-6.68307E-08, -3.022625E-02, 1.97495E-03, 3.0537E-04
-6.68244E-08, -2.969932E-02, 1.02648E-03, 3.4752E-04
-6.68182E-08, -2.864547E-02, -1.3276E-04, 3.0537E-04
-6.68119E-08, -2.811854E-02, -1.50277E-03, 3.0537E-04
-6.68057E-08, -2.864547E-02, -2.66201E-03, 3.8968E-04
-6.67994E-08, -2.917239E-02, -4.03202E-03, 3.4752E-04
-6.67932E-08, -2.917239E-02, -5.29665E-03, 3.8968E-04
-6.67869E-08, -2.917239E-02, -6.45589E-03, 4.7399E-04
-6.67807E-08, -2.969932E-02, -7.82590E-03, 5.1614E-04
-6.67744E-08, -3.022625E-02, -8.98515E-03, 6.0045E-04
-6.67682E-08, -3.022625E-02, -1.003900E-02, 7.2691E-04
-6.67619E-08, -3.075318E-02, -1.119824E-02, 7.6907E-04
-6.67557E-08, -3.128011E-02, -1.246287E-02, 8.9553E-04
-6.67494E-08, -3.075318E-02, -1.309518E-02, 1.02199E-03
-6.67432E-08, -3.233396E-02, -1.425442E-02, 1.14845E-03
-6.67369E-08, -3.075318E-02, -1.509751E-02, 1.27492E-03
-6.67307E-08, -3.075318E-02, -1.594059E-02, 1.35923E-03
-6.67244E-08, -2.969932E-02, -1.667829E-02, 1.52784E-03
-6.67182E-08, -2.864547E-02, -1.731060E-02, 1.69646E-03
-6.67119E-08, -2.759161E-02, -1.783753E-02, 1.73861E-03
-6.67057E-08, -2.601083E-02, -1.868062E-02, 1.90723E-03
-6.66994E-08, -2.337619E-02, -1.910216E-02, 2.03369E-03
-6.66932E-08, -2.232233E-02, -1.941832E-02, 1.99154E-03
-6.66869E-08, -1.916077E-02, -1.994525E-02, 2.03369E-03
-6.66807E-08, -1.599920E-02, -2.047217E-02, 2.11800E-03
-6.66744E-08, -1.336456E-02, -2.068294E-02, 2.11800E-03
-6.66682E-08, -1.020299E-02, -2.089372E-02, 2.07585E-03
-6.66619E-08, -8.09528E-03, -2.142064E-02, 1.99154E-03
-6.66557E-08, -4.40678E-03, -2.163141E-02, 1.90723E-03
-6.66494E-08, -2.29907E-03, -2.173680E-02, 1.78077E-03
-6.66432E-08, 1.38942E-03, -2.205296E-02, 1.69646E-03
-6.66369E-08, 4.02406E-03, -2.205296E-02, 1.44353E-03
-6.66307E-08, 6.13177E-03, -2.226373E-02, 1.27492E-03
-6.66244E-08, 8.23948E-03, -2.205296E-02, 1.06415E-03
-6.66182E-08, 1.087412E-02, -2.194757E-02, 7.6907E-04
-6.66119E-08, 1.245491E-02, -2.184219E-02, 4.3183E-04
-6.66057E-08, 1.245491E-02, -2.184219E-02, 9.460E-05
-6.65994E-08, 1.298183E-02, -2.131526E-02, -2.0048E-04
-6.65932E-08, 1.350876E-02, -2.078833E-02, -6.2202E-04
-6.65869E-08, 1.350876E-02, -2.015601E-02, -9.5926E-04
-6.65807E-08, 1.245491E-02, -1.962909E-02, -1.29649E-03
-6.65744E-08, 1.192798E-02, -1.857523E-02, -1.63372E-03
-6.65682E-08, 1.034720E-02, -1.762676E-02, -1.97096E-03
-6.65619E-08, 8.23948E-03, -1.657291E-02, -2.35035E-03
-6.65557E-08, 6.65870E-03, -1.541366E-02, -2.60327E-03
-6.65494E-08, 3.49713E-03, -1.393827E-02, -2.89835E-03
-6.65432E-08, 1.38942E-03, -1.256825E-02, -3.15128E-03
-6.65369E-08, -1.9136E-04, -1.088209E-02, -3.27774E-03
-6.65307E-08, -3.87986E-03, -9.40669E-03, -3.53066E-03
-6.65244E-08, -6.51450E-03, -7.61513E-03, -3.61497E-03
-6.65182E-08, -9.14914E-03, -6.03435E-03, -3.65713E-03
-6.65119E-08, -1.125685E-02, -4.13741E-03, -3.78359E-03
-6.65057E-08, -1.494534E-02, -2.45124E-03, -3.69928E-03
-6.64994E-08, -1.705305E-02, -6.5968E-04, -3.69928E-03
-6.64932E-08, -1.863384E-02, 1.02648E-03, -3.57282E-03
-6.64869E-08, -2.021462E-02, 2.71265E-03, -3.44636E-03
-6.64807E-08, -2.126848E-02, 4.08267E-03, -3.23559E-03
-6.64744E-08, -2.284926E-02, 5.55806E-03, -3.06697E-03
-6.64682E-08, -2.337619E-02, 6.61192E-03, -2.77189E-03
-6.64619E-08, -2.337619E-02, 7.77116E-03, -2.51896E-03
-6.64557E-08, -2.390312E-02, 8.71963E-03, -2.22388E-03
-6.64494E-08, -2.337619E-02, 9.14117E-03, -1.97096E-03
-6.64432E-08, -2.284926E-02, 9.56272E-03, -1.54942E-03
-6.64369E-08, -2.179541E-02, 9.77349E-03, -1.29649E-03
-6.64307E-08, -2.021462E-02, 9.77349E-03, -8.7495E-04
-6.64244E-08, -1.968769E-02, 9.35195E-03, -5.3771E-04
-6.64182E-08, -1.810691E-02, 8.93040E-03, -2.0048E-04
-6.64119E-08, -1.599920E-02, 8.40348E-03, 5.244E-05
-6.64057E-08, -1.494534E-02, 7.24423E-03, 3.4752E-04
-6.63994E-08, -1.283763E-02, 6.08499E-03, 6.8476E-04
-6.63932E-08, -1.178377E-02, 4.60959E-03, 8.5338E-04
-6.63869E-08, -9.14914E-03, 3.13420E-03, 1.10630E-03
-6.63807E-08, -7.56835E-03, 1.65880E-03, 1.31707E-03
-6.63744E-08, -7.04142E-03, -1.3276E-04, 1.40138E-03
-6.63682E-08, -4.93371E-03, -2.02970E-03, 1.52784E-03
-6.63619E-08, -3.87986E-03, -4.03202E-03, 1.65431E-03
-6.63557E-08, -3.35293E-03, -5.71819E-03, 1.82292E-03
-6.63494E-08, -2.29907E-03, -7.61513E-03, 1.90723E-03
-6.63432E-08, -1.77215E-03, -9.40669E-03, 1.99154E-03
-6.63369E-08, -1.24522E-03, -1.119824E-02, 1.99154E-03
-6.63307E-08, -1.77215E-03, -1.298980E-02, 1.99154E-03
-6.63244E-08, -1.77215E-03, -1.435981E-02, 1.99154E-03
-6.63182E-08, -1.24522E-03, -1.572982E-02, 1.99154E-03
-6.63119E-08, -7.1829E-04, -1.688906E-02, 2.03369E-03
-6.63057E-08, -7.1829E-04, -1.794292E-02, 2.03369E-03
-6.62994E-08, -1.77215E-03, -1.868062E-02, 1.99154E-03
-6.62932E-08, -1.77215E-03, -1.931293E-02, 2.11800E-03
-6.62869E-08, -1.24522E-03, -1.962909E-02, 2.07585E-03
-6.62807E-08, -1.77215E-03, -1.983986E-02, 2.11800E-03
-6.62744E-08, -1.24522E-03, -1.983986E-02, 2.20231E-03
-6.62682E-08, -7.1829E-04, -1.931293E-02, 2.24446E-03
-6.62619E-08, -7.1829E-04, -1.910216E-02, 2.41308E-03
-6.62557E-08, 3.3557E-04, -1.868062E-02, 2.53954E-03
-6.62494E-08, 1.38942E-03, -1.783753E-02, 2.62385E-03
-6.62432E-08, 2.44328E-03, -1.688906E-02, 2.79247E-03
-6.62369E-08, 5.07792E-03, -1.594059E-02, 2.96109E-03
-6.62307E-08, 6.13177E-03, -1.499212E-02, 3.12970E-03
-6.62244E-08, 7.71256E-03, -1.393827E-02, 3.29832E-03
-6.62182E-08, 9.29334E-03, -1.277903E-02, 3.55125E-03
-6.62119E-08, 1.298183E-02, -1.161978E-02, 3.71986E-03
-6.62057E-08, 1.508955E-02, -1.056593E-02, 3.84633E-03
-6.61994E-08, 1.614340E-02, -9.51207E-03, 4.05710E-03
-6.61932E-08, 1.772419E-02, -8.24745E-03, 4.26787E-03
-6.61869E-08, 1.983190E-02, -7.50975E-03, 4.47864E-03
-6.61807E-08, 2.246654E-02, -6.56128E-03, 4.56295E-03
-6.61744E-08, 2.352039E-02, -6.03435E-03, 4.68941E-03
-6.61682E-08, 2.457425E-02, -5.61281E-03, 4.81587E-03
-6.61619E-08, 2.562810E-02, -5.19126E-03, 4.90018E-03
-6.61557E-08, 2.720889E-02, -4.66434E-03, 4.90018E-03
-6.61494E-08, 2.773582E-02, -4.45356E-03, 5.02664E-03
-6.61432E-08, 2.720889E-02, -4.76972E-03, 5.02664E-03
-6.61369E-08, 2.826274E-02, -4.76972E-03, 5.02664E-03
-6.61307E-08, 2.773582E-02, -5.08588E-03, 4.94234E-03
-6.61244E-08, 2.720889E-02, -5.40204E-03, 4.94234E-03
-6.61182E-08, 2.510118E-02, -6.24512E-03, 4.81587E-03
-6.61119E-08, 2.510118E-02, -6.56128E-03, 4.68941E-03
-6.61057E-08, 2.299346E-02, -7.40436E-03, 4.60510E-03
-6.60994E-08, 2.193961E-02, -8.03667E-03, 4.43648E-03
-6.60932E-08, 1.930497E-02, -8.77437E-03, 4.18356E-03
-6.60869E-08, 1.772419E-02, -9.40669E-03, 4.01494E-03
-6.60807E-08, 1.667033E-02, -1.035516E-02, 3.80417E-03
-6.60744E-08, 1.456262E-02, -1.098747E-02, 3.63555E-03
-6.60682E-08, 1.192798E-02, -1.172517E-02, 3.46694E-03
-6.60619E-08, 1.140105E-02, -1.235748E-02, 3.29832E-03
-6.60557E-08, 9.29334E-03, -1.288441E-02, 3.04540E-03
-6.60494E-08, 8.23948E-03, -1.362211E-02, 2.83462E-03
-6.60432E-08, 7.71256E-03, -1.414904E-02, 2.66601E-03
-6.60369E-08, 7.18563E-03, -1.435981E-02, 2.49739E-03
-6.60307E-08, 6.65870E-03, -1.478135E-02, 2.24446E-03
-6.60244E-08, 6.65870E-03, -1.499212E-02, 2.11800E-03
-6.60182E-08, 8.23948E-03, -1.499212E-02, 1.90723E-03
-6.60119E-08, 9.82027E-03, -1.499212E-02, 1.73861E-03
-6.60057E-08, 9.82027E-03, -1.509751E-02, 1.73861E-03
-6.59994E-08, 1.192798E-02, -1.499212E-02, 1.61215E-03
-6.59932E-08, 1.298183E-02, -1.478135E-02, 1.48569E-03
-6.59869E-08, 1.508955E-02, -1.425442E-02, 1.35923E-03
-6.59807E-08, 1.667033E-02, -1.404365E-02, 1.27492E-03
-6.59744E-08, 1.877804E-02, -1.372750E-02, 1.14845E-03
-6.59682E-08, 2.141268E-02, -1.341134E-02, 1.10630E-03
-6.59619E-08, 2.299346E-02, -1.298980E-02, 1.02199E-03
-6.59557E-08, 2.457425E-02, -1.277903E-02, 1.02199E-03
-6.59494E-08, 2.615503E-02, -1.235748E-02, 9.3768E-04
-6.59432E-08, 2.720889E-02, -1.183056E-02, 8.5338E-04
-6.59369E-08, 2.878967E-02, -1.183056E-02, 8.1122E-04
-6.59307E-08, 2.878967E-02, -1.130363E-02, 7.2691E-04
-6.59244E-08, 2.878967E-02, -1.119824E-02, 7.2691E-04
-6.59182E-08, 2.773582E-02, -1.088209E-02, 6.8476E-04
-6.59119E-08, 2.668196E-02, -1.077670E-02, 6.4260E-04
-6.59057E-08, 2.510118E-02, -1.088209E-02, 6.0045E-04
-6.58994E-08, 2.352039E-02, -1.056593E-02, 5.5830E-04
-6.58932E-08, 1.983190E-02, -1.056593E-02, 4.3183E-04
-6.58869E-08, 1.667033E-02, -1.077670E-02, 4.3183E-04
-6.58807E-08, 1.192798E-02, -1.056593E-02, 3.8968E-04
-6.58744E-08, 8.23948E-03, -1.067131E-02, 3.8968E-04
-6.58682E-08, 2.44328E-03, -1.077670E-02, 3.0537E-04
-6.58619E-08, -1.77215E-03, -1.067131E-02, 2.6322E-04
-6.58557E-08, -6.51450E-03, -1.077670E-02, 2.6322E-04
-6.58494E-08, -1.178377E-02, -1.077670E-02, 3.4752E-04
-6.58432E-08, -1.757998E-02, -1.056593E-02, 2.6322E-04
-6.58369E-08, -2.284926E-02, -1.056593E-02, 3.0537E-04
-6.58307E-08, -2.864547E-02, -1.046054E-02, 4.3183E-04
-6.58244E-08, -3.286089E-02, -1.035516E-02, 3.4752E-04
-6.58182E-08, -3.707631E-02, -1.003900E-02, 4.3183E-04
-6.58119E-08, -4.129174E-02, -9.61746E-03, 4.7399E-04
-6.58057E-08, -4.498023E-02, -9.09053E-03, 5.1614E-04
-6.57994E-08, -4.814180E-02, -8.87976E-03, 6.8476E-04
-6.57932E-08, -5.024951E-02, -8.24745E-03, 7.2691E-04
-6.57869E-08, -5.183030E-02, -7.50975E-03, 8.1122E-04
-6.57807E-08, -5.288415E-02, -6.87743E-03, 8.9553E-04
-6.57744E-08, -5.288415E-02, -6.13973E-03, 9.7984E-04
-6.57682E-08, -5.235722E-02, -5.40204E-03, 1.06415E-03
-6.57619E-08, -5.183030E-02, -4.76972E-03, 1.19061E-03
-6.57557E-08, -4.972258E-02, -3.92664E-03, 1.27492E-03
-6.57494E-08, -4.761487E-02, -3.18894E-03, 1.31707E-03
-6.57432E-08, -4.339945E-02, -2.34585E-03, 1.35923E-03
-6.57369E-08, -4.023788E-02, -1.71354E-03, 1.48569E-03
-6.57307E-08, -3.707631E-02, -9.7584E-04, 1.52784E-03
-6.57244E-08, -3.338782E-02, -4.4891E-04, 1.61215E-03
-6.57182E-08, -2.864547E-02, -2.737E-05, 1.57000E-03
-6.57119E-08, -2.337619E-02, 7.1033E-04, 1.52784E-03
-6.57057E-08, -1.863384E-02, 9.2110E-04, 1.65431E-03
-6.56994E-08, -1.547227E-02, 1.44803E-03, 1.61215E-03
-6.56932E-08, -1.072992E-02, 1.65880E-03, 1.52784E-03
-6.56869E-08, -7.56835E-03, 1.65880E-03, 1.44353E-03
-6.56807E-08, -3.87986E-03, 1.65880E-03, 1.35923E-03
-6.56744E-08, -7.1829E-04, 1.76418E-03, 1.27492E-03
-6.56682E-08, 1.91635E-03, 1.34264E-03, 1.10630E-03
-6.56619E-08, 3.49713E-03, 1.23726E-03, 9.7984E-04
-6.56557E-08, 5.60485E-03, 8.1571E-04, 8.5338E-04
-6.56494E-08, 5.07792E-03, 3.9417E-04, 6.8476E-04
-6.56432E-08, 5.60485E-03, -2.737E-05, 5.1614E-04
-6.56369E-08, 4.02406E-03, -5.5430E-04, 4.3183E-04
-6.56307E-08, 2.97021E-03, -9.7584E-04, 2.6322E-04
-6.56244E-08, 1.38942E-03, -1.71354E-03, 1.029E-05
-6.56182E-08, -1.9136E-04, -2.34585E-03, -1.5833E-04
-6.56119E-08, -2.82600E-03, -2.87278E-03, -4.5341E-04
-6.56057E-08, -7.04142E-03, -3.39971E-03, -5.7987E-04
-6.55994E-08, -1.072992E-02, -3.92664E-03, -7.4849E-04
-6.55932E-08, -1.389149E-02, -4.45356E-03, -9.5926E-04
-6.55869E-08, -1.705305E-02, -4.87511E-03, -1.12787E-03
-6.55807E-08, -2.179541E-02, -5.29665E-03, -1.25434E-03
-6.55744E-08, -2.601083E-02, -5.50742E-03, -1.46511E-03
-6.55682E-08, -2.917239E-02, -5.92896E-03, -1.59157E-03
-6.55619E-08, -3.391474E-02, -5.92896E-03, -1.63372E-03
-6.55557E-08, -3.760324E-02, -6.24512E-03, -1.80234E-03
-6.55494E-08, -4.129174E-02, -6.13973E-03, -1.97096E-03
-6.55432E-08, -4.339945E-02, -6.13973E-03, -1.97096E-03
-6.55369E-08, -4.550716E-02, -6.13973E-03, -2.13958E-03
-6.55307E-08, -4.761487E-02, -6.03435E-03, -2.09742E-03
-6.55244E-08, -4.919565E-02, -6.03435E-03, -2.18173E-03
-6.55182E-08, -5.130336E-02, -5.71819E-03, -2.18173E-03
-6.55119E-08, -5.130336E-02, -5.50742E-03, -2.22388E-03
-6.55057E-08, -5.235722E-02, -5.40204E-03, -2.09742E-03
-6.54994E-08, -5.183030E-02, -5.29665E-03, -2.05527E-03
-6.54932E-08, -5.183030E-02, -5.29665E-03, -2.09742E-03
-6.54869E-08, -5.024951E-02, -5.19126E-03, -2.05527E-03
-6.54807E-08, -4.972258E-02, -5.29665E-03, -1.92880E-03
-6.54744E-08, -4.866873E-02, -5.19126E-03, -1.88665E-03
-6.54682E-08, -4.656101E-02, -5.19126E-03, -1.67588E-03
-6.54619E-08, -4.498023E-02, -5.50742E-03, -1.63372E-03
-6.54557E-08, -4.339945E-02, -5.61281E-03, -1.38080E-03
-6.54494E-08, -4.076481E-02, -5.92896E-03, -1.25434E-03
-6.54432E-08, -3.865710E-02, -6.35051E-03, -1.00141E-03
-6.54369E-08, -3.760324E-02, -6.56128E-03, -8.3279E-04
-6.54307E-08, -3.549553E-02, -7.08820E-03, -6.2202E-04
-6.54244E-08, -3.338782E-02, -7.50975E-03, -3.6910E-04
-6.54182E-08, -3.180704E-02, -8.14206E-03, -1.1617E-04
-6.54119E-08, -3.022625E-02, -8.45822E-03, 1.3675E-04
-6.54057E-08, -2.917239E-02, -9.19592E-03, 3.8968E-04
-6.53994E-08, -2.811854E-02, -9.61746E-03, 6.8476E-04
-6.53932E-08, -2.706468E-02, -1.003900E-02, 9.3768E-04
-6.53869E-08, -2.495697E-02, -1.067131E-02, 1.23276E-03
-6.53807E-08, -2.443004E-02, -1.109286E-02, 1.52784E-03
-6.53744E-08, -2.284926E-02, -1.151440E-02, 1.69646E-03
-6.53682E-08, -2.179541E-02, -1.172517E-02, 1.99154E-03
-6.53619E-08, -2.074155E-02, -1.214671E-02, 2.24446E-03
-6.53557E-08, -2.074155E-02, -1.225210E-02, 2.41308E-03
-6.53494E-08, -1.916077E-02, -1.225210E-02, 2.62385E-03
-6.53432E-08, -1.810691E-02, -1.225210E-02, 2.79247E-03
-6.53369E-08, -1.599920E-02, -1.214671E-02, 2.91893E-03
-6.53307E-08, -1.441841E-02, -1.193594E-02, 3.00324E-03
-6.53244E-08, -1.283763E-02, -1.172517E-02, 3.12970E-03
-6.53182E-08, -1.072992E-02, -1.130363E-02, 3.17186E-03
-6.53119E-08, -7.56835E-03, -1.067131E-02, 3.17186E-03
-6.53057E-08, -5.98757E-03, -1.035516E-02, 3.08755E-03
-6.52994E-08, -3.35293E-03, -9.72284E-03, 2.96109E-03
-6.52932E-08, -1.9136E-04, -9.09053E-03, 2.91893E-03
-6.52869E-08, 1.91635E-03, -8.24745E-03, 2.70816E-03
-6.52807E-08, 5.60485E-03, -7.82590E-03, 2.53954E-03
-6.52744E-08, 8.23948E-03, -6.87743E-03, 2.28662E-03
-6.52682E-08, 1.140105E-02, -6.13973E-03, 2.03369E-03
-6.52619E-08, 1.403569E-02, -5.71819E-03, 1.73861E-03
-6.52557E-08, 1.667033E-02, -5.08588E-03, 1.40138E-03
-6.52494E-08, 1.983190E-02, -4.45356E-03, 1.06415E-03
-6.52432E-08, 2.299346E-02, -4.13741E-03, 6.8476E-04
-6.52369E-08, 2.457425E-02, -3.61048E-03, 3.0537E-04
-6.52307E-08, 2.615503E-02, -3.29432E-03, -1.1617E-04
-6.52244E-08, 2.826274E-02, -3.18894E-03, -4.9556E-04
-6.52182E-08, 2.984353E-02, -2.97817E-03, -8.3279E-04
-6.52119E-08, 3.037046E-02, -2.97817E-03, -1.29649E-03
-6.52057E-08, 3.142431E-02, -2.97817E-03, -1.54942E-03
-6.51994E-08, 3.089738E-02, -3.29432E-03, -1.97096E-03
-6.51932E-08, 3.142431E-02, -3.39971E-03, -2.30819E-03
-6.51869E-08, 2.984353E-02, -3.71587E-03, -2.64543E-03
-6.51807E-08, 2.773582E-02, -4.03202E-03, -2.81404E-03
-6.51744E-08, 2.720889E-02, -4.55895E-03, -3.06697E-03
-6.51682E-08, 2.457425E-02, -5.08588E-03, -3.23559E-03
-6.51619E-08, 2.193961E-02, -5.71819E-03, -3.44636E-03
-6.51557E-08, 1.983190E-02, -6.35051E-03, -3.57282E-03
-6.51494E-08, 1.667033E-02, -6.98282E-03, -3.61497E-03
-6.51432E-08, 1.298183E-02, -7.61513E-03, -3.61497E-03
-6.51369E-08, 1.034720E-02, -8.24745E-03, -3.53066E-03
-6.51307E-08, 6.65870E-03, -8.87976E-03, -3.44636E-03
-6.51244E-08, 3.49713E-03, -9.51207E-03, -3.40420E-03
-6.51182E-08, 8.6249E-04, -1.003900E-02, -3.23559E-03
-6.51119E-08, -2.29907E-03, -1.046054E-02, -3.06697E-03
-6.51057E-08, -5.98757E-03, -1.088209E-02, -2.77189E-03
-6.50994E-08, -9.14914E-03, -1.140901E-02, -2.56112E-03
-6.50932E-08, -1.178377E-02, -1.183056E-02, -2.30819E-03
-6.50869E-08, -1.389149E-02, -1.204133E-02, -2.01311E-03
-6.50807E-08, -1.494534E-02, -1.214671E-02, -1.71803E-03
-6.50744E-08, -1.705305E-02, -1.235748E-02, -1.25434E-03
-6.50682E-08, -1.810691E-02, -1.256825E-02, -9.5926E-04
-6.50619E-08, -1.916077E-02, -1.256825E-02, -5.7987E-04
-6.50557E-08, -1.916077E-02, -1.256825E-02, -2.8479E-04
-6.50494E-08, -1.863384E-02, -1.235748E-02, 5.244E-05
-6.50432E-08, -1.916077E-02, -1.246287E-02, 4.7399E-04
-6.50369E-08, -1.863384E-02, -1.225210E-02, 7.6907E-04
-6.50307E-08, -1.757998E-02, -1.214671E-02, 1.19061E-03
-6.50244E-08, -1.705305E-02, -1.204133E-02, 1.48569E-03
-6.50182E-08, -1.652613E-02, -1.193594E-02, 1.78077E-03
-6.50119E-08, -1.389149E-02, -1.172517E-02, 1.94939E-03
-6.50057E-08, -1.441841E-02, -1.151440E-02, 2.28662E-03
-6.49994E-08, -1.389149E-02, -1.119824E-02, 2.49739E-03
-6.49932E-08, -1.178377E-02, -1.119824E-02, 2.66601E-03
-6.49869E-08, -1.125685E-02, -1.088209E-02, 2.83462E-03
-6.49807E-08, -1.020299E-02, -1.056593E-02, 2.96109E-03
-6.49744E-08, -9.14914E-03, -1.056593E-02, 3.08755E-03
-6.49682E-08, -9.67606E-03, -1.024977E-02, 3.21401E-03
-6.49619E-08, -8.62221E-03, -1.035516E-02, 3.29832E-03
-6.49557E-08, -9.67606E-03, -1.014439E-02, 3.34047E-03
-6.49494E-08, -8.62221E-03, -9.93362E-03, 3.34047E-03
-6.49432E-08, -9.67606E-03, -9.61746E-03, 3.42478E-03
-6.49369E-08, -9.14914E-03, -9.51207E-03, 3.34047E-03
-6.49307E-08, -1.020299E-02, -9.19592E-03, 3.29832E-03
-6.49244E-08, -1.072992E-02, -9.09053E-03, 3.34047E-03
-6.49182E-08, -1.283763E-02, -8.66899E-03, 3.29832E-03
-6.49119E-08, -1.231070E-02, -8.56360E-03, 3.12970E-03
-6.49057E-08, -1.441841E-02, -8.24745E-03, 3.08755E-03
-6.48994E-08, -1.599920E-02, -7.61513E-03, 3.04540E-03
-6.48932E-08, -1.547227E-02, -7.50975E-03, 2.91893E-03
-6.48869E-08, -1.705305E-02, -6.98282E-03, 2.87678E-03
-6.48807E-08, -1.757998E-02, -6.45589E-03, 2.75032E-03
-6.48744E-08, -1.810691E-02, -5.92896E-03, 2.66601E-03
-6.48682E-08, -1.968769E-02, -5.50742E-03, 2.53954E-03
-6.48619E-08, -1.863384E-02, -4.87511E-03, 2.45524E-03
-6.48557E-08, -1.916077E-02, -4.13741E-03, 2.37093E-03
-6.48494E-08, -1.968769E-02, -3.50509E-03, 2.24446E-03
-6.48432E-08, -1.810691E-02, -2.76740E-03, 2.16016E-03
-6.48369E-08, -1.757998E-02, -2.24047E-03, 2.07585E-03
-6.48307E-08, -1.757998E-02, -1.71354E-03, 2.03369E-03
-6.48244E-08, -1.652613E-02, -1.18661E-03, 1.94939E-03
-6.48182E-08, -1.599920E-02, -5.5430E-04, 1.82292E-03
-6.48119E-08, -1.389149E-02, -2.737E-05, 1.82292E-03
-6.48057E-08, -1.336456E-02, 2.8879E-04, 1.82292E-03
-6.47994E-08, -1.178377E-02, 6.0494E-04, 1.78077E-03
-6.47932E-08, -1.020299E-02, 8.1571E-04, 1.73861E-03
-6.47869E-08, -8.62221E-03, 1.02648E-03, 1.69646E-03
-6.47807E-08, -6.51450E-03, 1.02648E-03, 1.65431E-03
-6.47744E-08, -5.46064E-03, 9.2110E-04, 1.65431E-03
-6.47682E-08, -4.40678E-03, 7.1033E-04, 1.61215E-03
-6.47619E-08, -3.87986E-03, 2.8879E-04, 1.61215E-03
-6.47557E-08, -2.29907E-03, -2.3814E-04, 1.65431E-03
-6.47494E-08, -1.9136E-04, -7.6507E-04, 1.57000E-03
-6.47432E-08, -7.1829E-04, -1.39738E-03, 1.61215E-03
-6.47369E-08, 3.3557E-04, -2.13508E-03, 1.52784E-03
-6.47307E-08, 3.3557E-04, -3.29432E-03, 1.52784E-03
-6.47244E-08, 8.6249E-04, -4.24279E-03, 1.40138E-03
-6.47182E-08, -1.9136E-04, -5.29665E-03, 1.35923E-03
-6.47119E-08, -1.9136E-04, -6.45589E-03, 1.31707E-03
-6.47057E-08, -1.77215E-03, -7.82590E-03, 1.27492E-03
-6.46994E-08, -1.77215E-03, -9.09053E-03, 1.19061E-03
-6.46932E-08, -3.35293E-03, -1.014439E-02, 1.02199E-03
-6.46869E-08, -3.87986E-03, -1.161978E-02, 9.3768E-04
-6.46807E-08, -5.98757E-03, -1.288441E-02, 8.1122E-04
-6.46744E-08, -6.51450E-03, -1.404365E-02, 6.8476E-04
-6.46682E-08, -8.09528E-03, -1.530828E-02, 6.0045E-04
-6.46619E-08, -9.67606E-03, -1.646752E-02, 3.8968E-04
-6.46557E-08, -1.178377E-02, -1.741599E-02, 2.6322E-04
-6.46494E-08, -1.336456E-02, -1.825907E-02, 1.3675E-04
-6.46432E-08, -1.441841E-02, -1.931293E-02, -3.186E-05
-6.46369E-08, -1.652613E-02, -2.015601E-02, -1.1617E-04
-6.46307E-08, -1.757998E-02, -2.078833E-02, -2.4263E-04
-6.46244E-08, -1.863384E-02, -2.120987E-02, -3.2694E-04
-6.46182E-08, -2.074155E-02, -2.142064E-02, -4.5341E-04
-6.46119E-08, -2.021462E-02, -2.173680E-02, -6.2202E-04
-6.46057E-08, -2.126848E-02, -2.163141E-02, -6.2202E-04
-6.45994E-08, -2.126848E-02, -2.163141E-02, -5.7987E-04
-6.45932E-08, -2.179541E-02, -2.120987E-02, -6.6418E-04
-6.45869E-08, -2.232233E-02, -2.089372E-02, -6.2202E-04
-6.45807E-08, -2.179541E-02, -2.057756E-02, -6.2202E-04
-6.45744E-08, -2.126848E-02, -1.983986E-02, -4.9556E-04
-6.45682E-08, -2.179541E-02, -1.931293E-02, -3.6910E-04
-6.45619E-08, -2.126848E-02, -1.846985E-02, -1.5833E-04
-6.45557E-08, -2.021462E-02, -1.762676E-02, 5.244E-05
-6.45494E-08, -1.968769E-02, -1.667829E-02, 2.2106E-04
-6.45432E-08, -1.863384E-02, -1.583521E-02, 4.7399E-04
-6.45369E-08, -1.705305E-02, -1.488674E-02, 7.2691E-04
-6.45307E-08, -1.652613E-02, -1.393827E-02, 1.06415E-03
-6.45244E-08, -1.652613E-02, -1.320057E-02, 1.44353E-03
-6.45182E-08, -1.599920E-02, -1.214671E-02, 1.73861E-03
-6.45119E-08, -1.389149E-02, -1.130363E-02, 2.03369E-03
-6.45057E-08, -1.441841E-02, -1.067131E-02, 2.49739E-03
-6.44994E-08, -1.231070E-02, -1.003900E-02, 2.79247E-03
-6.44932E-08, -1.283763E-02, -9.40669E-03, 3.08755E-03
-6.44869E-08, -1.178377E-02, -8.77437E-03, 3.34047E-03
-6.44807E-08, -1.125685E-02, -8.45822E-03, 3.71986E-03
-6.44744E-08, -1.020299E-02, -7.82590E-03, 3.97279E-03
-6.44682E-08, -1.072992E-02, -7.72052E-03, 4.31002E-03
-6.44619E-08, -9.67606E-03, -7.40436E-03, 4.52079E-03
-6.44557E-08, -1.072992E-02, -7.40436E-03, 4.73156E-03
-6.44494E-08, -1.020299E-02, -7.19359E-03, 4.85803E-03
-6.44432E-08, -1.020299E-02, -7.08820E-03, 5.02664E-03
-6.44369E-08, -1.020299E-02, -7.19359E-03, 5.02664E-03
-6.44307E-08, -1.072992E-02, -7.29898E-03, 5.06880E-03
-6.44244E-08, -1.020299E-02, -7.50975E-03, 5.02664E-03
-6.44182E-08, -1.125685E-02, -7.72052E-03, 4.98449E-03
-6.44119E-08, -1.125685E-02, -7.82590E-03, 4.73156E-03
-6.44057E-08, -1.125685E-02, -8.03667E-03, 4.64726E-03
-6.43994E-08, -1.178377E-02, -8.14206E-03, 4.47864E-03
-6.43932E-08, -1.178377E-02, -8.35283E-03, 4.26787E-03
-6.43869E-08, -1.231070E-02, -8.24745E-03, 3.97279E-03
-6.43807E-08, -1.336456E-02, -8.45822E-03, 3.71986E-03
-6.43744E-08, -1.283763E-02, -8.35283E-03, 3.38263E-03
-6.43682E-08, -1.389149E-02, -8.35283E-03, 3.12970E-03
-6.43619E-08, -1.336456E-02, -8.03667E-03, 2.75032E-03
-6.43557E-08, -1.389149E-02, -7.93129E-03, 2.53954E-03
-6.43494E-08, -1.336456E-02, -7.50975E-03, 2.28662E-03
-6.43432E-08, -1.389149E-02, -7.29898E-03, 2.03369E-03
-6.43369E-08, -1.389149E-02, -6.77205E-03, 1.86508E-03
-6.43307E-08, -1.336456E-02, -6.03435E-03, 1.69646E-03
-6.43244E-08, -1.389149E-02, -5.82358E-03, 1.61215E-03
-6.43182E-08, -1.283763E-02, -5.08588E-03, 1.52784E-03
-6.43119E-08, -1.283763E-02, -4.24279E-03, 1.40138E-03
-6.43057E-08, -1.231070E-02, -3.82125E-03, 1.35923E-03
-6.42994E-08, -1.178377E-02, -2.87278E-03, 1.44353E-03
-6.42932E-08, -1.072992E-02, -2.34585E-03, 1.61215E-03
-6.42869E-08, -1.072992E-02, -1.39738E-03, 1.61215E-03
-6.42807E-08, -9.67606E-03, -6.5968E-04, 1.86508E-03
-6.42744E-08, -9.14914E-03, -1.3276E-04, 1.99154E-03
-6.42682E-08, -8.09528E-03, 4.9956E-04, 2.37093E-03
-6.42619E-08, -8.09528E-03, 1.02648E-03, 2.58170E-03
-6.42557E-08, -5.98757E-03, 1.65880E-03, 2.79247E-03
-6.42494E-08, -5.46064E-03, 2.08034E-03, 3.12970E-03
-6.42432E-08, -5.46064E-03, 2.50188E-03, 3.34047E-03
-6.42369E-08, -3.35293E-03, 2.71265E-03, 3.67771E-03
-6.42307E-08, -3.35293E-03, 2.71265E-03, 4.01494E-03
-6.42244E-08, -1.77215E-03, 2.71265E-03, 4.35218E-03
-6.42182E-08, -1.77215E-03, 2.60727E-03, 4.68941E-03
-6.42119E-08, -7.1829E-04, 2.39650E-03, 4.90018E-03
-6.42057E-08, -7.1829E-04, 1.97495E-03, 5.06880E-03
-6.41994E-08, -1.9136E-04, 1.44803E-03, 5.36388E-03
-6.41932E-08, 3.3557E-04, 1.02648E-03, 5.44819E-03
-6.41869E-08, -1.9136E-04, 2.8879E-04, 5.61680E-03
-6.41807E-08, -7.1829E-04, -6.5968E-04, 5.70111E-03
-6.41744E-08, 3.3557E-04, -1.39738E-03, 5.74327E-03
-6.41682E-08, -7.1829E-04, -2.66201E-03, 5.78542E-03
-6.41619E-08, -1.77215E-03, -3.50509E-03, 5.70111E-03
-6.41557E-08, -2.82600E-03, -4.76972E-03, 5.57465E-03
-6.41494E-08, -3.35293E-03, -5.82358E-03, 5.49034E-03
-6.41432E-08, -4.93371E-03, -6.87743E-03, 5.36388E-03
-6.41369E-08, -5.98757E-03, -8.14206E-03, 5.23741E-03
-6.41307E-08, -7.56835E-03, -9.40669E-03, 5.02664E-03
-6.41244E-08, -9.67606E-03, -1.056593E-02, 4.81587E-03
-6.41182E-08, -1.072992E-02, -1.172517E-02, 4.64726E-03
-6.41119E-08, -1.020299E-02, -1.267364E-02, 4.35218E-03
-6.41057E-08, -1.283763E-02, -1.383288E-02, 4.09925E-03
-6.40994E-08, -1.389149E-02, -1.478135E-02, 3.80417E-03
-6.40932E-08, -1.494534E-02, -1.541366E-02, 3.63555E-03
-6.40869E-08, -1.494534E-02, -1.625675E-02, 3.38263E-03
-6.40807E-08, -1.494534E-02, -1.688906E-02, 3.17186E-03
-6.40744E-08, -1.494534E-02, -1.731060E-02, 2.96109E-03
-6.40682E-08, -1.494534E-02, -1.773215E-02, 2.83462E-03
-6.40619E-08, -1.494534E-02, -1.783753E-02, 2.79247E-03
-6.40557E-08, -1.231070E-02, -1.794292E-02, 2.53954E-03
-6.40494E-08, -1.178377E-02, -1.783753E-02, 2.41308E-03
-6.40432E-08, -9.67606E-03, -1.773215E-02, 2.37093E-03
-6.40369E-08, -7.04142E-03, -1.731060E-02, 2.32877E-03
-6.40307E-08, -3.35293E-03, -1.688906E-02, 2.28662E-03
-6.40244E-08, -1.9136E-04, -1.636213E-02, 2.32877E-03
-6.40182E-08, 2.44328E-03, -1.541366E-02, 2.20231E-03
-6.40119E-08, 8.23948E-03, -1.488674E-02, 2.28662E-03
-6.40057E-08, 1.192798E-02, -1.393827E-02, 2.37093E-03
-6.39994E-08, 1.667033E-02, -1.288441E-02, 2.32877E-03
-6.39932E-08, 2.141268E-02, -1.193594E-02, 2.37093E-03
-6.39869E-08, 2.562810E-02, -1.098747E-02, 2.37093E-03
-6.39807E-08, 3.037046E-02, -9.61746E-03, 2.45524E-03
-6.39744E-08, 3.563973E-02, -8.66899E-03, 2.53954E-03
-6.39682E-08, 3.985516E-02, -7.72052E-03, 2.53954E-03
-6.39619E-08, 4.354365E-02, -6.45589E-03, 2.62385E-03
-6.39557E-08, 4.775907E-02, -5.40204E-03, 2.66601E-03
-6.39494E-08, 5.039372E-02, -4.45356E-03, 2.66601E-03
-6.39432E-08, 5.302835E-02, -3.50509E-03, 2.70816E-03
-6.39369E-08, 5.513607E-02, -2.66201E-03, 2.75032E-03
-6.39307E-08, 5.618992E-02, -1.81893E-03, 2.83462E-03
-6.39244E-08, 5.724378E-02, -1.18661E-03, 2.75032E-03
-6.39182E-08, 5.618992E-02, -6.5968E-04, 2.87678E-03
-6.39119E-08, 5.671685E-02, -2.737E-05, 2.87678E-03
-6.39057E-08, 5.460914E-02, 2.8879E-04, 3.00324E-03
-6.38994E-08, 5.197450E-02, 4.9956E-04, 2.91893E-03
-6.38932E-08, 4.933986E-02, 7.1033E-04, 2.91893E-03
-6.38869E-08, 4.565137E-02, 7.1033E-04, 2.96109E-03
-6.38807E-08, 4.090901E-02, 4.9956E-04, 3.00324E-03
-6.38744E-08, 3.616666E-02, 4.9956E-04, 3.04540E-03
-6.38682E-08, 3.089738E-02, -2.737E-05, 3.12970E-03
-6.38619E-08, 2.510118E-02, -5.5430E-04, 3.25617E-03
-6.38557E-08, 1.983190E-02, -9.7584E-04, 3.21401E-03
-6.38494E-08, 1.350876E-02, -1.60815E-03, 3.29832E-03
-6.38432E-08, 8.23948E-03, -2.24047E-03, 3.38263E-03
-6.38369E-08, 1.38942E-03, -2.97817E-03, 3.42478E-03
-6.38307E-08, -3.35293E-03, -3.92664E-03, 3.50909E-03
-6.38244E-08, -9.14914E-03, -4.66434E-03, 3.46694E-03
-6.38182E-08, -1.441841E-02, -5.71819E-03, 3.50909E-03
-6.38119E-08, -1.863384E-02, -6.56128E-03, 3.46694E-03
-6.38057E-08, -2.232233E-02, -7.50975E-03, 3.55125E-03
-6.37994E-08, -2.548390E-02, -8.45822E-03, 3.46694E-03
-6.37932E-08, -2.759161E-02, -9.19592E-03, 3.42478E-03
-6.37869E-08, -2.917239E-02, -9.82823E-03, 3.29832E-03
-6.37807E-08, -2.969932E-02, -1.067131E-02, 3.25617E-03
-6.37744E-08, -2.917239E-02, -1.151440E-02, 2.91893E-03
-6.37682E-08, -2.917239E-02, -1.225210E-02, 2.79247E-03
-6.37619E-08, -2.759161E-02, -1.267364E-02, 2.58170E-03
-6.37557E-08, -2.443004E-02, -1.309518E-02, 2.24446E-03
-6.37494E-08, -2.284926E-02, -1.330595E-02, 1.99154E-03
-6.37432E-08, -1.810691E-02, -1.383288E-02, 1.61215E-03
-6.37369E-08, -1.389149E-02, -1.383288E-02, 1.19061E-03
-6.37307E-08, -9.14914E-03, -1.393827E-02, 8.1122E-04
-6.37244E-08, -4.93371E-03, -1.393827E-02, 4.3183E-04
-6.37182E-08, 3.3557E-04, -1.393827E-02, -3.186E-05
-6.37119E-08, 6.65870E-03, -1.362211E-02, -5.3771E-04
-6.37057E-08, 1.087412E-02, -1.341134E-02, -9.1710E-04
-6.36994E-08, 1.667033E-02, -1.298980E-02, -1.33864E-03
-6.36932E-08, 2.141268E-02, -1.256825E-02, -1.76019E-03
-6.36869E-08, 2.668196E-02, -1.204133E-02, -2.18173E-03
-6.36807E-08, 2.984353E-02, -1.151440E-02, -2.60327E-03
-6.36744E-08, 3.247816E-02, -1.088209E-02, -3.02481E-03
-6.36682E-08, 3.563973E-02, -1.014439E-02, -3.31989E-03
-6.36619E-08, 3.774745E-02, -9.61746E-03, -3.53066E-03
-6.36557E-08, 4.090901E-02, -8.87976E-03, -3.78359E-03
-6.36494E-08, 4.038208E-02, -8.14206E-03, -3.99436E-03
-6.36432E-08, 4.038208E-02, -7.61513E-03, -4.07867E-03
-6.36369E-08, 4.038208E-02, -6.87743E-03, -4.12082E-03
-6.36307E-08, 3.880130E-02, -6.24512E-03, -4.16298E-03
-6.36244E-08, 3.669359E-02, -5.61281E-03, -3.95221E-03
-6.36182E-08, 3.353202E-02, -4.98049E-03, -3.86790E-03
-6.36119E-08, 3.142431E-02, -4.55895E-03, -3.69928E-03
-6.36057E-08, 2.720889E-02, -4.13741E-03, -3.36205E-03
-6.35994E-08, 2.352039E-02, -3.61048E-03, -3.02481E-03
-6.35932E-08, 1.983190E-02, -3.39971E-03, -2.72973E-03
-6.35869E-08, 1.508955E-02, -3.08355E-03, -2.30819E-03
-6.35807E-08, 1.034720E-02, -2.97817E-03, -1.88665E-03
-6.35744E-08, 5.60485E-03, -2.76740E-03, -1.29649E-03
-6.35682E-08, 2.44328E-03, -2.66201E-03, -8.7495E-04
-6.35619E-08, -2.29907E-03, -2.66201E-03, -3.2694E-04
-6.35557E-08, -6.51450E-03, -2.66201E-03, 1.3675E-04
-6.35494E-08, -9.14914E-03, -2.76740E-03, 6.4260E-04
-6.35432E-08, -1.336456E-02, -2.76740E-03, 1.19061E-03
-6.35369E-08, -1.494534E-02, -3.08355E-03, 1.69646E-03
-6.35307E-08, -1.810691E-02, -3.18894E-03, 2.16016E-03
-6.35244E-08, -2.074155E-02, -3.29432E-03, 2.66601E-03
-6.35182E-08, -2.179541E-02, -3.50509E-03, 2.96109E-03
-6.35119E-08, -2.126848E-02, -3.61048E-03, 3.34047E-03
-6.35057E-08, -2.232233E-02, -3.92664E-03, 3.67771E-03
-6.34994E-08, -2.284926E-02, -4.03202E-03, 3.88848E-03
-6.34932E-08, -2.232233E-02, -4.45356E-03, 4.18356E-03
-6.34869E-08, -2.126848E-02, -4.55895E-03, 4.31002E-03
-6.34807E-08, -1.916077E-02, -4.76972E-03, 4.39433E-03
-6.34744E-08, -1.810691E-02, -4.98049E-03, 4.43648E-03
-6.34682E-08, -1.705305E-02, -5.08588E-03, 4.47864E-03
-6.34619E-08, -1.547227E-02, -5.50742E-03, 4.35218E-03
-6.34557E-08, -1.336456E-02, -5.71819E-03, 4.35218E-03
-6.34494E-08, -1.231070E-02, -5.71819E-03, 4.22571E-03
-6.34432E-08, -1.125685E-02, -5.71819E-03, 4.01494E-03
-6.34369E-08, -8.62221E-03, -6.03435E-03, 3.80417E-03
-6.34307E-08, -7.56835E-03, -6.13973E-03, 3.59340E-03
-6.34244E-08, -8.09528E-03, -6.13973E-03, 3.34047E-03
-6.34182E-08, -7.04142E-03, -6.45589E-03, 3.04540E-03
-6.34119E-08, -5.46064E-03, -6.24512E-03, 2.70816E-03
-6.34057E-08, -6.51450E-03, -6.35051E-03, 2.53954E-03
-6.33994E-08, -7.56835E-03, -6.56128E-03, 2.11800E-03
-6.33932E-08, -8.09528E-03, -6.56128E-03, 1.82292E-03
-6.33869E-08, -9.14914E-03, -6.56128E-03, 1.52784E-03
-6.33807E-08, -9.67606E-03, -6.45589E-03, 1.31707E-03
-6.33744E-08, -1.072992E-02, -6.45589E-03, 1.06415E-03
-6.33682E-08, -1.441841E-02, -6.56128E-03, 8.5338E-04
-6.33619E-08, -1.652613E-02, -6.35051E-03, 6.8476E-04
-6.33557E-08, -1.863384E-02, -6.13973E-03, 4.7399E-04
-6.33494E-08, -2.126848E-02, -6.03435E-03, 2.6322E-04
-6.33432E-08, -2.337619E-02, -5.92896E-03, 9.460E-05
-6.33369E-08, -2.706468E-02, -5.61281E-03, -3.186E-05
-6.33307E-08, -2.917239E-02, -5.19126E-03, -3.186E-05
-6.33244E-08, -3.286089E-02, -5.08588E-03, -7.402E-05
-6.33182E-08, -3.549553E-02, -4.55895E-03, -7.402E-05
-6.33119E-08, -3.813017E-02, -4.24279E-03, -1.1617E-04
-6.33057E-08, -4.129174E-02, -3.92664E-03, -3.186E-05
-6.32994E-08, -4.445330E-02, -3.39971E-03, -3.186E-05
-6.32932E-08, -4.761487E-02, -2.76740E-03, 1.029E-05
-6.32869E-08, -4.972258E-02, -2.13508E-03, 9.460E-05
-6.32807E-08, -5.288415E-02, -1.50277E-03, 2.6322E-04
-6.32744E-08, -5.446493E-02, -9.7584E-04, 3.4752E-04
-6.32682E-08, -5.709957E-02, -2.3814E-04, 5.1614E-04
-6.32619E-08, -5.868036E-02, 4.9956E-04, 6.8476E-04
-6.32557E-08, -6.131500E-02, 1.34264E-03, 7.6907E-04
-6.32494E-08, -6.289578E-02, 1.97495E-03, 8.9553E-04
-6.32432E-08, -6.394964E-02, 2.81804E-03, 1.10630E-03
-6.32369E-08, -6.711120E-02, 3.45035E-03, 1.19061E-03
-6.32307E-08, -6.763813E-02, 4.29344E-03, 1.31707E-03
-6.32244E-08, -6.869198E-02, 4.71498E-03, 1.52784E-03
-6.32182E-08, -7.027277E-02, 5.34729E-03, 1.61215E-03
-6.32119E-08, -7.027277E-02, 6.08499E-03, 1.78077E-03
-6.32057E-08, -7.132663E-02, 6.29576E-03, 1.90723E-03
-6.31994E-08, -7.185356E-02, 6.71731E-03, 1.94939E-03
-6.31932E-08, -7.290741E-02, 7.03346E-03, 2.03369E-03
-6.31869E-08, -7.290741E-02, 7.13885E-03, 2.20231E-03
-6.31807E-08, -7.290741E-02, 7.03346E-03, 2.24446E-03
-6.31744E-08, -7.343434E-02, 7.13885E-03, 2.32877E-03
-6.31682E-08, -7.290741E-02, 6.82269E-03, 2.37093E-03
-6.31619E-08, -7.343434E-02, 6.50653E-03, 2.45524E-03
-6.31557E-08, -7.132663E-02, 5.97961E-03, 2.37093E-03
-6.31494E-08, -7.027277E-02, 5.55806E-03, 2.32877E-03
-6.31432E-08, -6.974584E-02, 4.82037E-03, 2.37093E-03
-6.31369E-08, -6.816506E-02, 4.08267E-03, 2.28662E-03
-6.31307E-08, -6.605735E-02, 3.13420E-03, 2.20231E-03
-6.31244E-08, -6.447656E-02, 2.39650E-03, 2.20231E-03
-6.31182E-08, -6.289578E-02, 1.13187E-03, 2.11800E-03
-6.31119E-08, -5.973421E-02, 1.8340E-04, 2.03369E-03
-6.31057E-08, -5.868036E-02, -9.7584E-04, 1.99154E-03
-6.30994E-08, -5.551879E-02, -1.81893E-03, 1.86508E-03
-6.30932E-08, -5.341108E-02, -2.87278E-03, 1.69646E-03
-6.30869E-08, -5.024951E-02, -3.82125E-03, 1.61215E-03
-6.30807E-08, -4.761487E-02, -4.87511E-03, 1.40138E-03
-6.30744E-08, -4.392638E-02, -5.82358E-03, 1.27492E-03
-6.30682E-08, -4.181866E-02, -6.77205E-03, 1.19061E-03
-6.30619E-08, -3.813017E-02, -7.19359E-03, 1.10630E-03
-6.30557E-08, -3.549553E-02, -7.82590E-03, 9.3768E-04
-6.30494E-08, -3.180704E-02, -8.03667E-03, 8.9553E-04
-6.30432E-08, -2.917239E-02, -8.35283E-03, 8.1122E-04
-6.30369E-08, -2.706468E-02, -8.35283E-03, 7.6907E-04
-6.30307E-08, -2.443004E-02, -8.35283E-03, 7.2691E-04
-6.30244E-08, -2.232233E-02, -8.24745E-03, 7.6907E-04
-6.30182E-08, -2.021462E-02, -7.82590E-03, 8.1122E-04
-6.30119E-08, -1.757998E-02, -6.98282E-03, 7.2691E-04
-6.30057E-08, -1.652613E-02, -6.35051E-03, 8.5338E-04
-6.29994E-08, -1.547227E-02, -5.61281E-03, 9.3768E-04
-6.29932E-08, -1.389149E-02, -4.45356E-03, 9.7984E-04
-6.29869E-08, -1.125685E-02, -3.39971E-03, 1.14845E-03
-6.29807E-08, -1.178377E-02, -2.24047E-03, 1.27492E-03
-6.29744E-08, -1.125685E-02, -9.7584E-04, 1.48569E-03
-6.29682E-08, -1.072992E-02, 3.9417E-04, 1.69646E-03
-6.29619E-08, -1.125685E-02, 1.65880E-03, 1.90723E-03
-6.29557E-08, -1.072992E-02, 2.92343E-03, 2.20231E-03
-6.29494E-08, -1.178377E-02, 4.18805E-03, 2.37093E-03
-6.29432E-08, -1.178377E-02, 5.24191E-03, 2.66601E-03
-6.29369E-08, -1.231070E-02, 6.40115E-03, 2.83462E-03
-6.29307E-08, -1.231070E-02, 7.34962E-03, 3.12970E-03
-6.29244E-08, -1.336456E-02, 8.29809E-03, 3.38263E-03
-6.29182E-08, -1.441841E-02, 9.03579E-03, 3.63555E-03
-6.29119E-08, -1.389149E-02, 9.77349E-03, 3.80417E-03
-6.29057E-08, -1.441841E-02, 1.019503E-02, 4.01494E-03
-6.28994E-08, -1.441841E-02, 1.019503E-02, 4.18356E-03
-6.28932E-08, -1.494534E-02, 1.040580E-02, 4.31002E-03
-6.28869E-08, -1.441841E-02, 1.051119E-02, 4.31002E-03
-6.28807E-08, -1.494534E-02, 1.008964E-02, 4.35218E-03
-6.28744E-08, -1.441841E-02, 9.87887E-03, 4.31002E-03
-6.28682E-08, -1.389149E-02, 9.35195E-03, 4.26787E-03
-6.28619E-08, -1.336456E-02, 8.82502E-03, 4.05710E-03
-6.28557E-08, -1.178377E-02, 7.98193E-03, 3.93063E-03
-6.28494E-08, -1.072992E-02, 7.34962E-03, 3.67771E-03
-6.28432E-08, -1.072992E-02, 6.50653E-03, 3.46694E-03
-6.28369E-08, -9.14914E-03, 5.66345E-03, 3.08755E-03
-6.28307E-08, -8.62221E-03, 4.71498E-03, 2.79247E-03
-6.28244E-08, -7.56835E-03, 3.76651E-03, 2.41308E-03
-6.28182E-08, -6.51450E-03, 2.92343E-03, 1.99154E-03
-6.28119E-08, -4.40678E-03, 2.18573E-03, 1.52784E-03
-6.28057E-08, -3.87986E-03, 1.55341E-03, 1.14845E-03
-6.27994E-08, -2.29907E-03, 9.2110E-04, 5.5830E-04
-6.27932E-08, -2.29907E-03, 3.9417E-04, 9.460E-05
-6.27869E-08, -1.9136E-04, 7.801E-05, -4.1125E-04
-6.27807E-08, -1.9136E-04, -3.4353E-04, -8.3279E-04
-6.27744E-08, 1.38942E-03, -3.4353E-04, -1.33864E-03
-6.27682E-08, 8.6249E-04, -5.5430E-04, -1.76019E-03
-6.27619E-08, 3.3557E-04, -1.3276E-04, -2.13958E-03
-6.27557E-08, 8.6249E-04, -2.737E-05, -2.43465E-03
-6.27494E-08, 1.91635E-03, 2.8879E-04, -2.77189E-03
-6.27432E-08, 3.3557E-04, 9.2110E-04, -2.94051E-03
-6.27369E-08, 3.3557E-04, 1.44803E-03, -3.19343E-03
-6.27307E-08, -1.9136E-04, 2.08034E-03, -3.31989E-03
-6.27244E-08, -2.82600E-03, 2.81804E-03, -3.44636E-03
-6.27182E-08, -3.87986E-03, 3.55574E-03, -3.44636E-03
-6.27119E-08, -3.35293E-03, 4.50421E-03, -3.44636E-03
-6.27057E-08, -6.51450E-03, 5.13652E-03, -3.23559E-03
-6.26994E-08, -7.04142E-03, 5.66345E-03, -3.15128E-03
-6.26932E-08, -9.14914E-03, 6.29576E-03, -2.94051E-03
-6.26869E-08, -1.072992E-02, 7.13885E-03, -2.77189E-03
-6.26807E-08, -1.178377E-02, 7.66578E-03, -2.43465E-03
-6.26744E-08, -1.441841E-02, 8.29809E-03, -2.13958E-03
-6.26682E-08, -1.599920E-02, 8.40348E-03, -1.80234E-03
-6.26619E-08, -1.757998E-02, 8.40348E-03, -1.38080E-03
-6.26557E-08, -1.863384E-02, 8.61425E-03, -1.08572E-03
-6.26494E-08, -2.074155E-02, 8.71963E-03, -7.0633E-04
-6.26432E-08, -2.284926E-02, 8.50886E-03, -3.6910E-04
-6.26369E-08, -2.390312E-02, 7.98193E-03, -7.402E-05
-6.26307E-08, -2.548390E-02, 7.56039E-03, 2.2106E-04
-6.26244E-08, -2.759161E-02, 6.82269E-03, 6.0045E-04
-6.26182E-08, -2.811854E-02, 5.97961E-03, 8.1122E-04
-6.26119E-08, -2.864547E-02, 5.24191E-03, 9.7984E-04
-6.26057E-08, -3.075318E-02, 4.18805E-03, 1.19061E-03
-6.25994E-08, -3.233396E-02, 3.23958E-03, 1.23276E-03
-6.25932E-08, -3.391474E-02, 2.08034E-03, 1.27492E-03
-6.25869E-08, -3.549553E-02, 1.02648E-03, 1.23276E-03
-6.25807E-08, -3.760324E-02, -3.4353E-04, 1.19061E-03
-6.25744E-08, -3.813017E-02, -1.60815E-03, 1.02199E-03
-6.25682E-08, -3.971095E-02, -2.87278E-03, 8.9553E-04
-6.25619E-08, -4.234559E-02, -4.34818E-03, 7.2691E-04
-6.25557E-08, -4.392638E-02, -5.40204E-03, 5.1614E-04
-6.25494E-08, -4.603409E-02, -6.45589E-03, 2.6322E-04
-6.25432E-08, -4.866873E-02, -7.61513E-03, -3.186E-05
-6.25369E-08, -5.130336E-02, -8.66899E-03, -3.2694E-04
-6.25307E-08, -5.235722E-02, -9.82823E-03, -5.3771E-04
-6.25244E-08, -5.604572E-02, -1.077670E-02, -9.1710E-04
-6.25182E-08, -5.815343E-02, -1.161978E-02, -1.17003E-03
-6.25119E-08, -6.078807E-02, -1.225210E-02, -1.38080E-03
-6.25057E-08, -6.447656E-02, -1.288441E-02, -1.63372E-03
-6.24994E-08, -6.816506E-02, -1.320057E-02, -1.84450E-03
-6.24932E-08, -7.132663E-02, -1.383288E-02, -2.01311E-03
-6.24869E-08, -7.290741E-02, -1.404365E-02, -2.18173E-03
-6.24807E-08, -7.606898E-02, -1.425442E-02, -2.22388E-03
-6.24744E-08, -7.923055E-02, -1.425442E-02, -2.35035E-03
-6.24682E-08, -8.186518E-02, -1.435981E-02, -2.26604E-03
-6.24619E-08, -8.449982E-02, -1.425442E-02, -2.22388E-03
-6.24557E-08, -8.660753E-02, -1.393827E-02, -2.09742E-03
-6.24494E-08, -8.871525E-02, -1.351672E-02, -2.01311E-03
-6.24432E-08, -9.134988E-02, -1.320057E-02, -1.71803E-03
-6.24369E-08, -9.240374E-02, -1.246287E-02, -1.59157E-03
-6.24307E-08, -9.240374E-02, -1.193594E-02, -1.33864E-03
-6.24244E-08, -9.345759E-02, -1.140901E-02, -1.08572E-03
-6.24182E-08, -9.451145E-02, -1.067131E-02, -7.4849E-04
-6.24119E-08, -9.451145E-02, -9.72284E-03, -4.9556E-04
-6.24057E-08, -9.398452E-02, -8.98515E-03, -1.5833E-04
-6.23994E-08, -9.345759E-02, -7.82590E-03, 1.7891E-04
-6.23932E-08, -9.187681E-02, -6.98282E-03, 4.7399E-04
-6.23869E-08, -8.924218E-02, -5.92896E-03, 7.2691E-04
-6.23807E-08, -8.766139E-02, -4.76972E-03, 1.02199E-03
-6.23744E-08, -8.502675E-02, -3.61048E-03, 1.35923E-03
-6.23682E-08, -8.186518E-02, -2.24047E-03, 1.65431E-03
-6.23619E-08, -7.923055E-02, -1.18661E-03, 1.82292E-03
-6.23557E-08, -7.659590E-02, -1.3276E-04, 1.99154E-03
-6.23494E-08, -7.290741E-02, 1.13187E-03, 2.11800E-03
-6.23432E-08, -6.869198E-02, 2.18573E-03, 2.24446E-03
-6.23369E-08, -6.500349E-02, 3.45035E-03, 2.32877E-03
-6.23307E-08, -6.078807E-02, 4.39882E-03, 2.41308E-03
-6.23244E-08, -5.762650E-02, 5.24191E-03, 2.53954E-03
-6.23182E-08, -5.393801E-02, 6.29576E-03, 2.53954E-03
-6.23119E-08, -4.866873E-02, 7.34962E-03, 2.45524E-03
-6.23057E-08, -4.603409E-02, 7.98193E-03, 2.53954E-03
-6.22994E-08, -4.076481E-02, 8.50886E-03, 2.49739E-03
-6.22932E-08, -3.865710E-02, 8.93040E-03, 2.49739E-03
-6.22869E-08, -3.496860E-02, 9.35195E-03, 2.45524E-03
-6.22807E-08, -3.180704E-02, 9.45733E-03, 2.49739E-03
-6.22744E-08, -2.917239E-02, 9.45733E-03, 2.53954E-03
-6.22682E-08, -2.653776E-02, 9.24656E-03, 2.49739E-03
-6.22619E-08, -2.337619E-02, 8.82502E-03, 2.53954E-03
-6.22557E-08, -2.126848E-02, 8.29809E-03, 2.53954E-03
-6.22494E-08, -1.863384E-02, 7.66578E-03, 2.58170E-03
-6.22432E-08, -1.705305E-02, 6.82269E-03, 2.70816E-03
-6.22369E-08, -1.494534E-02, 5.76884E-03, 2.70816E-03
-6.22307E-08, -1.389149E-02, 4.60959E-03, 2.83462E-03
-6.22244E-08, -1.178377E-02, 3.34497E-03, 2.96109E-03
-6.22182E-08, -1.072992E-02, 1.86957E-03, 3.12970E-03
-6.22119E-08, -8.09528E-03, 4.9956E-04, 3.21401E-03
-6.22057E-08, -6.51450E-03, -1.29200E-03, 3.38263E-03
-6.21994E-08, -5.46064E-03, -2.76740E-03, 3.46694E-03
-6.21932E-08, -3.35293E-03, -4.66434E-03, 3.63555E-03
-6.21869E-08, -7.1829E-04, -6.13973E-03, 3.67771E-03
-6.21807E-08, 8.6249E-04, -7.93129E-03, 3.76202E-03
-6.21744E-08, 2.44328E-03, -9.51207E-03, 3.93063E-03
-6.21682E-08, 5.60485E-03, -1.098747E-02, 3.97279E-03
-6.21619E-08, 7.71256E-03, -1.235748E-02, 4.01494E-03
-6.21557E-08, 1.087412E-02, -1.383288E-02, 4.01494E-03
-6.21494E-08, 1.350876E-02, -1.478135E-02, 3.97279E-03
-6.21432E-08, 1.667033E-02, -1.604598E-02, 3.84633E-03
-6.21369E-08, 1.930497E-02, -1.667829E-02, 3.80417E-03
-6.21307E-08, 2.193961E-02, -1.752138E-02, 3.63555E-03
-6.21244E-08, 2.510118E-02, -1.804830E-02, 3.50909E-03
-6.21182E-08, 2.826274E-02, -1.815369E-02, 3.29832E-03
-6.21119E-08, 3.195124E-02, -1.846985E-02, 3.08755E-03
-6.21057E-08, 3.405895E-02, -1.815369E-02, 2.87678E-03
-6.20994E-08, 3.616666E-02, -1.804830E-02, 2.58170E-03
-6.20932E-08, 3.985516E-02, -1.741599E-02, 2.28662E-03
-6.20869E-08, 4.090901E-02, -1.678368E-02, 2.03369E-03
-6.20807E-08, 4.248980E-02, -1.604598E-02, 1.73861E-03
-6.20744E-08, 4.512443E-02, -1.520289E-02, 1.44353E-03
-6.20682E-08, 4.512443E-02, -1.404365E-02, 1.14845E-03
-6.20619E-08, 4.512443E-02, -1.298980E-02, 8.5338E-04
-6.20557E-08, 4.407058E-02, -1.183056E-02, 6.0045E-04
-6.20494E-08, 4.354365E-02, -1.056593E-02, 3.0537E-04
-6.20432E-08, 4.143594E-02, -9.30130E-03, 1.7891E-04
-6.20369E-08, 4.038208E-02, -8.03667E-03, -7.402E-05
-6.20307E-08, 3.774745E-02, -6.98282E-03, -2.4263E-04
-6.20244E-08, 3.405895E-02, -5.82358E-03, -4.5341E-04
-6.20182E-08, 2.984353E-02, -4.66434E-03, -4.5341E-04
-6.20119E-08, 2.615503E-02, -3.82125E-03, -5.3771E-04
-6.20057E-08, 2.088575E-02, -2.87278E-03, -6.2202E-04
-6.19994E-08, 1.614340E-02, -2.34585E-03, -6.2202E-04
-6.19932E-08, 1.034720E-02, -1.39738E-03, -6.2202E-04
-6.19869E-08, 4.55099E-03, -7.6507E-04, -6.6418E-04
-6.19807E-08, -1.9136E-04, -3.4353E-04, -5.3771E-04
-6.19744E-08, -6.51450E-03, -1.3276E-04, -4.9556E-04
-6.19682E-08, -1.336456E-02, -1.3276E-04, -4.1125E-04
-6.19619E-08, -1.810691E-02, -2.737E-05, -2.4263E-04
-6.19557E-08, -2.495697E-02, -2.737E-05, -2.4263E-04
-6.19494E-08, -3.075318E-02, -2.3814E-04, -1.1617E-04
-6.19432E-08, -3.444167E-02, -4.4891E-04, -3.186E-05
-6.19369E-08, -3.918403E-02, -5.5430E-04, 5.244E-05
-6.19307E-08, -4.392638E-02, -9.7584E-04, 2.2106E-04
-6.19244E-08, -4.656101E-02, -1.39738E-03, 2.2106E-04
-6.19182E-08, -4.972258E-02, -1.71354E-03, 2.6322E-04
-6.19119E-08, -5.077644E-02, -1.81893E-03, 3.0537E-04
-6.19057E-08, -5.341108E-02, -2.34585E-03, 3.4752E-04
-6.18994E-08, -5.446493E-02, -2.55662E-03, 3.8968E-04
-6.18932E-08, -5.446493E-02, -2.66201E-03, 3.8968E-04
-6.18869E-08, -5.393801E-02, -2.76740E-03, 3.4752E-04
-6.18807E-08, -5.341108E-02, -2.97817E-03, 3.8968E-04
-6.18744E-08, -5.130336E-02, -2.87278E-03, 3.8968E-04
-6.18682E-08, -4.919565E-02, -2.87278E-03, 3.8968E-04
-6.18619E-08, -4.814180E-02, -2.76740E-03, 3.8968E-04
-6.18557E-08, -4.445330E-02, -2.45124E-03, 3.8968E-04
-6.18494E-08, -4.181866E-02, -2.02970E-03, 4.3183E-04
-6.18432E-08, -3.760324E-02, -1.92431E-03, 4.3183E-04
-6.18369E-08, -3.496860E-02, -1.29200E-03, 4.7399E-04
-6.18307E-08, -3.180704E-02, -9.7584E-04, 6.0045E-04
-6.18244E-08, -2.864547E-02, -4.4891E-04, 7.2691E-04
-6.18182E-08, -2.548390E-02, 7.801E-05, 8.1122E-04
-6.18119E-08, -2.232233E-02, 3.9417E-04, 8.9553E-04
-6.18057E-08, -1.968769E-02, 8.1571E-04, 1.10630E-03
-6.17994E-08, -1.757998E-02, 1.13187E-03, 1.27492E-03
-6.17932E-08, -1.652613E-02, 1.23726E-03, 1.57000E-03
-6.17869E-08, -1.389149E-02, 1.55341E-03, 1.73861E-03
-6.17807E-08, -1.389149E-02, 1.76418E-03, 2.03369E-03
-6.17744E-08, -1.283763E-02, 1.65880E-03, 2.32877E-03
-6.17682E-08, -1.336456E-02, 1.44803E-03, 2.62385E-03
-6.17619E-08, -1.389149E-02, 1.34264E-03, 2.87678E-03
-6.17557E-08, -1.389149E-02, 9.2110E-04, 3.21401E-03
-6.17494E-08, -1.494534E-02, 3.9417E-04, 3.42478E-03
-6.17432E-08, -1.547227E-02, -4.4891E-04, 3.76202E-03
-6.17369E-08, -1.757998E-02, -1.08123E-03, 4.01494E-03
-6.17307E-08, -2.021462E-02, -2.02970E-03, 4.26787E-03
-6.17244E-08, -2.232233E-02, -2.97817E-03, 4.35218E-03
-6.17182E-08, -2.337619E-02, -4.03202E-03, 4.56295E-03
-6.17119E-08, -2.495697E-02, -5.19126E-03, 4.60510E-03
-6.17057E-08, -2.706468E-02, -6.45589E-03, 4.73156E-03
-6.16994E-08, -2.864547E-02, -7.72052E-03, 4.77372E-03
-6.16932E-08, -2.917239E-02, -9.19592E-03, 4.68941E-03
-6.16869E-08, -3.075318E-02, -1.046054E-02, 4.56295E-03
-6.16807E-08, -3.180704E-02, -1.172517E-02, 4.43648E-03
-6.16744E-08, -3.180704E-02, -1.288441E-02, 4.18356E-03
-6.16682E-08, -3.233396E-02, -1.404365E-02, 3.93063E-03
-6.16619E-08, -3.128011E-02, -1.520289E-02, 3.63555E-03
-6.16557E-08, -3.022625E-02, -1.625675E-02, 3.21401E-03
-6.16494E-08, -2.811854E-02, -1.699445E-02, 2.79247E-03
-6.16432E-08, -2.706468E-02, -1.773215E-02, 2.37093E-03
-6.16369E-08, -2.495697E-02, -1.836446E-02, 1.82292E-03
-6.16307E-08, -2.232233E-02, -1.889139E-02, 1.40138E-03
-6.16244E-08, -1.863384E-02, -1.899678E-02, 8.9553E-04
-6.16182E-08, -1.547227E-02, -1.910216E-02, 3.0537E-04
-6.16119E-08, -1.283763E-02, -1.910216E-02, -2.4263E-04
-6.16057E-08, -9.14914E-03, -1.899678E-02, -6.6418E-04
-6.15994E-08, -5.46064E-03, -1.868062E-02, -1.25434E-03
-6.15932E-08, -1.77215E-03, -1.815369E-02, -1.76019E-03
-6.15869E-08, 8.6249E-04, -1.741599E-02, -2.18173E-03
-6.15807E-08, 4.02406E-03, -1.657291E-02, -2.60327E-03
-6.15744E-08, 7.18563E-03, -1.583521E-02, -2.98266E-03
-6.15682E-08, 8.76641E-03, -1.478135E-02, -3.27774E-03
-6.15619E-08, 1.034720E-02, -1.372750E-02, -3.57282E-03
-6.15557E-08, 1.140105E-02, -1.288441E-02, -3.78359E-03
-6.15494E-08, 1.298183E-02, -1.151440E-02, -3.95221E-03
-6.15432E-08, 1.298183E-02, -1.046054E-02, -4.03652E-03
-6.15369E-08, 1.403569E-02, -9.19592E-03, -4.12082E-03
-6.15307E-08, 1.350876E-02, -8.14206E-03, -4.03652E-03
-6.15244E-08, 1.245491E-02, -7.08820E-03, -3.95221E-03
-6.15182E-08, 1.087412E-02, -6.03435E-03, -3.86790E-03
-6.15119E-08, 9.29334E-03, -4.98049E-03, -3.65713E-03
-6.15057E-08, 7.18563E-03, -4.24279E-03, -3.40420E-03
-6.14994E-08, 5.07792E-03, -3.39971E-03, -3.19343E-03
-6.14932E-08, 1.91635E-03, -2.87278E-03, -2.94051E-03
-6.14869E-08, 3.3557E-04, -2.13508E-03, -2.64543E-03
-6.14807E-08, -1.77215E-03, -1.71354E-03, -2.26604E-03
-6.14744E-08, -4.93371E-03, -1.50277E-03, -1.92880E-03
-6.14682E-08, -7.04142E-03, -1.18661E-03, -1.50726E-03
-6.14619E-08, -9.67606E-03, -1.29200E-03, -1.04357E-03
-6.14557E-08, -1.072992E-02, -1.29200E-03, -5.7987E-04
-6.14494E-08, -1.389149E-02, -1.29200E-03, -2.0048E-04
-6.14432E-08, -1.441841E-02, -1.71354E-03, 3.0537E-04
-6.14369E-08, -1.494534E-02, -1.92431E-03, 6.4260E-04
-6.14307E-08, -1.599920E-02, -2.13508E-03, 1.10630E-03
-6.14244E-08, -1.547227E-02, -2.66201E-03, 1.44353E-03
-6.14182E-08, -1.599920E-02, -3.08355E-03, 1.82292E-03
-6.14119E-08, -1.389149E-02, -3.50509E-03, 2.11800E-03
-6.14057E-08, -1.283763E-02, -4.13741E-03, 2.49739E-03
-6.13994E-08, -1.125685E-02, -4.87511E-03, 2.66601E-03
-6.13932E-08, -9.14914E-03, -5.29665E-03, 3.00324E-03
-6.13869E-08, -5.98757E-03, -5.82358E-03, 3.21401E-03
-6.13807E-08, -3.87986E-03, -6.45589E-03, 3.46694E-03
-6.13744E-08, -7.1829E-04, -6.87743E-03, 3.55125E-03
-6.13682E-08, 2.97021E-03, -7.29898E-03, 3.80417E-03
-6.13619E-08, 5.07792E-03, -7.61513E-03, 3.93063E-03
-6.13557E-08, 8.23948E-03, -7.93129E-03, 3.93063E-03
-6.13494E-08, 1.245491E-02, -8.24745E-03, 3.97279E-03
-6.13432E-08, 1.456262E-02, -8.56360E-03, 4.09925E-03
-6.13369E-08, 1.667033E-02, -8.45822E-03, 4.09925E-03
-6.13307E-08, 1.930497E-02, -8.87976E-03, 4.09925E-03
-6.13244E-08, 2.193961E-02, -8.98515E-03, 4.09925E-03
-6.13182E-08, 2.352039E-02, -8.87976E-03, 4.01494E-03
-6.13119E-08, 2.562810E-02, -8.66899E-03, 3.93063E-03
-6.13057E-08, 2.562810E-02, -8.56360E-03, 3.88848E-03
-6.12994E-08, 2.615503E-02, -8.45822E-03, 3.71986E-03
-6.12932E-08, 2.720889E-02, -8.35283E-03, 3.63555E-03
-6.12869E-08, 2.720889E-02, -7.82590E-03, 3.46694E-03
-6.12807E-08, 2.668196E-02, -7.72052E-03, 3.29832E-03
-6.12744E-08, 2.510118E-02, -7.29898E-03, 3.12970E-03
-6.12682E-08, 2.352039E-02, -7.08820E-03, 3.00324E-03
-6.12619E-08, 2.193961E-02, -6.56128E-03, 2.87678E-03
-6.12557E-08, 2.035883E-02, -6.56128E-03, 2.66601E-03
-6.12494E-08, 1.825111E-02, -5.92896E-03, 2.45524E-03
-6.12432E-08, 1.561647E-02, -5.61281E-03, 2.37093E-03
-6.12369E-08, 1.508955E-02, -5.29665E-03, 2.20231E-03
-6.12307E-08, 1.192798E-02, -5.08588E-03, 2.03369E-03
-6.12244E-08, 9.29334E-03, -4.66434E-03, 1.82292E-03
-6.12182E-08, 8.23948E-03, -4.24279E-03, 1.61215E-03
-6.12119E-08, 7.18563E-03, -4.03202E-03, 1.44353E-03
-6.12057E-08, 5.60485E-03, -3.61048E-03, 1.31707E-03
-6.11994E-08, 4.02406E-03, -3.39971E-03, 1.14845E-03
-6.11932E-08, 4.02406E-03, -2.97817E-03, 9.7984E-04
-6.11869E-08, 3.49713E-03, -2.55662E-03, 8.9553E-04
-6.11807E-08, 2.97021E-03, -2.34585E-03, 7.6907E-04
-6.11744E-08, 3.49713E-03, -2.13508E-03, 6.4260E-04
-6.11682E-08, 4.55099E-03, -1.71354E-03, 5.5830E-04
-6.11619E-08, 4.55099E-03, -1.39738E-03, 4.3183E-04
-6.11557E-08, 6.13177E-03, -8.7046E-04, 3.0537E-04
-6.11494E-08, 7.71256E-03, -6.5968E-04, 2.6322E-04
-6.11432E-08, 9.29334E-03, -4.4891E-04, 1.7891E-04
-6.11369E-08, 1.245491E-02, 1.8340E-04, 9.460E-05
-6.11307E-08, 1.403569E-02, 4.9956E-04, -3.186E-05
-6.11244E-08, 1.561647E-02, 8.1571E-04, -3.186E-05
-6.11182E-08, 1.825111E-02, 8.1571E-04, 1.029E-05
-6.11119E-08, 2.088575E-02, 1.44803E-03, -2.0048E-04
-6.11057E-08, 2.193961E-02, 1.65880E-03, -2.4263E-04
-6.10994E-08, 2.404732E-02, 2.08034E-03, -2.8479E-04
-6.10932E-08, 2.510118E-02, 2.39650E-03, -4.1125E-04
-6.10869E-08, 2.668196E-02, 2.71265E-03, -4.9556E-04
-6.10807E-08, 2.878967E-02, 2.92343E-03, -5.7987E-04
-6.10744E-08, 2.931660E-02, 3.55574E-03, -6.6418E-04
-6.10682E-08, 2.931660E-02, 3.66112E-03, -7.4849E-04
-6.10619E-08, 2.878967E-02, 3.87190E-03, -8.3279E-04
-6.10557E-08, 2.878967E-02, 3.76651E-03, -9.5926E-04
-6.10494E-08, 2.773582E-02, 3.97728E-03, -1.08572E-03
-6.10432E-08, 2.562810E-02, 4.08267E-03, -1.12787E-03
-6.10369E-08, 2.457425E-02, 4.08267E-03, -1.21218E-03
-6.10307E-08, 2.141268E-02, 3.97728E-03, -1.29649E-03
-6.10244E-08, 1.877804E-02, 4.08267E-03, -1.25434E-03
-6.10182E-08, 1.614340E-02, 3.97728E-03, -1.33864E-03
-6.10119E-08, 1.403569E-02, 4.08267E-03, -1.38080E-03
-6.10057E-08, 8.76641E-03, 3.76651E-03, -1.42295E-03
-6.09994E-08, 4.02406E-03, 3.45035E-03, -1.29649E-03
-6.09932E-08, 3.3557E-04, 3.02881E-03, -1.29649E-03
-6.09869E-08, -3.35293E-03, 2.81804E-03, -1.21218E-03
-6.09807E-08, -8.09528E-03, 2.50188E-03, -1.08572E-03
-6.09744E-08, -1.231070E-02, 2.08034E-03, -9.1710E-04
-6.09682E-08, -1.547227E-02, 1.86957E-03, -7.9064E-04
-6.09619E-08, -2.126848E-02, 1.44803E-03, -5.7987E-04
-6.09557E-08, -2.495697E-02, 1.23726E-03, -3.2694E-04
-6.09494E-08, -2.811854E-02, 9.2110E-04, -7.402E-05
-6.09432E-08, -3.233396E-02, 3.9417E-04, 1.7891E-04
-6.09369E-08, -3.496860E-02, 1.8340E-04, 4.3183E-04
-6.09307E-08, -3.707631E-02, -1.3276E-04, 7.6907E-04
-6.09244E-08, -4.129174E-02, -2.3814E-04, 1.19061E-03
-6.09182E-08, -4.234559E-02, -4.4891E-04, 1.48569E-03
-6.09119E-08, -4.392638E-02, -5.5430E-04, 1.78077E-03
-6.09057E-08, -4.498023E-02, -5.5430E-04, 2.16016E-03
-6.08994E-08, -4.550716E-02, -7.6507E-04, 2.53954E-03
-6.08932E-08, -4.656101E-02, -7.6507E-04, 2.79247E-03
-6.08869E-08, -4.498023E-02, -6.5968E-04, 3.04540E-03
-6.08807E-08, -4.498023E-02, -5.5430E-04, 3.42478E-03
-6.08744E-08, -4.392638E-02, -3.4353E-04, 3.59340E-03
-6.08682E-08, -4.287252E-02, -5.5430E-04, 3.84633E-03
-6.08619E-08, -4.023788E-02, -2.3814E-04, 3.97279E-03
-6.08557E-08, -3.865710E-02, -2.737E-05, 4.14140E-03
-6.08494E-08, -3.496860E-02, 1.8340E-04, 4.18356E-03
-6.08432E-08, -3.286089E-02, 3.9417E-04, 4.26787E-03
-6.08369E-08, -2.917239E-02, 4.9956E-04, 4.18356E-03
-6.08307E-08, -2.601083E-02, 4.9956E-04, 4.18356E-03
-6.08244E-08, -2.337619E-02, 4.9956E-04, 4.01494E-03
-6.08182E-08, -1.968769E-02, 4.9956E-04, 3.93063E-03
-6.08119E-08, -1.494534E-02, 3.9417E-04, 3.63555E-03
-6.08057E-08, -1.178377E-02, 3.9417E-04, 3.46694E-03
-6.07994E-08, -8.62221E-03, 2.8879E-04, 3.21401E-03
-6.07932E-08, -5.46064E-03, -2.737E-05, 2.91893E-03
-6.07869E-08, -1.77215E-03, -2.3814E-04, 2.53954E-03
-6.07807E-08, 8.6249E-04, -7.6507E-04, 2.20231E-03
-6.07744E-08, 5.07792E-03, -1.29200E-03, 1.82292E-03
-6.07682E-08, 7.18563E-03, -1.81893E-03, 1.44353E-03
-6.07619E-08, 9.82027E-03, -2.34585E-03, 1.23276E-03
-6.07557E-08, 1.192798E-02, -2.97817E-03, 7.6907E-04
-6.07494E-08, 1.456262E-02, -3.82125E-03, 3.8968E-04
-6.07432E-08, 1.614340E-02, -4.55895E-03, 1.3675E-04
-6.07369E-08, 1.877804E-02, -5.29665E-03, -1.5833E-04
-6.07307E-08, 1.825111E-02, -6.13973E-03, -4.5341E-04
-6.07244E-08, 1.877804E-02, -6.77205E-03, -6.2202E-04
-6.07182E-08, 1.930497E-02, -7.50975E-03, -8.3279E-04
-6.07119E-08, 2.088575E-02, -8.24745E-03, -1.04357E-03
-6.07057E-08, 1.983190E-02, -8.98515E-03, -1.08572E-03
-6.06994E-08, 1.930497E-02, -9.51207E-03, -1.17003E-03
-6.06932E-08, 1.877804E-02, -1.014439E-02, -1.25434E-03
-6.06869E-08, 1.772419E-02, -1.035516E-02, -1.29649E-03
-6.06807E-08, 1.561647E-02, -1.077670E-02, -1.25434E-03
-6.06744E-08, 1.456262E-02, -1.098747E-02, -1.17003E-03
-6.06682E-08, 1.192798E-02, -1.119824E-02, -1.08572E-03
-6.06619E-08, 1.087412E-02, -1.119824E-02, -9.1710E-04
-6.06557E-08, 7.71256E-03, -1.098747E-02, -9.5926E-04
-6.06494E-08, 6.65870E-03, -1.077670E-02, -8.3279E-04
-6.06432E-08, 4.02406E-03, -1.046054E-02, -7.0633E-04
-6.06369E-08, 1.91635E-03, -9.93362E-03, -6.2202E-04
-6.06307E-08, -7.1829E-04, -9.40669E-03, -4.5341E-04
-6.06244E-08, -2.29907E-03, -8.87976E-03, -3.6910E-04
-6.06182E-08, -4.93371E-03, -8.14206E-03, -2.8479E-04
-6.06119E-08, -5.46064E-03, -7.29898E-03, -2.8479E-04
-6.06057E-08, -8.09528E-03, -6.66666E-03, -2.4263E-04
-6.05994E-08, -9.67606E-03, -5.71819E-03, -3.2694E-04
-6.05932E-08, -1.072992E-02, -4.98049E-03, -2.8479E-04
-6.05869E-08, -1.125685E-02, -4.34818E-03, -3.6910E-04
-6.05807E-08, -1.283763E-02, -3.39971E-03, -5.3771E-04
-6.05744E-08, -1.283763E-02, -2.45124E-03, -7.0633E-04
-6.05682E-08, -1.389149E-02, -2.02970E-03, -8.3279E-04
-6.05619E-08, -1.389149E-02, -1.50277E-03, -1.04357E-03
-6.05557E-08, -1.283763E-02, -6.5968E-04, -1.29649E-03
-6.05494E-08, -1.336456E-02, -1.3276E-04, -1.50726E-03
-6.05432E-08, -1.336456E-02, -1.3276E-04, -1.71803E-03
-6.05369E-08, -1.178377E-02, 2.8879E-04, -2.05527E-03
-6.05307E-08, -1.178377E-02, 7.801E-05, -2.26604E-03
-6.05244E-08, -1.020299E-02, 7.801E-05, -2.51896E-03
-6.05182E-08, -1.020299E-02, -1.3276E-04, -2.68758E-03
-6.05119E-08, -8.09528E-03, -1.3276E-04, -2.98266E-03
-6.05057E-08, -8.62221E-03, -6.5968E-04, -3.27774E-03
-6.04994E-08, -8.62221E-03, -1.08123E-03, -3.44636E-03
-6.04932E-08, -7.56835E-03, -2.02970E-03, -3.61497E-03
-6.04869E-08, -7.04142E-03, -2.55662E-03, -3.78359E-03
-6.04807E-08, -7.04142E-03, -3.39971E-03, -3.86790E-03
-6.04744E-08, -7.56835E-03, -4.24279E-03, -3.99436E-03
-6.04682E-08, -8.62221E-03, -4.98049E-03, -3.95221E-03
-6.04619E-08, -8.62221E-03, -6.03435E-03, -3.99436E-03
-6.04557E-08, -9.14914E-03, -6.87743E-03, -3.95221E-03
-6.04494E-08, -1.072992E-02, -7.82590E-03, -3.95221E-03
-6.04432E-08, -1.283763E-02, -8.87976E-03, -3.82574E-03
-6.04369E-08, -1.547227E-02, -9.72284E-03, -3.65713E-03
-6.04307E-08, -1.705305E-02, -1.046054E-02, -3.53066E-03
-6.04244E-08, -1.968769E-02, -1.098747E-02, -3.27774E-03
-6.04182E-08, -2.390312E-02, -1.193594E-02, -3.06697E-03
-6.04119E-08, -2.601083E-02, -1.225210E-02, -2.89835E-03
-6.04057E-08, -2.917239E-02, -1.298980E-02, -2.60327E-03
-6.03994E-08, -3.391474E-02, -1.309518E-02, -2.39250E-03
-6.03932E-08, -3.654939E-02, -1.341134E-02, -2.09742E-03
-6.03869E-08, -4.076481E-02, -1.320057E-02, -1.92880E-03
-6.03807E-08, -4.498023E-02, -1.330595E-02, -1.63372E-03
-6.03744E-08, -4.814180E-02, -1.320057E-02, -1.46511E-03
-6.03682E-08, -5.288415E-02, -1.277903E-02, -1.17003E-03
-6.03619E-08, -5.551879E-02, -1.246287E-02, -1.00141E-03
-6.03557E-08, -5.920728E-02, -1.193594E-02, -8.7495E-04
-6.03494E-08, -6.184192E-02, -1.109286E-02, -7.4849E-04
-6.03432E-08, -6.447656E-02, -1.046054E-02, -5.7987E-04
-6.03369E-08, -6.711120E-02, -9.61746E-03, -4.9556E-04
-6.03307E-08, -6.869198E-02, -8.56360E-03, -3.6910E-04
-6.03244E-08, -6.921891E-02, -7.72052E-03, -2.4263E-04
-6.03182E-08, -7.027277E-02, -6.66666E-03, -2.4263E-04
-6.03119E-08, -7.027277E-02, -5.61281E-03, -2.4263E-04
-6.03057E-08, -7.132663E-02, -4.66434E-03, -2.0048E-04
-6.02994E-08, -7.027277E-02, -3.50509E-03, -1.5833E-04
-6.02932E-08, -6.816506E-02, -2.55662E-03, -2.0048E-04
-6.02869E-08, -6.763813E-02, -1.50277E-03, -2.0048E-04
-6.02807E-08, -6.500349E-02, -4.4891E-04, -1.5833E-04
-6.02744E-08, -6.184192E-02, 2.8879E-04, -2.4263E-04
-6.02682E-08, -5.815343E-02, 1.23726E-03, -2.0048E-04
-6.02619E-08, -5.604572E-02, 2.08034E-03, -2.8479E-04
-6.02557E-08, -5.183030E-02, 2.81804E-03, -3.2694E-04
-6.02494E-08, -4.761487E-02, 3.66112E-03, -3.2694E-04
-6.02432E-08, -4.339945E-02, 4.18805E-03, -2.4263E-04
-6.02369E-08, -3.918403E-02, 4.60959E-03, -2.8479E-04
-6.02307E-08, -3.444167E-02, 4.82037E-03, -2.4263E-04
-6.02244E-08, -2.969932E-02, 5.24191E-03, -2.0048E-04
-6.02182E-08, -2.601083E-02, 5.34729E-03, -2.0048E-04
-6.02119E-08, -2.126848E-02, 5.55806E-03, -7.402E-05
-6.02057E-08, -1.757998E-02, 5.55806E-03, 5.244E-05
-6.01994E-08, -1.283763E-02, 5.45268E-03, 5.244E-05
-6.01932E-08, -9.14914E-03, 5.24191E-03, 1.7891E-04
-6.01869E-08, -4.40678E-03, 4.92575E-03, 1.7891E-04
-6.01807E-08, -2.29907E-03, 4.82037E-03, 3.4752E-04
-6.01744E-08, 8.6249E-04, 4.29344E-03, 3.4752E-04
-6.01682E-08, 2.97021E-03, 3.97728E-03, 4.3183E-04
-6.01619E-08, 5.07792E-03, 3.45035E-03, 5.5830E-04
-6.01557E-08, 6.65870E-03, 3.13420E-03, 7.2691E-04
-6.01494E-08, 8.76641E-03, 2.71265E-03, 7.2691E-04
-6.01432E-08, 9.82027E-03, 2.18573E-03, 8.1122E-04
-6.01369E-08, 9.82027E-03, 1.65880E-03, 7.6907E-04
-6.01307E-08, 9.82027E-03, 1.23726E-03, 8.9553E-04
-6.01244E-08, 8.76641E-03, 8.1571E-04, 9.3768E-04
-6.01182E-08, 8.23948E-03, 3.9417E-04, 9.7984E-04
-6.01119E-08, 8.23948E-03, 1.8340E-04, 9.3768E-04
-6.01057E-08, 6.65870E-03, -3.4353E-04, 1.02199E-03
-6.00994E-08, 4.55099E-03, -4.4891E-04, 9.7984E-04
-6.00932E-08, 2.97021E-03, -9.7584E-04, 9.7984E-04
-6.00869E-08, 1.91635E-03, -1.08123E-03, 9.3768E-04
-6.00807E-08, -1.24522E-03, -1.29200E-03, 9.3768E-04
-6.00744E-08, -2.82600E-03, -1.18661E-03, 9.3768E-04
-6.00682E-08, -4.93371E-03, -1.39738E-03, 9.7984E-04
-6.00619E-08, -7.04142E-03, -1.29200E-03, 1.02199E-03
-6.00557E-08, -1.020299E-02, -1.29200E-03, 1.02199E-03
-6.00494E-08, -1.231070E-02, -1.18661E-03, 9.3768E-04
-6.00432E-08, -1.441841E-02, -1.08123E-03, 9.7984E-04
-6.00369E-08, -1.652613E-02, -9.7584E-04, 9.7984E-04
-6.00307E-08, -1.916077E-02, -7.6507E-04, 1.10630E-03
-6.00244E-08, -2.074155E-02, -4.4891E-04, 1.10630E-03
-6.00182E-08, -2.232233E-02, -1.3276E-04, 1.27492E-03
-6.00119E-08, -2.284926E-02, -2.737E-05, 1.23276E-03
-6.00057E-08, -2.548390E-02, 2.8879E-04, 1.44353E-03
-5.99994E-08, -2.653776E-02, 4.9956E-04, 1.48569E-03
-5.99932E-08, -2.653776E-02, 9.2110E-04, 1.57000E-03
-5.99869E-08, -2.653776E-02, 1.44803E-03, 1.65431E-03
-5.99807E-08, -2.706468E-02, 1.65880E-03, 1.69646E-03
-5.99744E-08, -2.653776E-02, 1.86957E-03, 1.78077E-03
-5.99682E-08, -2.548390E-02, 2.18573E-03, 1.90723E-03
-5.99619E-08, -2.548390E-02, 2.39650E-03, 2.03369E-03
-5.99557E-08, -2.390312E-02, 2.71265E-03, 2.07585E-03
-5.99494E-08, -2.179541E-02, 3.02881E-03, 2.07585E-03
-5.99432E-08, -2.179541E-02, 3.23958E-03, 2.24446E-03
-5.99369E-08, -1.916077E-02, 3.55574E-03, 2.20231E-03
-5.99307E-08, -1.810691E-02, 3.76651E-03, 2.20231E-03
-5.99244E-08, -1.547227E-02, 3.76651E-03, 2.16016E-03
-5.99182E-08, -1.283763E-02, 3.87190E-03, 2.11800E-03
-5.99119E-08, -8.62221E-03, 3.97728E-03, 2.03369E-03
-5.99057E-08, -7.04142E-03, 3.97728E-03, 1.94939E-03
-5.98994E-08, -3.35293E-03, 4.08267E-03, 1.78077E-03
-5.98932E-08, -7.1829E-04, 3.97728E-03, 1.65431E-03
-5.98869E-08, 2.97021E-03, 4.08267E-03, 1.44353E-03
-5.98807E-08, 6.13177E-03, 4.08267E-03, 1.23276E-03
-5.98744E-08, 8.23948E-03, 3.97728E-03, 1.06415E-03
-5.98682E-08, 1.192798E-02, 3.87190E-03, 7.6907E-04
-5.98619E-08, 1.403569E-02, 3.87190E-03, 5.5830E-04
-5.98557E-08, 1.667033E-02, 3.45035E-03, 2.2106E-04
-5.98494E-08, 1.930497E-02, 3.34497E-03, -7.402E-05
-5.98432E-08, 2.088575E-02, 3.13420E-03, -2.8479E-04
-5.98369E-08, 2.193961E-02, 3.02881E-03, -6.2202E-04
-5.98307E-08, 2.299346E-02, 2.81804E-03, -8.3279E-04
-5.98244E-08, 2.404732E-02, 2.60727E-03, -1.12787E-03
-5.98182E-08, 2.510118E-02, 2.29111E-03, -1.42295E-03
-5.98119E-08, 2.510118E-02, 2.39650E-03, -1.71803E-03
-5.98057E-08, 2.299346E-02, 1.86957E-03, -1.97096E-03
-5.97994E-08, 2.193961E-02, 1.65880E-03, -2.22388E-03
-5.97932E-08, 2.035883E-02, 1.34264E-03, -2.39250E-03
-5.97869E-08, 1.877804E-02, 1.23726E-03, -2.56112E-03
-5.97807E-08, 1.561647E-02, 8.1571E-04, -2.77189E-03
-5.97744E-08, 1.298183E-02, 6.0494E-04, -2.89835E-03
-5.97682E-08, 9.82027E-03, 6.0494E-04, -2.98266E-03
-5.97619E-08, 5.60485E-03, 7.801E-05, -3.02481E-03
-5.97557E-08, 1.38942E-03, 7.801E-05, -3.15128E-03
-5.97494E-08, -3.35293E-03, -2.737E-05, -3.19343E-03
-5.97432E-08, -8.62221E-03, -2.3814E-04, -3.19343E-03
-5.97369E-08, -1.336456E-02, -3.4353E-04, -3.23559E-03
-5.97307E-08, -1.863384E-02, -5.5430E-04, -3.15128E-03
-5.97244E-08, -2.337619E-02, -3.4353E-04, -3.10912E-03
-5.97182E-08, -2.917239E-02, -5.5430E-04, -3.02481E-03
-5.97119E-08, -3.391474E-02, -4.4891E-04, -3.06697E-03
-5.97057E-08, -3.971095E-02, -5.5430E-04, -2.85620E-03
-5.96994E-08, -4.445330E-02, -3.4353E-04, -2.81404E-03
-5.96932E-08, -4.814180E-02, -2.3814E-04, -2.72973E-03
-5.96869E-08, -5.235722E-02, -2.737E-05, -2.64543E-03
-5.96807E-08, -5.604572E-02, 7.801E-05, -2.60327E-03
-5.96744E-08, -5.973421E-02, 1.8340E-04, -2.51896E-03
-5.96682E-08, -6.289578E-02, 4.9956E-04, -2.43465E-03
-5.96619E-08, -6.500349E-02, 3.9417E-04, -2.39250E-03
-5.96557E-08, -6.658427E-02, 6.0494E-04, -2.35035E-03
-5.96494E-08, -6.869198E-02, 8.1571E-04, -2.35035E-03
-5.96432E-08, -6.921891E-02, 8.1571E-04, -2.26604E-03
-5.96369E-08, -6.974584E-02, 1.23726E-03, -2.22388E-03
-5.96307E-08, -6.921891E-02, 1.23726E-03, -2.22388E-03
-5.96244E-08, -6.869198E-02, 1.44803E-03, -2.26604E-03
-5.96182E-08, -6.711120E-02, 1.23726E-03, -2.18173E-03
-5.96119E-08, -6.605735E-02, 1.55341E-03, -2.26604E-03
-5.96057E-08, -6.500349E-02, 1.44803E-03, -2.26604E-03
-5.95994E-08, -6.342271E-02, 1.34264E-03, -2.30819E-03
-5.95932E-08, -6.026114E-02, 1.13187E-03, -2.26604E-03
-5.95869E-08, -5.657265E-02, 1.13187E-03, -2.39250E-03
-5.95807E-08, -5.341108E-02, 1.02648E-03, -2.43465E-03
-5.95744E-08, -5.024951E-02, 8.1571E-04, -2.43465E-03
-5.95682E-08, -4.814180E-02, 6.0494E-04, -2.43465E-03
-5.95619E-08, -4.445330E-02, 2.8879E-04, -2.47681E-03
-5.95557E-08, -4.129174E-02, 7.801E-05, -2.51896E-03
-5.95494E-08, -3.707631E-02, -1.3276E-04, -2.56112E-03
-5.95432E-08, -3.496860E-02, -3.4353E-04, -2.56112E-03
-5.95369E-08, -3.180704E-02, -5.5430E-04, -2.51896E-03
-5.95307E-08, -2.917239E-02, -6.5968E-04, -2.47681E-03
-5.95244E-08, -2.706468E-02, -8.7046E-04, -2.47681E-03
-5.95182E-08, -2.443004E-02, -9.7584E-04, -2.43465E-03
-5.95119E-08, -2.179541E-02, -1.08123E-03, -2.43465E-03
-5.95057E-08, -2.074155E-02, -1.08123E-03, -2.30819E-03
-5.94994E-08, -1.863384E-02, -1.08123E-03, -2.26604E-03
-5.94932E-08, -1.705305E-02, -8.7046E-04, -2.09742E-03
-5.94869E-08, -1.547227E-02, -5.5430E-04, -2.05527E-03
-5.94807E-08, -1.441841E-02, -5.5430E-04, -1.88665E-03
-5.94744E-08, -1.389149E-02, -2.3814E-04, -1.76019E-03
-5.94682E-08, -1.336456E-02, 2.8879E-04, -1.63372E-03
-5.94619E-08, -1.283763E-02, 4.9956E-04, -1.46511E-03
-5.94557E-08, -1.283763E-02, 1.13187E-03, -1.21218E-03
-5.94494E-08, -1.231070E-02, 1.76418E-03, -1.17003E-03
-5.94432E-08, -1.231070E-02, 2.18573E-03, -8.7495E-04
-5.94369E-08, -1.125685E-02, 2.92343E-03, -7.0633E-04
-5.94307E-08, -1.020299E-02, 3.66112E-03, -4.9556E-04
-5.94244E-08, -1.178377E-02, 4.18805E-03, -3.6910E-04
-5.94182E-08, -1.020299E-02, 4.82037E-03, -1.5833E-04
-5.94119E-08, -9.67606E-03, 5.34729E-03, -3.186E-05
-5.94057E-08, -1.020299E-02, 5.76884E-03, 1.7891E-04
-5.93994E-08, -8.62221E-03, 6.40115E-03, 3.4752E-04
-5.93932E-08, -8.09528E-03, 6.71731E-03, 5.1614E-04
-5.93869E-08, -5.98757E-03, 7.24423E-03, 6.0045E-04
-5.93807E-08, -5.46064E-03, 7.56039E-03, 7.6907E-04
-5.93744E-08, -3.87986E-03, 7.56039E-03, 8.5338E-04
-5.93682E-08, -3.35293E-03, 7.77116E-03, 8.9553E-04
-5.93619E-08, -2.29907E-03, 7.56039E-03, 9.7984E-04
-5.93557E-08, -1.77215E-03, 7.56039E-03, 1.02199E-03
-5.93494E-08, 3.3557E-04, 7.13885E-03, 9.7984E-04
-5.93432E-08, 1.38942E-03, 6.82269E-03, 9.7984E-04
-5.93369E-08, 2.97021E-03, 6.29576E-03, 8.9553E-04
-5.93307E-08, 4.02406E-03, 5.66345E-03, 8.9553E-04
-5.93244E-08, 5.60485E-03, 4.82037E-03, 8.1122E-04
-5.93182E-08, 6.13177E-03, 3.97728E-03, 7.2691E-04
-5.93119E-08, 8.76641E-03, 3.13420E-03, 6.0045E-04
-5.93057E-08, 8.23948E-03, 1.97495E-03, 4.7399E-04
-5.92994E-08, 9.82027E-03, 1.02648E-03, 3.4752E-04
-5.92932E-08, 9.82027E-03, -1.3276E-04, 2.2106E-04
-5.92869E-08, 9.82027E-03, -1.08123E-03, 1.029E-05
-5.92807E-08, 1.087412E-02, -2.24047E-03, -1.1617E-04
-5.92744E-08, 1.140105E-02, -3.29432E-03, -2.4263E-04
-5.92682E-08, 1.087412E-02, -4.34818E-03, -3.6910E-04
-5.92619E-08, 1.087412E-02, -5.19126E-03, -4.5341E-04
-5.92557E-08, 1.087412E-02, -6.03435E-03, -5.7987E-04
-5.92494E-08, 1.087412E-02, -6.66666E-03, -7.4849E-04
-5.92432E-08, 9.82027E-03, -7.40436E-03, -7.0633E-04
-5.92369E-08, 9.29334E-03, -7.61513E-03, -7.9064E-04
-5.92307E-08, 8.76641E-03, -8.03667E-03, -7.4849E-04
-5.92244E-08, 7.18563E-03, -8.14206E-03, -7.4849E-04
-5.92182E-08, 7.18563E-03, -8.03667E-03, -7.0633E-04
-5.92119E-08, 5.60485E-03, -7.82590E-03, -6.6418E-04
-5.92057E-08, 4.02406E-03, -7.72052E-03, -5.7987E-04
-5.91994E-08, 4.02406E-03, -7.19359E-03, -4.9556E-04
-5.91932E-08, 2.44328E-03, -6.35051E-03, -3.2694E-04
-5.91869E-08, 1.91635E-03, -5.82358E-03, -2.0048E-04
-5.91807E-08, 1.38942E-03, -4.76972E-03, -7.402E-05
-5.91744E-08, -1.9136E-04, -3.92664E-03, 9.460E-05
-5.91682E-08, -1.24522E-03, -2.76740E-03, 2.2106E-04
-5.91619E-08, -2.82600E-03, -1.60815E-03, 5.5830E-04
-5.91557E-08, -3.35293E-03, -4.4891E-04, 6.4260E-04
-5.91494E-08, -4.40678E-03, 8.1571E-04, 7.2691E-04
-5.91432E-08, -5.46064E-03, 1.86957E-03, 9.3768E-04
-5.91369E-08, -5.98757E-03, 3.02881E-03, 1.02199E-03
-5.91307E-08, -6.51450E-03, 4.18805E-03, 1.06415E-03
-5.91244E-08, -8.09528E-03, 5.45268E-03, 1.23276E-03
-5.91182E-08, -8.09528E-03, 6.29576E-03, 1.23276E-03
-5.91119E-08, -8.09528E-03, 7.13885E-03, 1.19061E-03
-5.91057E-08, -8.09528E-03, 7.87655E-03, 1.23276E-03
-5.90994E-08, -9.14914E-03, 8.61425E-03, 1.19061E-03
-5.90932E-08, -9.67606E-03, 9.24656E-03, 1.06415E-03
-5.90869E-08, -9.14914E-03, 9.56272E-03, 8.9553E-04
-5.90807E-08, -9.14914E-03, 9.87887E-03, 8.5338E-04
-5.90744E-08, -9.14914E-03, 9.98426E-03, 6.8476E-04
-5.90682E-08, -9.67606E-03, 9.77349E-03, 4.7399E-04
-5.90619E-08, -9.67606E-03, 9.56272E-03, 3.8968E-04
-5.90557E-08, -9.67606E-03, 9.24656E-03, 9.460E-05
-5.90494E-08, -9.14914E-03, 8.71963E-03, -3.186E-05
-5.90432E-08, -8.62221E-03, 8.29809E-03, -2.4263E-04
-5.90369E-08, -7.56835E-03, 7.56039E-03, -4.1125E-04
-5.90307E-08, -7.04142E-03, 6.71731E-03, -5.7987E-04
-5.90244E-08, -7.56835E-03, 5.97961E-03, -7.4849E-04
-5.90182E-08, -6.51450E-03, 5.03114E-03, -8.3279E-04
-5.90119E-08, -5.46064E-03, 4.08267E-03, -9.5926E-04
-5.90057E-08, -5.98757E-03, 2.92343E-03, -9.5926E-04
-5.89994E-08, -4.93371E-03, 1.86957E-03, -8.3279E-04
-5.89932E-08, -3.87986E-03, 1.02648E-03, -8.3279E-04
-5.89869E-08, -3.35293E-03, -2.737E-05, -7.4849E-04
-5.89807E-08, -3.35293E-03, -1.18661E-03, -4.9556E-04
-5.89744E-08, -2.82600E-03, -2.13508E-03, -3.6910E-04
-5.89682E-08, -1.77215E-03, -2.97817E-03, -3.186E-05
-5.89619E-08, -1.77215E-03, -3.82125E-03, 3.0537E-04
-5.89557E-08, -2.29907E-03, -4.66434E-03, 5.5830E-04
-5.89494E-08, -2.29907E-03, -5.29665E-03, 9.7984E-04
-5.89432E-08, -1.24522E-03, -6.03435E-03, 1.31707E-03
-5.89369E-08, -2.29907E-03, -6.45589E-03, 1.69646E-03
-5.89307E-08, -3.35293E-03, -6.98282E-03, 2.20231E-03
-5.89244E-08, -3.87986E-03, -7.29898E-03, 2.58170E-03
-5.89182E-08, -5.46064E-03, -7.72052E-03, 2.91893E-03
-5.89119E-08, -5.98757E-03, -8.03667E-03, 3.21401E-03
-5.89057E-08, -7.04142E-03, -8.45822E-03, 3.59340E-03
-5.88994E-08, -8.62221E-03, -8.56360E-03, 3.80417E-03
-5.88932E-08, -1.020299E-02, -8.66899E-03, 4.05710E-03
-5.88869E-08, -1.231070E-02, -8.77437E-03, 4.18356E-03
-5.88807E-08, -1.441841E-02, -8.87976E-03, 4.26787E-03
-5.88744E-08, -1.652613E-02, -8.98515E-03, 4.26787E-03
-5.88682E-08, -1.863384E-02, -9.09053E-03, 4.18356E-03
-5.88619E-08, -2.126848E-02, -9.40669E-03, 3.97279E-03
-5.88557E-08, -2.284926E-02, -9.40669E-03, 3.84633E-03
-5.88494E-08, -2.601083E-02, -9.51207E-03, 3.50909E-03
-5.88432E-08, -2.917239E-02, -9.51207E-03, 3.08755E-03
-5.88369E-08, -3.022625E-02, -9.72284E-03, 2.66601E-03
-5.88307E-08, -3.286089E-02, -1.003900E-02, 2.16016E-03
-5.88244E-08, -3.444167E-02, -1.014439E-02, 1.61215E-03
-5.88182E-08, -3.654939E-02, -1.046054E-02, 1.06415E-03
-5.88119E-08, -3.813017E-02, -1.046054E-02, 3.8968E-04
-5.88057E-08, -4.023788E-02, -1.088209E-02, -2.0048E-04
-5.87994E-08, -4.129174E-02, -1.130363E-02, -8.3279E-04
-5.87932E-08, -4.234559E-02, -1.140901E-02, -1.50726E-03
-5.87869E-08, -4.339945E-02, -1.172517E-02, -2.18173E-03
-5.87807E-08, -4.445330E-02, -1.204133E-02, -2.64543E-03
-5.87744E-08, -4.445330E-02, -1.246287E-02, -3.19343E-03
-5.87682E-08, -4.498023E-02, -1.277903E-02, -3.69928E-03
-5.87619E-08, -4.445330E-02, -1.320057E-02, -4.07867E-03
-5.87557E-08, -4.445330E-02, -1.341134E-02, -4.41590E-03
-5.87494E-08, -4.339945E-02, -1.372750E-02, -4.75314E-03
-5.87432E-08, -4.339945E-02, -1.393827E-02, -4.83745E-03
-5.87369E-08, -4.181866E-02, -1.414904E-02, -5.00606E-03
-5.87307E-08, -4.181866E-02, -1.446519E-02, -4.96391E-03
-5.87244E-08, -4.023788E-02, -1.457058E-02, -4.83745E-03
-5.87182E-08, -3.971095E-02, -1.478135E-02, -4.71098E-03
-5.87119E-08, -3.760324E-02, -1.478135E-02, -4.45806E-03
-5.87057E-08, -3.707631E-02, -1.488674E-02, -4.16298E-03
-5.86994E-08, -3.549553E-02, -1.488674E-02, -3.69928E-03
-5.86932E-08, -3.496860E-02, -1.488674E-02, -3.31989E-03
-5.86869E-08, -3.338782E-02, -1.457058E-02, -2.85620E-03
-5.86807E-08, -3.338782E-02, -1.457058E-02, -2.26604E-03
-5.86744E-08, -3.180704E-02, -1.446519E-02, -1.80234E-03
-5.86682E-08, -3.128011E-02, -1.435981E-02, -1.21218E-03
-5.86619E-08, -3.075318E-02, -1.393827E-02, -6.6418E-04
-5.86557E-08, -2.969932E-02, -1.372750E-02, -1.1617E-04
-5.86494E-08, -2.969932E-02, -1.351672E-02, 3.4752E-04
-5.86432E-08, -2.864547E-02, -1.309518E-02, 8.1122E-04
-5.86369E-08, -2.759161E-02, -1.277903E-02, 1.19061E-03
-5.86307E-08, -2.864547E-02, -1.235748E-02, 1.57000E-03
-5.86244E-08, -2.811854E-02, -1.183056E-02, 1.82292E-03
-5.86182E-08, -2.811854E-02, -1.130363E-02, 2.11800E-03
-5.86119E-08, -2.706468E-02, -1.088209E-02, 2.20231E-03
-5.86057E-08, -2.759161E-02, -1.035516E-02, 2.32877E-03
-5.85994E-08, -2.811854E-02, -9.72284E-03, 2.28662E-03
-5.85932E-08, -2.759161E-02, -9.30130E-03, 2.20231E-03
-5.85869E-08, -2.706468E-02, -8.66899E-03, 2.11800E-03
-5.85807E-08, -2.759161E-02, -8.14206E-03, 1.86508E-03
-5.85744E-08, -2.706468E-02, -7.19359E-03, 1.61215E-03
-5.85682E-08, -2.653776E-02, -6.56128E-03, 1.40138E-03
-5.85619E-08, -2.601083E-02, -6.03435E-03, 1.10630E-03
-5.85557E-08, -2.653776E-02, -5.29665E-03, 6.8476E-04
-5.85494E-08, -2.601083E-02, -4.66434E-03, 2.6322E-04
-5.85432E-08, -2.548390E-02, -3.92664E-03, -7.402E-05
-5.85369E-08, -2.548390E-02, -3.08355E-03, -5.3771E-04
-5.85307E-08, -2.548390E-02, -2.55662E-03, -7.9064E-04
-5.85244E-08, -2.601083E-02, -1.92431E-03, -1.12787E-03
-5.85182E-08, -2.495697E-02, -1.18661E-03, -1.46511E-03
-5.85119E-08, -2.390312E-02, -6.5968E-04, -1.71803E-03
-5.85057E-08, -2.337619E-02, -2.737E-05, -1.92880E-03
-5.84994E-08, -2.390312E-02, 6.0494E-04, -2.09742E-03
-5.84932E-08, -2.390312E-02, 9.2110E-04, -2.18173E-03
-5.84869E-08, -2.390312E-02, 1.34264E-03, -2.22388E-03
-5.84807E-08, -2.443004E-02, 1.55341E-03, -2.22388E-03
-5.84744E-08, -2.443004E-02, 1.86957E-03, -2.18173E-03
-5.84682E-08, -2.601083E-02, 1.86957E-03, -1.97096E-03
-5.84619E-08, -2.601083E-02, 2.08034E-03, -1.84450E-03
-5.84557E-08, -2.601083E-02, 1.86957E-03, -1.59157E-03
-5.84494E-08, -2.653776E-02, 1.65880E-03, -1.33864E-03
-5.84432E-08, -2.811854E-02, 1.44803E-03, -1.00141E-03
-5.84369E-08, -2.864547E-02, 1.13187E-03, -6.2202E-04
-5.84307E-08, -2.917239E-02, 8.1571E-04, -2.0048E-04
-5.84244E-08, -3.022625E-02, 7.801E-05, 1.7891E-04
-5.84182E-08, -3.075318E-02, -5.5430E-04, 6.0045E-04
-5.84119E-08, -3.128011E-02, -1.18661E-03, 9.3768E-04
-5.84057E-08, -3.128011E-02, -2.13508E-03, 1.27492E-03
-5.83994E-08, -3.075318E-02, -2.97817E-03, 1.61215E-03
-5.83932E-08, -3.128011E-02, -4.03202E-03, 1.90723E-03
-5.83869E-08, -3.022625E-02, -4.66434E-03, 2.11800E-03
-5.83807E-08, -3.022625E-02, -5.82358E-03, 2.41308E-03
-5.83744E-08, -2.917239E-02, -6.66666E-03, 2.58170E-03
-5.83682E-08, -2.864547E-02, -7.82590E-03, 2.75032E-03
-5.83619E-08, -2.706468E-02, -8.56360E-03, 2.83462E-03
-5.83557E-08, -2.548390E-02, -9.51207E-03, 2.87678E-03
-5.83494E-08, -2.337619E-02, -1.024977E-02, 2.83462E-03
-5.83432E-08, -2.126848E-02, -1.109286E-02, 2.83462E-03
-5.83369E-08, -1.863384E-02, -1.161978E-02, 2.62385E-03
-5.83307E-08, -1.652613E-02, -1.246287E-02, 2.53954E-03
-5.83244E-08, -1.336456E-02, -1.277903E-02, 2.37093E-03
-5.83182E-08, -1.072992E-02, -1.330595E-02, 2.20231E-03
-5.83119E-08, -7.04142E-03, -1.351672E-02, 1.90723E-03
-5.83057E-08, -4.93371E-03, -1.383288E-02, 1.73861E-03
-5.82994E-08, -2.29907E-03, -1.393827E-02, 1.44353E-03
-5.82932E-08, 3.3557E-04, -1.383288E-02, 1.10630E-03
-5.82869E-08, 2.97021E-03, -1.372750E-02, 8.5338E-04
-5.82807E-08, 4.55099E-03, -1.351672E-02, 5.5830E-04
-5.82744E-08, 6.13177E-03, -1.330595E-02, 3.8968E-04
-5.82682E-08, 7.18563E-03, -1.288441E-02, 1.7891E-04
-5.82619E-08, 8.23948E-03, -1.267364E-02, 5.244E-05
-5.82557E-08, 9.29334E-03, -1.214671E-02, -3.186E-05
-5.82494E-08, 8.76641E-03, -1.172517E-02, -2.0048E-04
-5.82432E-08, 7.71256E-03, -1.130363E-02, -1.5833E-04
-5.82369E-08, 6.65870E-03, -1.098747E-02, -2.4263E-04
-5.82307E-08, 5.07792E-03, -1.046054E-02, -2.0048E-04
-5.82244E-08, 2.44328E-03, -1.003900E-02, -7.402E-05
-5.82182E-08, -1.9136E-04, -9.82823E-03, 1.029E-05
-5.82119E-08, -3.35293E-03, -9.51207E-03, 1.3675E-04
-5.82057E-08, -8.09528E-03, -9.30130E-03, 3.4752E-04
-5.81994E-08, -1.178377E-02, -9.30130E-03, 6.4260E-04
-5.81932E-08, -1.599920E-02, -9.40669E-03, 9.3768E-04
-5.81869E-08, -2.021462E-02, -9.40669E-03, 1.14845E-03
-5.81807E-08, -2.548390E-02, -9.82823E-03, 1.48569E-03
-5.81744E-08, -3.075318E-02, -1.003900E-02, 1.73861E-03
-5.81682E-08, -3.654939E-02, -1.046054E-02, 2.07585E-03
-5.81619E-08, -4.129174E-02, -1.077670E-02, 2.41308E-03
-5.81557E-08, -4.603409E-02, -1.119824E-02, 2.70816E-03
-5.81494E-08, -5.077644E-02, -1.183056E-02, 3.00324E-03
-5.81432E-08, -5.446493E-02, -1.246287E-02, 3.38263E-03
-5.81369E-08, -5.815343E-02, -1.298980E-02, 3.50909E-03
-5.81307E-08, -6.236885E-02, -1.362211E-02, 3.84633E-03
-5.81244E-08, -6.500349E-02, -1.425442E-02, 4.01494E-03
-5.81182E-08, -6.763813E-02, -1.467597E-02, 4.22571E-03
-5.81119E-08, -6.816506E-02, -1.509751E-02, 4.31002E-03
-5.81057E-08, -7.027277E-02, -1.572982E-02, 4.47864E-03
-5.80994E-08, -7.027277E-02, -1.594059E-02, 4.52079E-03
-5.80932E-08, -7.027277E-02, -1.636213E-02, 4.47864E-03
-5.80869E-08, -6.869198E-02, -1.636213E-02, 4.47864E-03
-5.80807E-08, -6.816506E-02, -1.646752E-02, 4.43648E-03
-5.80744E-08, -6.500349E-02, -1.646752E-02, 4.39433E-03
-5.80682E-08, -6.342271E-02, -1.625675E-02, 4.18356E-03
-5.80619E-08, -6.078807E-02, -1.604598E-02, 4.01494E-03
-5.80557E-08, -5.657265E-02, -1.541366E-02, 3.80417E-03
-5.80494E-08, -5.235722E-02, -1.499212E-02, 3.50909E-03
-5.80432E-08, -4.761487E-02, -1.457058E-02, 3.17186E-03
-5.80369E-08, -4.392638E-02, -1.383288E-02, 2.91893E-03
-5.80307E-08, -3.813017E-02, -1.309518E-02, 2.66601E-03
-5.80244E-08, -3.496860E-02, -1.225210E-02, 2.28662E-03
-5.80182E-08, -2.969932E-02, -1.140901E-02, 1.94939E-03
-5.80119E-08, -2.495697E-02, -1.056593E-02, 1.52784E-03
-5.80057E-08, -2.126848E-02, -9.61746E-03, 1.23276E-03
-5.79994E-08, -1.599920E-02, -8.77437E-03, 9.3768E-04
-5.79932E-08, -1.231070E-02, -8.03667E-03, 5.5830E-04
-5.79869E-08, -8.62221E-03, -7.29898E-03, 2.2106E-04
-5.79807E-08, -5.46064E-03, -6.87743E-03, -1.1617E-04
-5.79744E-08, -2.82600E-03, -5.92896E-03, -2.8479E-04
-5.79682E-08, 8.6249E-04, -5.61281E-03, -5.3771E-04
-5.79619E-08, 3.49713E-03, -5.50742E-03, -7.4849E-04
-5.79557E-08, 5.07792E-03, -5.08588E-03, -9.1710E-04
-5.79494E-08, 7.71256E-03, -4.87511E-03, -1.04357E-03
-5.79432E-08, 8.76641E-03, -4.98049E-03, -1.12787E-03
-5.79369E-08, 1.087412E-02, -5.08588E-03, -1.21218E-03
-5.79307E-08, 1.087412E-02, -5.40204E-03, -1.12787E-03
-5.79244E-08, 1.087412E-02, -5.82358E-03, -1.12787E-03
-5.79182E-08, 1.140105E-02, -6.24512E-03, -1.04357E-03
-5.79119E-08, 1.298183E-02, -6.56128E-03, -8.7495E-04
-5.79057E-08, 1.298183E-02, -7.19359E-03, -6.2202E-04
-5.78994E-08, 1.192798E-02, -7.50975E-03, -4.1125E-04
-5.78932E-08, 1.298183E-02, -8.24745E-03, -1.1617E-04
-5.78869E-08, 1.298183E-02, -8.77437E-03, 1.7891E-04
-5.78807E-08, 1.298183E-02, -9.40669E-03, 4.3183E-04
-5.78744E-08, 1.350876E-02, -9.93362E-03, 9.3768E-04
-5.78682E-08, 1.403569E-02, -1.035516E-02, 1.31707E-03
-5.78619E-08, 1.456262E-02, -1.067131E-02, 1.82292E-03
-5.78557E-08, 1.614340E-02, -1.077670E-02, 2.24446E-03
-5.78494E-08, 1.667033E-02, -1.088209E-02, 2.66601E-03
-5.78432E-08, 1.772419E-02, -1.088209E-02, 3.12970E-03
-5.78369E-08, 1.930497E-02, -1.067131E-02, 3.55125E-03
-5.78307E-08, 2.141268E-02, -1.035516E-02, 4.01494E-03
-5.78244E-08, 2.193961E-02, -9.82823E-03, 4.47864E-03
-5.78182E-08, 2.457425E-02, -9.09053E-03, 4.90018E-03
-5.78119E-08, 2.720889E-02, -8.35283E-03, 5.19526E-03
-5.78057E-08, 2.826274E-02, -7.29898E-03, 5.61680E-03
-5.77994E-08, 2.984353E-02, -6.45589E-03, 5.99619E-03
-5.77932E-08, 3.142431E-02, -5.19126E-03, 6.20696E-03
-5.77869E-08, 3.405895E-02, -4.24279E-03, 6.37558E-03
-5.77807E-08, 3.511281E-02, -2.87278E-03, 6.58635E-03
-5.77744E-08, 3.669359E-02, -1.39738E-03, 6.75497E-03
-5.77682E-08, 3.722052E-02, -4.4891E-04, 6.79712E-03
-5.77619E-08, 3.985516E-02, 7.1033E-04, 6.92358E-03
-5.77557E-08, 3.985516E-02, 1.97495E-03, 6.96574E-03
-5.77494E-08, 4.090901E-02, 2.92343E-03, 6.83928E-03
-5.77432E-08, 4.090901E-02, 3.97728E-03, 6.75497E-03
-5.77369E-08, 4.090901E-02, 4.71498E-03, 6.67066E-03
-5.77307E-08, 3.985516E-02, 5.34729E-03, 6.45989E-03
-5.77244E-08, 3.932823E-02, 5.66345E-03, 6.24912E-03
-5.77182E-08, 3.774745E-02, 6.08499E-03, 6.03834E-03
-5.77119E-08, 3.722052E-02, 6.08499E-03, 5.70111E-03
-5.77057E-08, 3.405895E-02, 5.66345E-03, 5.49034E-03
-5.76994E-08, 3.195124E-02, 5.34729E-03, 5.19526E-03
-5.76932E-08, 2.931660E-02, 4.82037E-03, 4.85803E-03
-5.76869E-08, 2.720889E-02, 3.87190E-03, 4.43648E-03
-5.76807E-08, 2.352039E-02, 2.71265E-03, 4.18356E-03
-5.76744E-08, 2.035883E-02, 1.65880E-03, 3.80417E-03
-5.76682E-08, 1.719726E-02, 1.8340E-04, 3.55125E-03
-5.76619E-08, 1.245491E-02, -1.39738E-03, 3.25617E-03
-5.76557E-08, 9.82027E-03, -3.18894E-03, 2.87678E-03
-5.76494E-08, 5.07792E-03, -4.76972E-03, 2.62385E-03
-5.76432E-08, 1.91635E-03, -6.77205E-03, 2.37093E-03
-5.76369E-08, -1.24522E-03, -8.56360E-03, 2.11800E-03
-5.76307E-08, -5.98757E-03, -1.056593E-02, 1.86508E-03
-5.76244E-08, -9.14914E-03, -1.246287E-02, 1.65431E-03
-5.76182E-08, -1.231070E-02, -1.414904E-02, 1.44353E-03
-5.76119E-08, -1.441841E-02, -1.572982E-02, 1.14845E-03
-5.76057E-08, -1.810691E-02, -1.741599E-02, 1.06415E-03
-5.75994E-08, -2.126848E-02, -1.878600E-02, 8.5338E-04
-5.75932E-08, -2.232233E-02, -1.983986E-02, 6.8476E-04
-5.75869E-08, -2.548390E-02, -2.089372E-02, 5.1614E-04
-5.75807E-08, -2.653776E-02, -2.152603E-02, 3.4752E-04
-5.75744E-08, -2.759161E-02, -2.194757E-02, 1.3675E-04
-5.75682E-08, -2.917239E-02, -2.257988E-02, 5.244E-05
-5.75619E-08, -2.969932E-02, -2.247450E-02, 1.029E-05
-5.75557E-08, -3.022625E-02, -2.236911E-02, -1.1617E-04
-5.75494E-08, -2.969932E-02, -2.173680E-02, -2.8479E-04
-5.75432E-08, -2.969932E-02, -2.131526E-02, -4.1125E-04
-5.75369E-08, -2.864547E-02, -2.026140E-02, -4.9556E-04
-5.75307E-08, -2.759161E-02, -1.931293E-02, -6.2202E-04
-5.75244E-08, -2.653776E-02, -1.794292E-02, -6.2202E-04
-5.75182E-08, -2.548390E-02, -1.667829E-02, -7.9064E-04
-5.75119E-08, -2.284926E-02, -1.509751E-02, -8.7495E-04
-5.75057E-08, -2.126848E-02, -1.351672E-02, -8.3279E-04
-5.74994E-08, -1.863384E-02, -1.172517E-02, -8.7495E-04
-5.74932E-08, -1.652613E-02, -9.93362E-03, -9.5926E-04
-5.74869E-08, -1.389149E-02, -8.24745E-03, -9.1710E-04
-5.74807E-08, -1.020299E-02, -6.56128E-03, -9.1710E-04
-5.74744E-08, -7.56835E-03, -4.87511E-03, -8.3279E-04
-5.74682E-08, -4.93371E-03, -3.29432E-03, -7.0633E-04
-5.74619E-08, -1.77215E-03, -1.71354E-03, -6.6418E-04
-5.74557E-08, 1.38942E-03, -2.3814E-04, -4.9556E-04
-5.74494E-08, 4.55099E-03, 1.13187E-03, -2.4263E-04
-5.74432E-08, 7.71256E-03, 2.18573E-03, -1.1617E-04
-5.74369E-08, 1.087412E-02, 2.92343E-03, 1.7891E-04
-5.74307E-08, 1.298183E-02, 3.97728E-03, 4.3183E-04
-5.74244E-08, 1.561647E-02, 4.39882E-03, 7.2691E-04
-5.74182E-08, 1.719726E-02, 5.03114E-03, 1.02199E-03
-5.74119E-08, 2.088575E-02, 5.34729E-03, 1.27492E-03
-5.74057E-08, 2.299346E-02, 5.34729E-03, 1.65431E-03
-5.73994E-08, 2.404732E-02, 5.34729E-03, 1.94939E-03
-5.73932E-08, 2.615503E-02, 5.03114E-03, 2.20231E-03
-5.73869E-08, 2.878967E-02, 4.71498E-03, 2.53954E-03
-5.73807E-08, 2.931660E-02, 4.08267E-03, 2.87678E-03
-5.73744E-08, 3.037046E-02, 3.55574E-03, 3.08755E-03
-5.73682E-08, 3.142431E-02, 2.71265E-03, 3.38263E-03
-5.73619E-08, 3.142431E-02, 1.76418E-03, 3.63555E-03
-5.73557E-08, 3.247816E-02, 9.2110E-04, 3.80417E-03
-5.73494E-08, 3.247816E-02, 7.801E-05, 3.93063E-03
-5.73432E-08, 3.300510E-02, -9.7584E-04, 4.05710E-03
-5.73369E-08, 3.247816E-02, -1.92431E-03, 4.14140E-03
-5.73307E-08, 3.300510E-02, -3.18894E-03, 4.14140E-03
-5.73244E-08, 3.142431E-02, -4.24279E-03, 4.14140E-03
-5.73182E-08, 3.142431E-02, -5.08588E-03, 4.09925E-03
-5.73119E-08, 3.089738E-02, -6.03435E-03, 3.97279E-03
-5.73057E-08, 2.984353E-02, -6.98282E-03, 3.93063E-03
-5.72994E-08, 2.773582E-02, -7.82590E-03, 3.71986E-03
-5.72932E-08, 2.773582E-02, -8.56360E-03, 3.59340E-03
-5.72869E-08, 2.668196E-02, -9.51207E-03, 3.34047E-03
-5.72807E-08, 2.510118E-02, -9.93362E-03, 3.08755E-03
-5.72744E-08, 2.457425E-02, -1.035516E-02, 2.83462E-03
-5.72682E-08, 2.299346E-02, -1.098747E-02, 2.58170E-03
-5.72619E-08, 2.141268E-02, -1.119824E-02, 2.28662E-03
-5.72557E-08, 1.983190E-02, -1.151440E-02, 2.07585E-03
-5.72494E-08, 1.983190E-02, -1.161978E-02, 1.78077E-03
-5.72432E-08, 1.772419E-02, -1.161978E-02, 1.61215E-03
-5.72369E-08, 1.877804E-02, -1.151440E-02, 1.40138E-03
-5.72307E-08, 1.667033E-02, -1.161978E-02, 1.23276E-03
-5.72244E-08, 1.561647E-02, -1.119824E-02, 1.06415E-03
-5.72182E-08, 1.561647E-02, -1.109286E-02, 9.7984E-04
-5.72119E-08, 1.508955E-02, -1.077670E-02, 9.3768E-04
-5.72057E-08, 1.403569E-02, -1.024977E-02, 9.3768E-04
-5.71994E-08, 1.403569E-02, -9.82823E-03, 9.7984E-04
-5.71932E-08, 1.403569E-02, -9.40669E-03, 1.06415E-03
-5.71869E-08, 1.350876E-02, -8.56360E-03, 1.14845E-03
-5.71807E-08, 1.350876E-02, -7.82590E-03, 1.31707E-03
-5.71744E-08, 1.403569E-02, -7.29898E-03, 1.44353E-03
-5.71682E-08, 1.350876E-02, -6.35051E-03, 1.73861E-03
-5.71619E-08, 1.350876E-02, -5.71819E-03, 2.03369E-03
-5.71557E-08, 1.403569E-02, -4.98049E-03, 2.24446E-03
-5.71494E-08, 1.403569E-02, -4.24279E-03, 2.53954E-03
-5.71432E-08, 1.456262E-02, -3.39971E-03, 2.87678E-03
-5.71369E-08, 1.456262E-02, -2.45124E-03, 3.12970E-03
-5.71307E-08, 1.403569E-02, -1.60815E-03, 3.46694E-03
-5.71244E-08, 1.456262E-02, -1.18661E-03, 3.84633E-03
-5.71182E-08, 1.403569E-02, -4.4891E-04, 4.05710E-03
-5.71119E-08, 1.456262E-02, 3.9417E-04, 4.35218E-03
-5.71057E-08, 1.350876E-02, 1.23726E-03, 4.64726E-03
-5.70994E-08, 1.403569E-02, 1.86957E-03, 4.73156E-03
-5.70932E-08, 1.403569E-02, 2.29111E-03, 4.94234E-03
-5.70869E-08, 1.298183E-02, 2.92343E-03, 5.06880E-03
-5.70807E-08, 1.298183E-02, 3.13420E-03, 5.15311E-03
-5.70744E-08, 1.192798E-02, 3.55574E-03, 5.15311E-03
-5.70682E-08, 1.087412E-02, 3.66112E-03, 5.11095E-03
-5.70619E-08, 9.82027E-03, 3.76651E-03, 5.11095E-03
-5.70557E-08, 8.76641E-03, 3.76651E-03, 4.98449E-03
-5.70494E-08, 8.23948E-03, 3.66112E-03, 4.77372E-03
-5.70432E-08, 5.07792E-03, 3.45035E-03, 4.64726E-03
-5.70369E-08, 5.07792E-03, 2.92343E-03, 4.39433E-03
-5.70307E-08, 3.49713E-03, 2.39650E-03, 4.14140E-03
-5.70244E-08, 1.38942E-03, 1.97495E-03, 3.84633E-03
-5.70182E-08, -7.1829E-04, 1.34264E-03, 3.55125E-03
-5.70119E-08, -1.77215E-03, 6.0494E-04, 3.21401E-03
-5.70057E-08, -4.93371E-03, -2.3814E-04, 2.96109E-03
-5.69994E-08, -6.51450E-03, -1.18661E-03, 2.62385E-03
-5.69932E-08, -8.62221E-03, -2.34585E-03, 2.28662E-03
-5.69869E-08, -1.020299E-02, -3.39971E-03, 1.99154E-03
-5.69807E-08, -1.336456E-02, -4.24279E-03, 1.73861E-03
-5.69744E-08, -1.547227E-02, -5.40204E-03, 1.44353E-03
-5.69682E-08, -1.705305E-02, -6.66666E-03, 1.27492E-03
-5.69619E-08, -1.968769E-02, -7.40436E-03, 1.06415E-03
-5.69557E-08, -2.074155E-02, -8.66899E-03, 8.9553E-04
-5.69494E-08, -2.232233E-02, -9.72284E-03, 7.6907E-04
-5.69432E-08, -2.548390E-02, -1.067131E-02, 6.8476E-04
-5.69369E-08, -2.548390E-02, -1.140901E-02, 6.8476E-04
-5.69307E-08, -2.653776E-02, -1.225210E-02, 6.8476E-04
-5.69244E-08, -2.759161E-02, -1.288441E-02, 7.2691E-04
-5.69182E-08, -2.917239E-02, -1.330595E-02, 8.5338E-04
-5.69119E-08, -2.811854E-02, -1.383288E-02, 8.5338E-04
-5.69057E-08, -2.864547E-02, -1.404365E-02, 1.06415E-03
-5.68994E-08, -2.864547E-02, -1.414904E-02, 1.14845E-03
-5.68932E-08, -2.811854E-02, -1.425442E-02, 1.35923E-03
-5.68869E-08, -2.706468E-02, -1.393827E-02, 1.61215E-03
-5.68807E-08, -2.653776E-02, -1.372750E-02, 1.82292E-03
-5.68744E-08, -2.443004E-02, -1.330595E-02, 2.03369E-03
-5.68682E-08, -2.284926E-02, -1.277903E-02, 2.24446E-03
-5.68619E-08, -2.021462E-02, -1.204133E-02, 2.37093E-03
-5.68557E-08, -1.810691E-02, -1.130363E-02, 2.58170E-03
-5.68494E-08, -1.547227E-02, -1.056593E-02, 2.62385E-03
-5.68432E-08, -1.283763E-02, -9.51207E-03, 2.83462E-03
-5.68369E-08, -9.67606E-03, -8.56360E-03, 2.96109E-03
-5.68307E-08, -7.04142E-03, -7.61513E-03, 3.00324E-03
-5.68244E-08, -3.87986E-03, -6.35051E-03, 3.04540E-03
-5.68182E-08, -7.1829E-04, -5.29665E-03, 3.00324E-03
-5.68119E-08, 3.49713E-03, -4.24279E-03, 2.96109E-03
-5.68057E-08, 5.60485E-03, -3.29432E-03, 2.87678E-03
-5.67994E-08, 8.76641E-03, -2.24047E-03, 2.70816E-03
-5.67932E-08, 1.140105E-02, -1.60815E-03, 2.49739E-03
-5.67869E-08, 1.456262E-02, -6.5968E-04, 2.32877E-03
-5.67807E-08, 1.667033E-02, -2.737E-05, 2.07585E-03
-5.67744E-08, 1.877804E-02, 6.0494E-04, 1.82292E-03
-5.67682E-08, 1.930497E-02, 1.02648E-03, 1.48569E-03
-5.67619E-08, 2.088575E-02, 1.65880E-03, 1.10630E-03
-5.67557E-08, 2.141268E-02, 1.97495E-03, 7.2691E-04
-5.67494E-08, 2.193961E-02, 1.97495E-03, 4.3183E-04
-5.67432E-08, 2.141268E-02, 2.39650E-03, 5.244E-05
-5.67369E-08, 2.088575E-02, 2.29111E-03, -3.6910E-04
-5.67307E-08, 2.035883E-02, 2.08034E-03, -7.4849E-04
-5.67244E-08, 1.825111E-02, 1.86957E-03, -1.04357E-03
-5.67182E-08, 1.667033E-02, 1.44803E-03, -1.42295E-03
-5.67119E-08, 1.403569E-02, 1.23726E-03, -1.71803E-03
-5.67057E-08, 1.087412E-02, 8.1571E-04, -1.92880E-03
-5.66994E-08, 7.71256E-03, 2.8879E-04, -2.22388E-03
-5.66932E-08, 4.55099E-03, -3.4353E-04, -2.51896E-03
-5.66869E-08, -1.9136E-04, -7.6507E-04, -2.68758E-03
-5.66807E-08, -4.40678E-03, -1.39738E-03, -2.81404E-03
-5.66744E-08, -8.62221E-03, -1.71354E-03, -2.89835E-03
-5.66682E-08, -1.336456E-02, -2.34585E-03, -2.94051E-03
-5.66619E-08, -1.705305E-02, -2.97817E-03, -2.94051E-03
-5.66557E-08, -2.232233E-02, -3.61048E-03, -2.89835E-03
-5.66494E-08, -2.548390E-02, -3.92664E-03, -2.77189E-03
-5.66432E-08, -3.128011E-02, -4.34818E-03, -2.68758E-03
-5.66369E-08, -3.338782E-02, -4.76972E-03, -2.60327E-03
-5.66307E-08, -3.813017E-02, -5.08588E-03, -2.35035E-03
-5.66244E-08, -4.076481E-02, -5.29665E-03, -2.09742E-03
-5.66182E-08, -4.392638E-02, -5.61281E-03, -1.80234E-03
-5.66119E-08, -4.498023E-02, -5.82358E-03, -1.59157E-03
-5.66057E-08, -4.814180E-02, -6.03435E-03, -1.21218E-03
-5.65994E-08, -4.972258E-02, -6.03435E-03, -9.1710E-04
-5.65932E-08, -4.972258E-02, -5.82358E-03, -5.7987E-04
-5.65869E-08, -4.972258E-02, -5.92896E-03, -3.2694E-04
-5.65807E-08, -4.919565E-02, -5.82358E-03, 5.244E-05
-5.65744E-08, -4.814180E-02, -5.71819E-03, 3.4752E-04
-5.65682E-08, -4.656101E-02, -5.50742E-03, 6.4260E-04
-5.65619E-08, -4.445330E-02, -5.29665E-03, 1.02199E-03
-5.65557E-08, -4.234559E-02, -4.98049E-03, 1.23276E-03
-5.65494E-08, -3.918403E-02, -4.66434E-03, 1.52784E-03
-5.65432E-08, -3.602246E-02, -4.66434E-03, 1.73861E-03
-5.65369E-08, -3.180704E-02, -4.13741E-03, 1.94939E-03
-5.65307E-08, -2.969932E-02, -3.82125E-03, 2.07585E-03
-5.65244E-08, -2.495697E-02, -3.61048E-03, 2.24446E-03
-5.65182E-08, -2.126848E-02, -3.18894E-03, 2.37093E-03
-5.65119E-08, -1.705305E-02, -2.55662E-03, 2.41308E-03
-5.65057E-08, -1.494534E-02, -2.45124E-03, 2.45524E-03
-5.64994E-08, -1.072992E-02, -2.02970E-03, 2.45524E-03
-5.64932E-08, -8.62221E-03, -1.50277E-03, 2.41308E-03
-5.64869E-08, -5.46064E-03, -1.18661E-03, 2.37093E-03
-5.64807E-08, -3.35293E-03, -8.7046E-04, 2.37093E-03
-5.64744E-08, 3.3557E-04, -2.3814E-04, 2.20231E-03
-5.64682E-08, -7.1829E-04, 1.8340E-04, 2.03369E-03
-5.64619E-08, 8.6249E-04, 6.0494E-04, 1.90723E-03
-5.64557E-08, 8.6249E-04, 1.02648E-03, 1.73861E-03
-5.64494E-08, 1.38942E-03, 1.55341E-03, 1.57000E-03
-5.64432E-08, -1.9136E-04, 1.97495E-03, 1.40138E-03
-5.64369E-08, -1.24522E-03, 2.39650E-03, 1.23276E-03
-5.64307E-08, -4.40678E-03, 2.92343E-03, 1.06415E-03
-5.64244E-08, -7.04142E-03, 3.55574E-03, 8.5338E-04
-5.64182E-08, -1.020299E-02, 3.97728E-03, 7.6907E-04
-5.64119E-08, -1.231070E-02, 4.60959E-03, 4.7399E-04
-5.64057E-08, -1.547227E-02, 4.92575E-03, 3.8968E-04
-5.63994E-08, -1.968769E-02, 5.66345E-03, 2.6322E-04
-5.63932E-08, -2.390312E-02, 5.87422E-03, 9.460E-05
-5.63869E-08, -2.759161E-02, 6.40115E-03, -3.186E-05
-5.63807E-08, -3.233396E-02, 6.71731E-03, -7.402E-05
-5.63744E-08, -3.654939E-02, 7.13885E-03, -1.1617E-04
-5.63682E-08, -3.971095E-02, 7.24423E-03, -1.1617E-04
-5.63619E-08, -4.287252E-02, 7.56039E-03, -1.5833E-04
-5.63557E-08, -4.656101E-02, 7.66578E-03, -2.0048E-04
-5.63494E-08, -4.919565E-02, 7.87655E-03, -1.1617E-04
-5.63432E-08, -5.235722E-02, 7.98193E-03, -1.1617E-04
-5.63369E-08, -5.446493E-02, 8.08732E-03, -3.186E-05
-5.63307E-08, -5.551879E-02, 8.08732E-03, 5.244E-05
-5.63244E-08, -5.709957E-02, 8.08732E-03, 9.460E-05
-5.63182E-08, -5.709957E-02, 7.87655E-03, 1.7891E-04
-5.63119E-08, -5.604572E-02, 7.87655E-03, 1.7891E-04
-5.63057E-08, -5.551879E-02, 7.45500E-03, 3.4752E-04
-5.62994E-08, -5.446493E-02, 7.34962E-03, 3.4752E-04
-5.62932E-08, -5.183030E-02, 6.82269E-03, 4.3183E-04
-5.62869E-08, -4.972258E-02, 6.40115E-03, 3.8968E-04
-5.62807E-08, -4.603409E-02, 5.87422E-03, 4.7399E-04
-5.62744E-08, -4.287252E-02, 5.45268E-03, 4.7399E-04
-5.62682E-08, -3.813017E-02, 4.82037E-03, 5.1614E-04
-5.62619E-08, -3.496860E-02, 4.39882E-03, 4.3183E-04
-5.62557E-08, -2.969932E-02, 3.76651E-03, 3.8968E-04
-5.62494E-08, -2.653776E-02, 3.23958E-03, 2.6322E-04
-5.62432E-08, -2.126848E-02, 2.39650E-03, 2.2106E-04
-5.62369E-08, -1.599920E-02, 1.86957E-03, 1.7891E-04
-5.62307E-08, -1.178377E-02, 1.23726E-03, 1.029E-05
-5.62244E-08, -7.56835E-03, 6.0494E-04, -1.1617E-04
-5.62182E-08, -3.35293E-03, -2.737E-05, -2.4263E-04
-5.62119E-08, 8.6249E-04, -5.5430E-04, -4.5341E-04
-5.62057E-08, 4.02406E-03, -1.18661E-03, -6.2202E-04
-5.61994E-08, 7.18563E-03, -1.81893E-03, -8.3279E-04
-5.61932E-08, 9.29334E-03, -2.24047E-03, -1.08572E-03
-5.61869E-08, 1.192798E-02, -2.76740E-03, -1.29649E-03
-5.61807E-08, 1.403569E-02, -3.29432E-03, -1.46511E-03
-5.61744E-08, 1.456262E-02, -3.50509E-03, -1.76019E-03
-5.61682E-08, 1.508955E-02, -4.03202E-03, -1.97096E-03
-5.61619E-08, 1.561647E-02, -4.34818E-03, -2.13958E-03
-5.61557E-08, 1.561647E-02, -4.55895E-03, -2.30819E-03
-5.61494E-08, 1.456262E-02, -4.66434E-03, -2.51896E-03
-5.61432E-08, 1.350876E-02, -4.66434E-03, -2.68758E-03
-5.61369E-08, 1.245491E-02, -4.76972E-03, -2.81404E-03
-5.61307E-08, 9.29334E-03, -4.55895E-03, -2.85620E-03
-5.61244E-08, 7.18563E-03, -4.87511E-03, -2.89835E-03
-5.61182E-08, 5.60485E-03, -4.45356E-03, -2.94051E-03
-5.61119E-08, 4.55099E-03, -4.13741E-03, -2.98266E-03
-5.61057E-08, 1.38942E-03, -3.92664E-03, -2.89835E-03
-5.60994E-08, -7.1829E-04, -3.61048E-03, -2.85620E-03
-5.60932E-08, -2.82600E-03, -3.18894E-03, -2.68758E-03
-5.60869E-08, -4.93371E-03, -2.55662E-03, -2.64543E-03
-5.60807E-08, -7.56835E-03, -2.13508E-03, -2.47681E-03
-5.60744E-08, -1.020299E-02, -1.71354E-03, -2.30819E-03
-5.60682E-08, -1.072992E-02, -1.18661E-03, -2.05527E-03
-5.60619E-08, -1.231070E-02, -6.5968E-04, -1.84450E-03
-5.60557E-08, -1.283763E-02, 7.801E-05, -1.59157E-03
-5.60494E-08, -1.389149E-02, 6.0494E-04, -1.38080E-03
-5.60432E-08, -1.441841E-02, 1.23726E-03, -1.08572E-03
-5.60369E-08, -1.441841E-02, 1.97495E-03, -8.3279E-04
-5.60307E-08, -1.441841E-02, 2.29111E-03, -4.5341E-04
-5.60244E-08, -1.441841E-02, 3.02881E-03, -2.4263E-04
-5.60182E-08, -1.336456E-02, 3.55574E-03, 9.460E-05
-5.60119E-08, -1.283763E-02, 4.18805E-03, 3.4752E-04
-5.60057E-08, -1.231070E-02, 4.29344E-03, 6.4260E-04
-5.59994E-08, -1.072992E-02, 4.60959E-03, 8.9553E-04
-5.59932E-08, -1.020299E-02, 5.03114E-03, 1.14845E-03
-5.59869E-08, -1.020299E-02, 5.24191E-03, 1.35923E-03
-5.59807E-08, -9.14914E-03, 5.34729E-03, 1.48569E-03
-5.59744E-08, -8.09528E-03, 5.34729E-03, 1.78077E-03
-5.59682E-08, -8.09528E-03, 5.24191E-03, 1.82292E-03
-5.59619E-08, -9.67606E-03, 5.13652E-03, 1.99154E-03
-5.59557E-08, -9.14914E-03, 4.92575E-03, 2.07585E-03
-5.59494E-08, -9.67606E-03, 4.50421E-03, 2.16016E-03
-5.59432E-08, -1.072992E-02, 4.29344E-03, 2.20231E-03
-5.59369E-08, -1.178377E-02, 3.66112E-03, 2.20231E-03
-5.59307E-08, -1.441841E-02, 3.02881E-03, 2.20231E-03
-5.59244E-08, -1.705305E-02, 2.29111E-03, 2.16016E-03
-5.59182E-08, -2.021462E-02, 1.76418E-03, 1.99154E-03
-5.59119E-08, -2.232233E-02, 9.2110E-04, 1.94939E-03
-5.59057E-08, -2.653776E-02, 1.8340E-04, 1.90723E-03
-5.58994E-08, -3.128011E-02, -7.6507E-04, 1.78077E-03
-5.58932E-08, -3.444167E-02, -1.60815E-03, 1.57000E-03
-5.58869E-08, -3.865710E-02, -2.34585E-03, 1.44353E-03
-5.58807E-08, -4.445330E-02, -3.39971E-03, 1.31707E-03
-5.58744E-08, -4.814180E-02, -4.13741E-03, 1.10630E-03
-5.58682E-08, -5.341108E-02, -5.19126E-03, 8.9553E-04
-5.58619E-08, -5.868036E-02, -6.03435E-03, 8.5338E-04
-5.58557E-08, -6.289578E-02, -6.77205E-03, 6.4260E-04
-5.58494E-08, -6.763813E-02, -7.61513E-03, 5.5830E-04
-5.58432E-08, -7.132663E-02, -8.35283E-03, 3.8968E-04
-5.58369E-08, -7.501512E-02, -8.87976E-03, 2.2106E-04
-5.58307E-08, -7.817668E-02, -9.51207E-03, 1.7891E-04
-5.58244E-08, -8.186518E-02, -1.014439E-02, 9.460E-05
-5.58182E-08, -8.397289E-02, -1.067131E-02, 1.029E-05
-5.58119E-08, -8.502675E-02, -1.077670E-02, -7.402E-05
-5.58057E-08, -8.660753E-02, -1.119824E-02, -2.0048E-04
-5.57994E-08, -8.766139E-02, -1.140901E-02, -1.5833E-04
-5.57932E-08, -8.660753E-02, -1.161978E-02, -2.4263E-04
-5.57869E-08, -8.555368E-02, -1.161978E-02, -1.5833E-04
-5.57807E-08, -8.397289E-02, -1.151440E-02, -2.0048E-04
-5.57744E-08, -8.186518E-02, -1.161978E-02, -2.0048E-04
-5.57682E-08, -7.870361E-02, -1.140901E-02, -1.5833E-04
-5.57619E-08, -7.659590E-02, -1.109286E-02, -7.402E-05
-5.57557E-08, -7.238048E-02, -1.109286E-02, -7.402E-05
-5.57494E-08, -6.816506E-02, -1.035516E-02, -7.402E-05
-5.57432E-08, -6.342271E-02, -1.003900E-02, 1.029E-05
-5.57369E-08, -5.868036E-02, -9.51207E-03, 9.460E-05
-5.57307E-08, -5.393801E-02, -8.98515E-03, 5.244E-05
-5.57244E-08, -4.919565E-02, -8.14206E-03, 1.3675E-04
-5.57182E-08, -4.392638E-02, -7.72052E-03, 2.2106E-04
-5.57119E-08, -3.813017E-02, -6.77205E-03, 1.3675E-04
-5.57057E-08, -3.338782E-02, -6.03435E-03, 9.460E-05
-5.56994E-08, -2.917239E-02, -5.19126E-03, 9.460E-05
-5.56932E-08, -2.443004E-02, -4.34818E-03, 9.460E-05
-5.56869E-08, -2.126848E-02, -3.29432E-03, 1.029E-05
-5.56807E-08, -1.705305E-02, -2.55662E-03, -3.186E-05
-5.56744E-08, -1.441841E-02, -1.60815E-03, -1.5833E-04
-5.56682E-08, -1.178377E-02, -5.5430E-04, -2.8479E-04
-5.56619E-08, -1.125685E-02, 4.9956E-04, -4.1125E-04
-5.56557E-08, -9.14914E-03, 1.55341E-03, -5.3771E-04
-5.56494E-08, -8.62221E-03, 2.60727E-03, -7.0633E-04
-5.56432E-08, -8.62221E-03, 3.76651E-03, -8.7495E-04
-5.56369E-08, -8.62221E-03, 4.92575E-03, -1.04357E-03
-5.56307E-08, -1.072992E-02, 5.97961E-03, -1.21218E-03
-5.56244E-08, -1.336456E-02, 7.13885E-03, -1.38080E-03
-5.56182E-08, -1.547227E-02, 8.19270E-03, -1.54942E-03
-5.56119E-08, -1.810691E-02, 9.14117E-03, -1.84450E-03
-5.56057E-08, -2.232233E-02, 1.008964E-02, -1.92880E-03
-5.55994E-08, -2.548390E-02, 1.114350E-02, -2.05527E-03
-5.55932E-08, -2.864547E-02, 1.209197E-02, -2.30819E-03
-5.55869E-08, -3.286089E-02, 1.293505E-02, -2.43465E-03
-5.55807E-08, -3.654939E-02, 1.388352E-02, -2.51896E-03
-5.55744E-08, -4.129174E-02, 1.472661E-02, -2.68758E-03
-5.55682E-08, -4.339945E-02, 1.535892E-02, -2.77189E-03
-5.55619E-08, -4.814180E-02, 1.588585E-02, -2.81404E-03
-5.55557E-08, -5.130336E-02, 1.641278E-02, -2.89835E-03
-5.55494E-08, -5.393801E-02, 1.704509E-02, -2.98266E-03
-5.55432E-08, -5.657265E-02, 1.725586E-02, -2.94051E-03
-5.55369E-08, -5.762650E-02, 1.757202E-02, -2.98266E-03
-5.55307E-08, -6.078807E-02, 1.736125E-02, -2.94051E-03
-5.55244E-08, -6.236885E-02, 1.757202E-02, -2.85620E-03
-5.55182E-08, -6.236885E-02, 1.757202E-02, -2.72973E-03
-5.55119E-08, -6.131500E-02, 1.757202E-02, -2.72973E-03
-5.55057E-08, -6.236885E-02, 1.704509E-02, -2.60327E-03
-5.54994E-08, -6.078807E-02, 1.662355E-02, -2.47681E-03
-5.54932E-08, -5.973421E-02, 1.609662E-02, -2.30819E-03
-5.54869E-08, -5.709957E-02, 1.567508E-02, -2.18173E-03
-5.54807E-08, -5.446493E-02, 1.514815E-02, -1.97096E-03
-5.54744E-08, -5.235722E-02, 1.441045E-02, -1.80234E-03
-5.54682E-08, -4.919565E-02, 1.367275E-02, -1.63372E-03
-5.54619E-08, -4.656101E-02, 1.304044E-02, -1.46511E-03
-5.54557E-08, -4.339945E-02, 1.219736E-02, -1.21218E-03
-5.54494E-08, -3.971095E-02, 1.167043E-02, -1.08572E-03
-5.54432E-08, -3.654939E-02, 1.093273E-02, -7.9064E-04
-5.54369E-08, -3.444167E-02, 1.030042E-02, -5.7987E-04
-5.54307E-08, -3.022625E-02, 9.66810E-03, -4.1125E-04
-5.54244E-08, -2.864547E-02, 9.03579E-03, -2.0048E-04
-5.54182E-08, -2.601083E-02, 8.50886E-03, 5.244E-05
-5.54119E-08, -2.390312E-02, 8.19270E-03, 2.6322E-04
-5.54057E-08, -2.126848E-02, 8.08732E-03, 4.7399E-04
-5.53994E-08, -1.968769E-02, 7.77116E-03, 6.8476E-04
-5.53932E-08, -1.916077E-02, 7.66578E-03, 8.1122E-04
-5.53869E-08, -1.757998E-02, 7.77116E-03, 9.7984E-04
-5.53807E-08, -1.757998E-02, 8.08732E-03, 1.23276E-03
-5.53744E-08, -1.810691E-02, 8.19270E-03, 1.31707E-03
-5.53682E-08, -1.916077E-02, 8.61425E-03, 1.61215E-03
-5.53619E-08, -2.021462E-02, 9.03579E-03, 1.78077E-03
-5.53557E-08, -2.126848E-02, 9.87887E-03, 1.90723E-03
-5.53494E-08, -2.284926E-02, 1.072196E-02, 2.03369E-03
-5.53432E-08, -2.548390E-02, 1.135427E-02, 2.16016E-03
-5.53369E-08, -2.653776E-02, 1.219736E-02, 2.32877E-03
-5.53307E-08, -2.969932E-02, 1.325121E-02, 2.49739E-03
-5.53244E-08, -3.180704E-02, 1.419968E-02, 2.58170E-03
-5.53182E-08, -3.338782E-02, 1.525354E-02, 2.66601E-03
-5.53119E-08, -3.602246E-02, 1.620201E-02, 2.75032E-03
-5.53057E-08, -3.760324E-02, 1.715048E-02, 2.91893E-03
-5.52994E-08, -3.918403E-02, 1.830972E-02, 2.96109E-03
-5.52932E-08, -4.181866E-02, 1.904742E-02, 3.00324E-03
-5.52869E-08, -4.234559E-02, 1.989050E-02, 3.00324E-03
-5.52807E-08, -4.445330E-02, 2.062820E-02, 3.08755E-03
-5.52744E-08, -4.498023E-02, 2.136590E-02, 3.12970E-03
-5.52682E-08, -4.550716E-02, 2.189283E-02, 3.08755E-03
-5.52619E-08, -4.550716E-02, 2.241976E-02, 3.12970E-03
-5.52557E-08, -4.550716E-02, 2.273591E-02, 3.04540E-03
-5.52494E-08, -4.445330E-02, 2.305207E-02, 2.96109E-03
-5.52432E-08, -4.339945E-02, 2.294668E-02, 2.91893E-03
-5.52369E-08, -4.234559E-02, 2.273591E-02, 2.87678E-03
-5.52307E-08, -4.129174E-02, 2.263053E-02, 2.75032E-03
-5.52244E-08, -3.971095E-02, 2.210360E-02, 2.70816E-03
-5.52182E-08, -3.707631E-02, 2.157667E-02, 2.53954E-03
-5.52119E-08, -3.496860E-02, 2.083897E-02, 2.41308E-03
-5.52057E-08, -3.338782E-02, 1.999589E-02, 2.24446E-03
-5.51994E-08, -3.022625E-02, 1.904742E-02, 2.16016E-03
-5.51932E-08, -2.811854E-02, 1.809895E-02, 1.99154E-03
-5.51869E-08, -2.601083E-02, 1.693971E-02, 1.73861E-03
-5.51807E-08, -2.390312E-02, 1.578047E-02, 1.65431E-03
-5.51744E-08, -2.232233E-02, 1.451584E-02, 1.48569E-03
-5.51682E-08, -1.968769E-02, 1.346198E-02, 1.40138E-03
-5.51619E-08, -1.757998E-02, 1.240813E-02, 1.19061E-03
-5.51557E-08, -1.547227E-02, 1.114350E-02, 1.02199E-03
-5.51494E-08, -1.389149E-02, 1.008964E-02, 8.5338E-04
-5.51432E-08, -1.283763E-02, 8.93040E-03, 8.1122E-04
-5.51369E-08, -1.231070E-02, 7.77116E-03, 7.2691E-04
-5.51307E-08, -1.020299E-02, 6.92808E-03, 6.4260E-04
-5.51244E-08, -1.072992E-02, 6.08499E-03, 6.0045E-04
-5.51182E-08, -1.020299E-02, 5.13652E-03, 6.0045E-04
-5.51119E-08, -9.67606E-03, 4.60959E-03, 5.5830E-04
-5.51057E-08, -1.020299E-02, 3.97728E-03, 6.0045E-04
-5.50994E-08, -1.125685E-02, 3.34497E-03, 5.5830E-04
-5.50932E-08, -1.125685E-02, 3.23958E-03, 6.0045E-04
-5.50869E-08, -1.125685E-02, 2.92343E-03, 6.8476E-04
-5.50807E-08, -1.178377E-02, 2.81804E-03, 8.1122E-04
-5.50744E-08, -1.231070E-02, 2.71265E-03, 8.9553E-04
-5.50682E-08, -1.283763E-02, 2.81804E-03, 1.06415E-03
-5.50619E-08, -1.389149E-02, 2.81804E-03, 1.19061E-03
-5.50557E-08, -1.441841E-02, 3.02881E-03, 1.31707E-03
-5.50494E-08, -1.547227E-02, 3.02881E-03, 1.48569E-03
-5.50432E-08, -1.652613E-02, 3.34497E-03, 1.69646E-03
-5.50369E-08, -1.757998E-02, 3.66112E-03, 1.90723E-03
-5.50307E-08, -1.757998E-02, 3.87190E-03, 2.03369E-03
-5.50244E-08, -1.810691E-02, 4.08267E-03, 2.20231E-03
-5.50182E-08, -1.916077E-02, 4.39882E-03, 2.41308E-03
-5.50119E-08, -1.916077E-02, 4.50421E-03, 2.58170E-03
-5.50057E-08, -1.968769E-02, 4.60959E-03, 2.79247E-03
-5.49994E-08, -2.074155E-02, 4.82037E-03, 2.91893E-03
-5.49932E-08, -2.126848E-02, 4.71498E-03, 3.00324E-03
-5.49869E-08, -2.074155E-02, 4.71498E-03, 3.17186E-03
-5.49807E-08, -2.126848E-02, 4.60959E-03, 3.21401E-03
-5.49744E-08, -2.232233E-02, 4.39882E-03, 3.25617E-03
-5.49682E-08, -2.179541E-02, 4.18805E-03, 3.29832E-03
-5.49619E-08, -2.337619E-02, 3.76651E-03, 3.38263E-03
-5.49557E-08, -2.390312E-02, 3.55574E-03, 3.29832E-03
-5.49494E-08, -2.495697E-02, 3.02881E-03, 3.25617E-03
-5.49432E-08, -2.548390E-02, 2.71265E-03, 3.21401E-03
-5.49369E-08, -2.653776E-02, 2.29111E-03, 3.17186E-03
-5.49307E-08, -2.759161E-02, 1.86957E-03, 3.08755E-03
-5.49244E-08, -2.864547E-02, 1.34264E-03, 2.96109E-03
-5.49182E-08, -3.075318E-02, 9.2110E-04, 2.75032E-03
-5.49119E-08, -3.075318E-02, 2.8879E-04, 2.58170E-03
-5.49057E-08, -3.391474E-02, -1.3276E-04, 2.41308E-03
-5.48994E-08, -3.549553E-02, -5.5430E-04, 2.16016E-03
-5.48932E-08, -3.707631E-02, -1.08123E-03, 1.86508E-03
-5.48869E-08, -3.865710E-02, -1.39738E-03, 1.69646E-03
-5.48807E-08, -4.076481E-02, -1.92431E-03, 1.48569E-03
-5.48744E-08, -4.234559E-02, -2.02970E-03, 1.19061E-03
-5.48682E-08, -4.445330E-02, -2.34585E-03, 9.7984E-04
-5.48619E-08, -4.656101E-02, -2.34585E-03, 6.8476E-04
-5.48557E-08, -4.866873E-02, -2.55662E-03, 5.1614E-04
-5.48494E-08, -4.972258E-02, -2.55662E-03, 2.2106E-04
-5.48432E-08, -5.130336E-02, -2.45124E-03, 5.244E-05
-5.48369E-08, -5.235722E-02, -2.55662E-03, -7.402E-05
-5.48307E-08, -5.341108E-02, -2.13508E-03, -2.8479E-04
-5.48244E-08, -5.341108E-02, -2.02970E-03, -5.3771E-04
-5.48182E-08, -5.393801E-02, -2.13508E-03, -5.7987E-04
-5.48119E-08, -5.341108E-02, -1.60815E-03, -7.0633E-04
-5.48057E-08, -5.288415E-02, -1.50277E-03, -7.9064E-04
-5.47994E-08, -5.288415E-02, -1.18661E-03, -8.7495E-04
-5.47932E-08, -5.183030E-02, -9.7584E-04, -9.1710E-04
-5.47869E-08, -5.024951E-02, -7.6507E-04, -9.1710E-04
-5.47807E-08, -4.866873E-02, -4.4891E-04, -8.3279E-04
-5.47744E-08, -4.656101E-02, -2.3814E-04, -8.7495E-04
-5.47682E-08, -4.445330E-02, -2.737E-05, -7.0633E-04
-5.47619E-08, -4.234559E-02, 7.801E-05, -6.2202E-04
-5.47557E-08, -3.865710E-02, 1.8340E-04, -5.3771E-04
-5.47494E-08, -3.549553E-02, 1.8340E-04, -3.2694E-04
-5.47432E-08, -3.391474E-02, 1.8340E-04, -1.1617E-04
-5.47369E-08, -3.022625E-02, 2.8879E-04, 5.244E-05
-5.47307E-08, -2.706468E-02, -2.737E-05, 2.2106E-04
-5.47244E-08, -2.337619E-02, -1.3276E-04, 4.7399E-04
-5.47182E-08, -2.074155E-02, -3.4353E-04, 6.4260E-04
-5.47119E-08, -1.652613E-02, -1.3276E-04, 8.1122E-04
-5.47057E-08, -1.441841E-02, -4.4891E-04, 1.14845E-03
-5.46994E-08, -1.178377E-02, -9.7584E-04, 1.35923E-03
-5.46932E-08, -9.67606E-03, -8.7046E-04, 1.48569E-03
-5.46869E-08, -7.04142E-03, -1.18661E-03, 1.69646E-03
-5.46807E-08, -4.93371E-03, -1.39738E-03, 1.90723E-03
-5.46744E-08, -2.29907E-03, -1.81893E-03, 2.07585E-03
-5.46682E-08, -1.24522E-03, -2.02970E-03, 2.20231E-03
-5.46619E-08, -1.9136E-04, -2.24047E-03, 2.28662E-03
-5.46557E-08, -1.9136E-04, -2.34585E-03, 2.45524E-03
-5.46494E-08, 8.6249E-04, -2.55662E-03, 2.41308E-03
-5.46432E-08, 8.6249E-04, -2.87278E-03, 2.53954E-03
-5.46369E-08, 8.6249E-04, -2.97817E-03, 2.58170E-03
-5.46307E-08, -1.9136E-04, -3.18894E-03, 2.58170E-03
-5.46244E-08, -2.29907E-03, -3.39971E-03, 2.62385E-03
-5.46182E-08, -2.82600E-03, -3.50509E-03, 2.53954E-03
-5.46119E-08, -3.87986E-03, -3.39971E-03, 2.45524E-03
-5.46057E-08, -5.98757E-03, -3.61048E-03, 2.45524E-03
-5.45994E-08, -8.62221E-03, -3.82125E-03, 2.28662E-03
-5.45932E-08, -1.125685E-02, -3.82125E-03, 2.07585E-03
-5.45869E-08, -1.231070E-02, -3.92664E-03, 1.99154E-03
-5.45807E-08, -1.652613E-02, -3.82125E-03, 1.90723E-03
-5.45744E-08, -1.810691E-02, -3.92664E-03, 1.78077E-03
-5.45682E-08, -2.021462E-02, -4.03202E-03, 1.61215E-03
-5.45619E-08, -2.390312E-02, -4.03202E-03, 1.35923E-03
-5.45557E-08, -2.653776E-02, -4.24279E-03, 1.27492E-03
-5.45494E-08, -2.969932E-02, -4.45356E-03, 1.14845E-03
-5.45432E-08, -3.180704E-02, -4.45356E-03, 9.7984E-04
-5.45369E-08, -3.444167E-02, -4.55895E-03, 8.5338E-04
-5.45307E-08, -3.654939E-02, -4.66434E-03, 8.1122E-04
-5.45244E-08, -3.971095E-02, -4.76972E-03, 6.8476E-04
-5.45182E-08, -4.129174E-02, -4.98049E-03, 6.4260E-04
-5.45119E-08, -4.234559E-02, -4.87511E-03, 5.1614E-04
-5.45057E-08, -4.498023E-02, -5.29665E-03, 6.0045E-04
-5.44994E-08, -4.603409E-02, -5.29665E-03, 5.5830E-04
-5.44932E-08, -4.708794E-02, -5.50742E-03, 5.5830E-04
-5.44869E-08, -4.656101E-02, -5.71819E-03, 6.0045E-04
-5.44807E-08, -4.708794E-02, -5.71819E-03, 6.4260E-04
-5.44744E-08, -4.708794E-02, -5.82358E-03, 7.6907E-04
-5.44682E-08, -4.603409E-02, -5.92896E-03, 8.1122E-04
-5.44619E-08, -4.603409E-02, -6.13973E-03, 8.9553E-04
-5.44557E-08, -4.445330E-02, -6.03435E-03, 1.06415E-03
-5.44494E-08, -4.392638E-02, -6.03435E-03, 1.19061E-03
-5.44432E-08, -4.129174E-02, -6.03435E-03, 1.40138E-03
-5.44369E-08, -3.971095E-02, -5.82358E-03, 1.44353E-03
-5.44307E-08, -3.760324E-02, -6.03435E-03, 1.61215E-03
-5.44244E-08, -3.496860E-02, -6.03435E-03, 1.78077E-03
-5.44182E-08, -3.286089E-02, -6.03435E-03, 1.90723E-03
-5.44119E-08, -2.864547E-02, -5.82358E-03, 1.94939E-03
-5.44057E-08, -2.653776E-02, -6.13973E-03, 2.11800E-03
-5.43994E-08, -2.179541E-02, -6.03435E-03, 2.20231E-03
-5.43932E-08, -1.916077E-02, -5.82358E-03, 2.24446E-03
-5.43869E-08, -1.547227E-02, -5.82358E-03, 2.32877E-03
-5.43807E-08, -1.283763E-02, -5.82358E-03, 2.32877E-03
-5.43744E-08, -1.020299E-02, -5.82358E-03, 2.32877E-03
-5.43682E-08, -6.51450E-03, -5.92896E-03, 2.32877E-03
-5.43619E-08, -2.82600E-03, -6.03435E-03, 2.28662E-03
-5.43557E-08, -7.1829E-04, -6.13973E-03, 2.20231E-03
-5.43494E-08, 2.44328E-03, -6.24512E-03, 2.07585E-03
-5.43432E-08, 4.02406E-03, -6.45589E-03, 1.94939E-03
-5.43369E-08, 6.65870E-03, -6.66666E-03, 1.82292E-03
-5.43307E-08, 8.23948E-03, -7.19359E-03, 1.69646E-03
-5.43244E-08, 9.82027E-03, -7.40436E-03, 1.57000E-03
-5.43182E-08, 1.087412E-02, -7.82590E-03, 1.52784E-03
-5.43119E-08, 1.298183E-02, -8.24745E-03, 1.31707E-03
-5.43057E-08, 1.192798E-02, -8.66899E-03, 1.19061E-03
-5.42994E-08, 1.245491E-02, -9.51207E-03, 1.06415E-03
-5.42932E-08, 1.140105E-02, -1.003900E-02, 9.7984E-04
-5.42869E-08, 1.140105E-02, -1.035516E-02, 8.5338E-04
-5.42807E-08, 9.82027E-03, -1.109286E-02, 7.6907E-04
-5.42744E-08, 8.76641E-03, -1.172517E-02, 7.6907E-04
-5.42682E-08, 6.65870E-03, -1.225210E-02, 6.8476E-04
-5.42619E-08, 4.55099E-03, -1.298980E-02, 7.6907E-04
-5.42557E-08, 3.49713E-03, -1.351672E-02, 7.2691E-04
-5.42494E-08, 3.3557E-04, -1.425442E-02, 8.1122E-04
-5.42432E-08, -1.77215E-03, -1.488674E-02, 9.3768E-04
-5.42369E-08, -4.40678E-03, -1.530828E-02, 1.02199E-03
-5.42307E-08, -7.04142E-03, -1.604598E-02, 1.27492E-03
-5.42244E-08, -9.67606E-03, -1.615136E-02, 1.52784E-03
-5.42182E-08, -1.231070E-02, -1.667829E-02, 1.73861E-03
-5.42119E-08, -1.389149E-02, -1.699445E-02, 1.90723E-03
-5.42057E-08, -1.757998E-02, -1.741599E-02, 2.28662E-03
-5.41994E-08, -1.863384E-02, -1.741599E-02, 2.58170E-03
-5.41932E-08, -2.074155E-02, -1.762676E-02, 2.87678E-03
-5.41869E-08, -2.232233E-02, -1.752138E-02, 3.12970E-03
-5.41807E-08, -2.337619E-02, -1.783753E-02, 3.46694E-03
-5.41744E-08, -2.495697E-02, -1.752138E-02, 3.67771E-03
-5.41682E-08, -2.495697E-02, -1.752138E-02, 4.01494E-03
-5.41619E-08, -2.601083E-02, -1.720522E-02, 4.31002E-03
-5.41557E-08, -2.548390E-02, -1.678368E-02, 4.52079E-03
-5.41494E-08, -2.495697E-02, -1.646752E-02, 4.73156E-03
-5.41432E-08, -2.390312E-02, -1.583521E-02, 4.85803E-03
-5.41369E-08, -2.390312E-02, -1.541366E-02, 4.94234E-03
-5.41307E-08, -2.179541E-02, -1.499212E-02, 5.11095E-03
-5.41244E-08, -2.074155E-02, -1.425442E-02, 5.11095E-03
-5.41182E-08, -1.916077E-02, -1.341134E-02, 5.11095E-03
-5.41119E-08, -1.652613E-02, -1.277903E-02, 4.98449E-03
-5.41057E-08, -1.494534E-02, -1.214671E-02, 4.85803E-03
-5.40994E-08, -1.231070E-02, -1.140901E-02, 4.73156E-03
-5.40932E-08, -9.67606E-03, -1.056593E-02, 4.43648E-03
-5.40869E-08, -7.04142E-03, -9.72284E-03, 4.22571E-03
-5.40807E-08, -3.87986E-03, -8.87976E-03, 3.88848E-03
-5.40744E-08, -1.24522E-03, -7.72052E-03, 3.50909E-03
-5.40682E-08, 8.6249E-04, -6.98282E-03, 3.17186E-03
-5.40619E-08, 3.49713E-03, -6.24512E-03, 2.79247E-03
-5.40557E-08, 6.65870E-03, -5.40204E-03, 2.37093E-03
-5.40494E-08, 8.76641E-03, -4.55895E-03, 1.99154E-03
-5.40432E-08, 1.140105E-02, -3.50509E-03, 1.52784E-03
-5.40369E-08, 1.298183E-02, -2.87278E-03, 1.14845E-03
-5.40307E-08, 1.561647E-02, -2.13508E-03, 8.1122E-04
-5.40244E-08, 1.719726E-02, -1.39738E-03, 4.7399E-04
-5.40182E-08, 1.877804E-02, -7.6507E-04, 9.460E-05
-5.40119E-08, 2.246654E-02, -3.4353E-04, -1.5833E-04
-5.40057E-08, 2.193961E-02, 2.8879E-04, -4.1125E-04
-5.39994E-08, 2.352039E-02, 8.1571E-04, -6.6418E-04
-5.39932E-08, 2.404732E-02, 1.23726E-03, -7.9064E-04
-5.39869E-08, 2.510118E-02, 1.65880E-03, -8.7495E-04
-5.39807E-08, 2.510118E-02, 1.97495E-03, -9.1710E-04
-5.39744E-08, 2.562810E-02, 1.97495E-03, -8.7495E-04
-5.39682E-08, 2.510118E-02, 2.29111E-03, -8.7495E-04
-5.39619E-08, 2.510118E-02, 2.29111E-03, -7.9064E-04
-5.39557E-08, 2.457425E-02, 2.39650E-03, -6.6418E-04
-5.39494E-08, 2.299346E-02, 2.50188E-03, -4.9556E-04
-5.39432E-08, 2.246654E-02, 2.50188E-03, -2.0048E-04
-5.39369E-08, 2.193961E-02, 2.29111E-03, 5.244E-05
-5.39307E-08, 1.877804E-02, 2.18573E-03, 3.8968E-04
-5.39244E-08, 1.719726E-02, 2.29111E-03, 6.4260E-04
-5.39182E-08, 1.456262E-02, 1.97495E-03, 9.7984E-04
-5.39119E-08, 1.350876E-02, 1.86957E-03, 1.27492E-03
-5.39057E-08, 1.087412E-02, 1.44803E-03, 1.65431E-03
-5.38994E-08, 7.18563E-03, 1.44803E-03, 1.99154E-03
-5.38932E-08, 5.07792E-03, 1.13187E-03, 2.24446E-03
-5.38869E-08, 1.91635E-03, 1.02648E-03, 2.53954E-03
-5.38807E-08, -1.77215E-03, 9.2110E-04, 2.79247E-03
-5.38744E-08, -4.93371E-03, 7.1033E-04, 3.04540E-03
-5.38682E-08, -7.56835E-03, 4.9956E-04, 3.25617E-03
-5.38619E-08, -1.072992E-02, 2.8879E-04, 3.55125E-03
-5.38557E-08, -1.389149E-02, 1.8340E-04, 3.67771E-03
-5.38494E-08, -1.757998E-02, 1.8340E-04, 3.80417E-03
-5.38432E-08, -1.968769E-02, -2.737E-05, 3.93063E-03
-5.38369E-08, -2.179541E-02, -1.3276E-04, 3.97279E-03
-5.38307E-08, -2.495697E-02, -2.737E-05, 4.09925E-03
-5.38244E-08, -2.706468E-02, 7.801E-05, 4.18356E-03
-5.38182E-08, -2.969932E-02, -2.737E-05, 4.18356E-03
-5.38119E-08, -3.022625E-02, 7.801E-05, 4.14140E-03
-5.38057E-08, -3.233396E-02, 7.801E-05, 4.18356E-03
-5.37994E-08, -3.286089E-02, 7.801E-05, 4.18356E-03
-5.37932E-08, -3.338782E-02, -2.737E-05, 4.14140E-03
-5.37869E-08, -3.286089E-02, 7.801E-05, 4.09925E-03
-5.37807E-08, -3.286089E-02, -1.3276E-04, 4.09925E-03
-5.37744E-08, -3.128011E-02, -2.737E-05, 4.09925E-03
-5.37682E-08, -3.022625E-02, -2.3814E-04, 4.14140E-03
-5.37619E-08, -2.864547E-02, -4.4891E-04, 4.18356E-03
-5.37557E-08, -2.548390E-02, -8.7046E-04, 4.14140E-03
-5.37494E-08, -2.390312E-02, -9.7584E-04, 4.22571E-03
-5.37432E-08, -1.968769E-02, -1.39738E-03, 4.31002E-03
-5.37369E-08, -1.757998E-02, -1.92431E-03, 4.39433E-03
-5.37307E-08, -1.389149E-02, -2.45124E-03, 4.47864E-03
-5.37244E-08, -9.67606E-03, -2.87278E-03, 4.64726E-03
-5.37182E-08, -6.51450E-03, -3.50509E-03, 4.73156E-03
-5.37119E-08, -2.29907E-03, -4.03202E-03, 4.85803E-03
-5.37057E-08, 1.38942E-03, -4.66434E-03, 5.06880E-03
-5.36994E-08, 5.07792E-03, -5.40204E-03, 5.19526E-03
-5.36932E-08, 8.23948E-03, -6.24512E-03, 5.36388E-03
-5.36869E-08, 1.140105E-02, -6.87743E-03, 5.36388E-03
-5.36807E-08, 1.456262E-02, -7.50975E-03, 5.57465E-03
-5.36744E-08, 1.825111E-02, -8.45822E-03, 5.70111E-03
-5.36682E-08, 1.877804E-02, -9.09053E-03, 5.86973E-03
-5.36619E-08, 2.141268E-02, -9.82823E-03, 5.95404E-03
-5.36557E-08, 2.246654E-02, -1.046054E-02, 5.99619E-03
-5.36494E-08, 2.352039E-02, -1.098747E-02, 6.03834E-03
-5.36432E-08, 2.352039E-02, -1.161978E-02, 6.08050E-03
-5.36369E-08, 2.352039E-02, -1.193594E-02, 6.08050E-03
-5.36307E-08, 2.246654E-02, -1.256825E-02, 6.08050E-03
-5.36244E-08, 2.141268E-02, -1.267364E-02, 6.03834E-03
-5.36182E-08, 1.930497E-02, -1.298980E-02, 5.99619E-03
-5.36119E-08, 1.825111E-02, -1.298980E-02, 5.82757E-03
-5.36057E-08, 1.508955E-02, -1.320057E-02, 5.70111E-03
-5.35994E-08, 1.087412E-02, -1.309518E-02, 5.53249E-03
-5.35932E-08, 9.29334E-03, -1.288441E-02, 5.36388E-03
-5.35869E-08, 5.07792E-03, -1.256825E-02, 5.11095E-03
-5.35807E-08, 8.6249E-04, -1.246287E-02, 4.94234E-03
-5.35744E-08, -1.77215E-03, -1.183056E-02, 4.68941E-03
-5.35682E-08, -5.46064E-03, -1.172517E-02, 4.52079E-03
-5.35619E-08, -9.67606E-03, -1.109286E-02, 4.22571E-03
-5.35557E-08, -1.283763E-02, -1.046054E-02, 3.93063E-03
-5.35494E-08, -1.599920E-02, -9.82823E-03, 3.63555E-03
-5.35432E-08, -1.916077E-02, -9.51207E-03, 3.42478E-03
-5.35369E-08, -2.232233E-02, -8.77437E-03, 3.12970E-03
-5.35307E-08, -2.443004E-02, -8.45822E-03, 2.83462E-03
-5.35244E-08, -2.653776E-02, -8.03667E-03, 2.66601E-03
-5.35182E-08, -2.811854E-02, -7.72052E-03, 2.41308E-03
-5.35119E-08, -2.969932E-02, -7.19359E-03, 2.11800E-03
-5.35057E-08, -2.969932E-02, -6.98282E-03, 1.90723E-03
-5.34994E-08, -3.128011E-02, -6.45589E-03, 1.69646E-03
-5.34932E-08, -3.075318E-02, -6.45589E-03, 1.40138E-03
-5.34869E-08, -3.022625E-02, -6.13973E-03, 1.19061E-03
-5.34807E-08, -3.022625E-02, -6.35051E-03, 9.7984E-04
-5.34744E-08, -2.917239E-02, -6.13973E-03, 7.2691E-04
-5.34682E-08, -2.653776E-02, -6.35051E-03, 6.4260E-04
-5.34619E-08, -2.653776E-02, -6.56128E-03, 3.8968E-04
-5.34557E-08, -2.390312E-02, -6.66666E-03, 1.7891E-04
-5.34494E-08, -2.179541E-02, -6.77205E-03, 5.244E-05
-5.34432E-08, -2.021462E-02, -7.19359E-03, -1.1617E-04
-5.34369E-08, -1.757998E-02, -7.40436E-03, -3.2694E-04
-5.34307E-08, -1.547227E-02, -7.72052E-03, -4.5341E-04
-5.34244E-08, -1.283763E-02, -8.24745E-03, -4.9556E-04
-5.34182E-08, -1.020299E-02, -8.45822E-03, -6.2202E-04
-5.34119E-08, -7.56835E-03, -8.66899E-03, -7.4849E-04
-5.34057E-08, -5.98757E-03, -8.98515E-03, -8.3279E-04
-5.33994E-08, -3.87986E-03, -9.30130E-03, -8.7495E-04
-5.33932E-08, -1.77215E-03, -9.40669E-03, -9.1710E-04
-5.33869E-08, 3.3557E-04, -9.40669E-03, -1.04357E-03
-5.33807E-08, 2.97021E-03, -9.51207E-03, -9.1710E-04
-5.33744E-08, 4.55099E-03, -9.40669E-03, -8.7495E-04
-5.33682E-08, 6.13177E-03, -9.51207E-03, -8.7495E-04
-5.33619E-08, 8.23948E-03, -9.19592E-03, -7.0633E-04
-5.33557E-08, 9.29334E-03, -8.98515E-03, -6.6418E-04
-5.33494E-08, 1.192798E-02, -8.77437E-03, -5.3771E-04
-5.33432E-08, 1.298183E-02, -8.35283E-03, -3.6910E-04
-5.33369E-08, 1.561647E-02, -8.24745E-03, -2.4263E-04
-5.33307E-08, 1.614340E-02, -7.72052E-03, 9.460E-05
-5.33244E-08, 1.772419E-02, -7.29898E-03, 3.4752E-04
-5.33182E-08, 1.930497E-02, -6.98282E-03, 6.4260E-04
-5.33119E-08, 2.088575E-02, -6.35051E-03, 8.5338E-04
-5.33057E-08, 2.246654E-02, -5.82358E-03, 1.19061E-03
-5.32994E-08, 2.352039E-02, -5.50742E-03, 1.52784E-03
-5.32932E-08, 2.510118E-02, -5.29665E-03, 1.82292E-03
-5.32869E-08, 2.668196E-02, -4.66434E-03, 2.11800E-03
-5.32807E-08, 2.773582E-02, -4.45356E-03, 2.37093E-03
-5.32744E-08, 2.878967E-02, -4.13741E-03, 2.66601E-03
-5.32682E-08, 3.037046E-02, -3.92664E-03, 2.96109E-03
-5.32619E-08, 3.195124E-02, -3.82125E-03, 3.29832E-03
-5.32557E-08, 3.195124E-02, -3.61048E-03, 3.42478E-03
-5.32494E-08, 3.195124E-02, -3.71587E-03, 3.63555E-03
-5.32432E-08, 3.247816E-02, -3.50509E-03, 3.80417E-03
-5.32369E-08, 3.300510E-02, -3.61048E-03, 3.88848E-03
-5.32307E-08, 3.247816E-02, -3.71587E-03, 4.05710E-03
-5.32244E-08, 3.247816E-02, -3.71587E-03, 4.05710E-03
-5.32182E-08, 3.089738E-02, -3.71587E-03, 4.05710E-03
-5.32119E-08, 3.089738E-02, -4.03202E-03, 4.01494E-03
-5.32057E-08, 2.931660E-02, -4.13741E-03, 3.97279E-03
-5.31994E-08, 2.720889E-02, -4.13741E-03, 3.88848E-03
-5.31932E-08, 2.510118E-02, -4.24279E-03, 3.71986E-03
-5.31869E-08, 2.299346E-02, -4.24279E-03, 3.46694E-03
-5.31807E-08, 2.035883E-02, -4.24279E-03, 3.25617E-03
-5.31744E-08, 1.772419E-02, -3.92664E-03, 3.00324E-03
-5.31682E-08, 1.350876E-02, -3.82125E-03, 2.70816E-03
-5.31619E-08, 1.140105E-02, -3.61048E-03, 2.45524E-03
-5.31557E-08, 7.71256E-03, -3.18894E-03, 2.11800E-03
-5.31494E-08, 4.55099E-03, -2.55662E-03, 1.73861E-03
-5.31432E-08, 8.6249E-04, -1.92431E-03, 1.52784E-03
-5.31369E-08, -1.77215E-03, -1.39738E-03, 1.06415E-03
-5.31307E-08, -4.93371E-03, -6.5968E-04, 7.6907E-04
-5.31244E-08, -8.09528E-03, 1.8340E-04, 5.5830E-04
-5.31182E-08, -1.020299E-02, 9.2110E-04, 3.0537E-04
-5.31119E-08, -1.178377E-02, 1.86957E-03, -3.186E-05
-5.31057E-08, -1.441841E-02, 2.92343E-03, -1.5833E-04
-5.30994E-08, -1.547227E-02, 3.76651E-03, -3.6910E-04
-5.30932E-08, -1.599920E-02, 4.71498E-03, -4.9556E-04
-5.30869E-08, -1.705305E-02, 5.55806E-03, -6.6418E-04
-5.30807E-08, -1.652613E-02, 6.61192E-03, -7.4849E-04
-5.30744E-08, -1.599920E-02, 7.66578E-03, -8.3279E-04
-5.30682E-08, -1.441841E-02, 8.19270E-03, -8.7495E-04
-5.30619E-08, -1.283763E-02, 8.82502E-03, -7.9064E-04
-5.30557E-08, -1.125685E-02, 9.35195E-03, -7.4849E-04
-5.30494E-08, -8.62221E-03, 9.98426E-03, -7.0633E-04
-5.30432E-08, -5.98757E-03, 1.019503E-02, -7.0633E-04
-5.30369E-08, -4.40678E-03, 1.061657E-02, -5.7987E-04
-5.30307E-08, -7.1829E-04, 1.040580E-02, -4.5341E-04
-5.30244E-08, 1.91635E-03, 1.051119E-02, -2.8479E-04
-5.30182E-08, 5.07792E-03, 1.019503E-02, -7.402E-05
-5.30119E-08, 8.76641E-03, 9.87887E-03, -3.186E-05
-5.30057E-08, 1.034720E-02, 9.03579E-03, 1.7891E-04
-5.29994E-08, 1.298183E-02, 8.29809E-03, 3.0537E-04
-5.29932E-08, 1.561647E-02, 7.66578E-03, 3.4752E-04
-5.29869E-08, 1.614340E-02, 6.71731E-03, 4.3183E-04
-5.29807E-08, 1.877804E-02, 5.55806E-03, 6.4260E-04
-5.29744E-08, 1.930497E-02, 4.50421E-03, 7.2691E-04
-5.29682E-08, 1.825111E-02, 3.34497E-03, 7.6907E-04
-5.29619E-08, 1.719726E-02, 2.18573E-03, 8.1122E-04
-5.29557E-08, 1.561647E-02, 1.02648E-03, 8.5338E-04
-5.29494E-08, 1.403569E-02, -3.4353E-04, 8.5338E-04
-5.29432E-08, 1.087412E-02, -1.60815E-03, 8.9553E-04
-5.29369E-08, 8.23948E-03, -2.66201E-03, 8.5338E-04
-5.29307E-08, 4.55099E-03, -3.71587E-03, 8.9553E-04
-5.29244E-08, 3.3557E-04, -4.87511E-03, 8.5338E-04
-5.29182E-08, -4.40678E-03, -5.82358E-03, 8.5338E-04
-5.29119E-08, -9.14914E-03, -6.77205E-03, 7.6907E-04
-5.29057E-08, -1.494534E-02, -7.50975E-03, 6.8476E-04
-5.28994E-08, -2.074155E-02, -8.24745E-03, 6.8476E-04
-5.28932E-08, -2.548390E-02, -8.77437E-03, 6.0045E-04
-5.28869E-08, -3.022625E-02, -9.09053E-03, 5.5830E-04
-5.28807E-08, -3.602246E-02, -9.51207E-03, 5.5830E-04
-5.28744E-08, -4.076481E-02, -9.61746E-03, 4.7399E-04
-5.28682E-08, -4.498023E-02, -9.72284E-03, 4.7399E-04
-5.28619E-08, -4.919565E-02, -9.72284E-03, 5.1614E-04
-5.28557E-08, -5.288415E-02, -9.51207E-03, 3.8968E-04
-5.28494E-08, -5.499186E-02, -9.30130E-03, 4.7399E-04
-5.28432E-08, -5.815343E-02, -9.09053E-03, 4.3183E-04
-5.28369E-08, -5.868036E-02, -8.56360E-03, 3.8968E-04
-5.28307E-08, -5.973421E-02, -8.14206E-03, 4.7399E-04
-5.28244E-08, -5.973421E-02, -7.82590E-03, 4.7399E-04
-5.28182E-08, -5.973421E-02, -7.40436E-03, 4.3183E-04
-5.28119E-08, -5.709957E-02, -6.66666E-03, 3.4752E-04
-5.28057E-08, -5.499186E-02, -6.13973E-03, 3.8968E-04
-5.27994E-08, -5.235722E-02, -5.61281E-03, 3.0537E-04
-5.27932E-08, -4.919565E-02, -5.29665E-03, 3.0537E-04
-5.27869E-08, -4.445330E-02, -4.87511E-03, 1.3675E-04
-5.27807E-08, -4.076481E-02, -4.45356E-03, 9.460E-05
-5.27744E-08, -3.602246E-02, -4.24279E-03, -3.186E-05
-5.27682E-08, -3.075318E-02, -3.82125E-03, -7.402E-05
-5.27619E-08, -2.601083E-02, -3.92664E-03, -2.4263E-04
-5.27557E-08, -2.126848E-02, -3.71587E-03, -4.9556E-04
-5.27494E-08, -1.547227E-02, -3.50509E-03, -6.6418E-04
-5.27432E-08, -1.020299E-02, -3.50509E-03, -8.3279E-04
-5.27369E-08, -5.98757E-03, -3.29432E-03, -1.08572E-03
-5.27307E-08, -1.77215E-03, -3.18894E-03, -1.25434E-03
-5.27244E-08, 1.91635E-03, -3.39971E-03, -1.46511E-03
-5.27182E-08, 5.07792E-03, -3.29432E-03, -1.71803E-03
-5.27119E-08, 8.76641E-03, -3.50509E-03, -1.97096E-03
-5.27057E-08, 9.82027E-03, -3.71587E-03, -2.01311E-03
-5.26994E-08, 1.087412E-02, -3.82125E-03, -2.30819E-03
-5.26932E-08, 1.298183E-02, -3.82125E-03, -2.47681E-03
-5.26869E-08, 1.350876E-02, -3.71587E-03, -2.56112E-03
-5.26807E-08, 1.298183E-02, -3.92664E-03, -2.72973E-03
-5.26744E-08, 1.192798E-02, -4.13741E-03, -2.85620E-03
-5.26682E-08, 1.140105E-02, -4.03202E-03, -2.85620E-03
-5.26619E-08, 1.034720E-02, -4.24279E-03, -2.81404E-03
-5.26557E-08, 7.71256E-03, -4.24279E-03, -2.85620E-03
-5.26494E-08, 5.60485E-03, -4.34818E-03, -2.77189E-03
-5.26432E-08, 2.97021E-03, -4.45356E-03, -2.60327E-03
-5.26369E-08, 1.38942E-03, -4.34818E-03, -2.51896E-03
-5.26307E-08, -2.29907E-03, -4.13741E-03, -2.22388E-03
-5.26244E-08, -4.93371E-03, -4.13741E-03, -2.05527E-03
-5.26182E-08, -7.56835E-03, -4.24279E-03, -1.76019E-03
-5.26119E-08, -9.14914E-03, -4.03202E-03, -1.50726E-03
-5.26057E-08, -1.125685E-02, -4.03202E-03, -1.29649E-03
-5.25994E-08, -1.389149E-02, -4.03202E-03, -8.7495E-04
-5.25932E-08, -1.441841E-02, -3.92664E-03, -5.7987E-04
-5.25869E-08, -1.389149E-02, -4.03202E-03, -3.2694E-04
-5.25807E-08, -1.547227E-02, -3.92664E-03, 1.029E-05
-5.25744E-08, -1.547227E-02, -3.82125E-03, 2.2106E-04
-5.25682E-08, -1.336456E-02, -3.71587E-03, 5.1614E-04
-5.25619E-08, -1.336456E-02, -3.71587E-03, 8.1122E-04
-5.25557E-08, -1.125685E-02, -3.82125E-03, 9.7984E-04
-5.25494E-08, -8.62221E-03, -3.82125E-03, 1.19061E-03
-5.25432E-08, -6.51450E-03, -3.92664E-03, 1.23276E-03
-5.25369E-08, -3.87986E-03, -3.92664E-03, 1.31707E-03
-5.25307E-08, -1.9136E-04, -4.13741E-03, 1.35923E-03
-5.25244E-08, 3.49713E-03, -4.24279E-03, 1.48569E-03
-5.25182E-08, 6.13177E-03, -4.24279E-03, 1.40138E-03
-5.25119E-08, 1.034720E-02, -4.24279E-03, 1.31707E-03
-5.25057E-08, 1.298183E-02, -4.45356E-03, 1.19061E-03
-5.24994E-08, 1.667033E-02, -4.66434E-03, 1.06415E-03
-5.24932E-08, 1.983190E-02, -4.55895E-03, 8.9553E-04
-5.24869E-08, 2.299346E-02, -4.45356E-03, 6.4260E-04
-5.24807E-08, 2.562810E-02, -4.87511E-03, 4.7399E-04
-5.24744E-08, 2.720889E-02, -4.76972E-03, 3.4752E-04
-5.24682E-08, 2.826274E-02, -4.66434E-03, 5.244E-05
-5.24619E-08, 2.931660E-02, -4.76972E-03, -3.186E-05
-5.24557E-08, 2.984353E-02, -4.76972E-03, -2.4263E-04
-5.24494E-08, 2.931660E-02, -4.55895E-03, -2.8479E-04
-5.24432E-08, 2.773582E-02, -4.76972E-03, -4.1125E-04
-5.24369E-08, 2.773582E-02, -4.55895E-03, -3.6910E-04
-5.24307E-08, 2.510118E-02, -4.66434E-03, -4.1125E-04
-5.24244E-08, 2.299346E-02, -4.55895E-03, -3.6910E-04
-5.24182E-08, 1.930497E-02, -4.55895E-03, -1.1617E-04
-5.24119E-08, 1.508955E-02, -4.55895E-03, 1.029E-05
-5.24057E-08, 9.82027E-03, -4.45356E-03, 2.2106E-04
-5.23994E-08, 5.60485E-03, -4.55895E-03, 5.1614E-04
-5.23932E-08, 3.3557E-04, -4.45356E-03, 8.9553E-04
-5.23869E-08, -4.93371E-03, -4.55895E-03, 1.23276E-03
-5.23807E-08, -1.125685E-02, -4.66434E-03, 1.69646E-03
-5.23744E-08, -1.652613E-02, -4.76972E-03, 2.07585E-03
-5.23682E-08, -2.179541E-02, -4.87511E-03, 2.66601E-03
-5.23619E-08, -2.759161E-02, -4.98049E-03, 3.08755E-03
-5.23557E-08, -3.391474E-02, -5.19126E-03, 3.55125E-03
-5.23494E-08, -3.865710E-02, -5.40204E-03, 3.97279E-03
-5.23432E-08, -4.339945E-02, -5.71819E-03, 4.43648E-03
-5.23369E-08, -4.814180E-02, -5.92896E-03, 4.77372E-03
-5.23307E-08, -5.235722E-02, -6.45589E-03, 5.11095E-03
-5.23244E-08, -5.604572E-02, -6.87743E-03, 5.36388E-03
-5.23182E-08, -5.920728E-02, -7.19359E-03, 5.57465E-03
-5.23119E-08, -6.078807E-02, -7.40436E-03, 5.70111E-03
-5.23057E-08, -6.342271E-02, -8.03667E-03, 5.74327E-03
-5.22994E-08, -6.500349E-02, -8.35283E-03, 5.70111E-03
-5.22932E-08, -6.500349E-02, -8.98515E-03, 5.53249E-03
-5.22869E-08, -6.447656E-02, -9.30130E-03, 5.32172E-03
-5.22807E-08, -6.447656E-02, -9.72284E-03, 4.94234E-03
-5.22744E-08, -6.342271E-02, -1.003900E-02, 4.56295E-03
-5.22682E-08, -6.078807E-02, -1.056593E-02, 4.09925E-03
-5.22619E-08, -5.920728E-02, -1.098747E-02, 3.59340E-03
-5.22557E-08, -5.657265E-02, -1.130363E-02, 3.00324E-03
-5.22494E-08, -5.393801E-02, -1.140901E-02, 2.32877E-03
-5.22432E-08, -4.919565E-02, -1.172517E-02, 1.69646E-03
-5.22369E-08, -4.656101E-02, -1.193594E-02, 9.7984E-04
-5.22307E-08, -4.287252E-02, -1.235748E-02, 3.0537E-04
-5.22244E-08, -3.865710E-02, -1.256825E-02, -3.6910E-04
-5.22182E-08, -3.549553E-02, -1.235748E-02, -1.04357E-03
-5.22119E-08, -3.075318E-02, -1.256825E-02, -1.71803E-03
-5.22057E-08, -2.811854E-02, -1.256825E-02, -2.18173E-03
-5.21994E-08, -2.390312E-02, -1.267364E-02, -2.77189E-03
-5.21932E-08, -2.074155E-02, -1.246287E-02, -3.15128E-03
-5.21869E-08, -1.705305E-02, -1.214671E-02, -3.57282E-03
-5.21807E-08, -1.389149E-02, -1.204133E-02, -3.69928E-03
-5.21744E-08, -1.125685E-02, -1.183056E-02, -3.95221E-03
-5.21682E-08, -8.62221E-03, -1.161978E-02, -3.91005E-03
-5.21619E-08, -7.56835E-03, -1.130363E-02, -3.86790E-03
-5.21557E-08, -5.46064E-03, -1.088209E-02, -3.69928E-03
-5.21494E-08, -3.87986E-03, -1.024977E-02, -3.40420E-03
-5.21432E-08, -3.35293E-03, -9.93362E-03, -3.02481E-03
-5.21369E-08, -2.82600E-03, -9.30130E-03, -2.56112E-03
-5.21307E-08, -1.77215E-03, -8.87976E-03, -1.97096E-03
-5.21244E-08, -1.24522E-03, -8.35283E-03, -1.38080E-03
-5.21182E-08, -2.29907E-03, -7.61513E-03, -7.0633E-04
-5.21119E-08, -1.77215E-03, -6.77205E-03, -7.402E-05
-5.21057E-08, -2.29907E-03, -6.24512E-03, 7.2691E-04
-5.20994E-08, -2.82600E-03, -5.61281E-03, 1.40138E-03
-5.20932E-08, -3.87986E-03, -4.66434E-03, 2.20231E-03
-5.20869E-08, -4.40678E-03, -3.92664E-03, 2.83462E-03
-5.20807E-08, -4.93371E-03, -2.87278E-03, 3.55125E-03
-5.20744E-08, -5.98757E-03, -1.92431E-03, 4.22571E-03
-5.20682E-08, -5.98757E-03, -1.18661E-03, 4.73156E-03
-5.20619E-08, -7.04142E-03, -4.4891E-04, 5.11095E-03
-5.20557E-08, -8.09528E-03, 4.9956E-04, 5.53249E-03
-5.20494E-08, -7.56835E-03, 1.55341E-03, 5.82757E-03
-5.20432E-08, -8.09528E-03, 2.29111E-03, 6.03834E-03
-5.20369E-08, -8.09528E-03, 3.23958E-03, 6.08050E-03
-5.20307E-08, -8.62221E-03, 4.18805E-03, 6.12265E-03
-5.20244E-08, -8.62221E-03, 4.82037E-03, 6.03834E-03
-5.20182E-08, -8.09528E-03, 5.66345E-03, 5.78542E-03
-5.20119E-08, -7.04142E-03, 6.40115E-03, 5.40603E-03
-5.20057E-08, -7.56835E-03, 7.03346E-03, 5.11095E-03
-5.19994E-08, -6.51450E-03, 7.45500E-03, 4.73156E-03
-5.19932E-08, -5.98757E-03, 8.19270E-03, 4.22571E-03
-5.19869E-08, -4.93371E-03, 8.50886E-03, 3.59340E-03
-5.19807E-08, -4.40678E-03, 8.61425E-03, 3.04540E-03
-5.19744E-08, -3.35293E-03, 8.93040E-03, 2.49739E-03
-5.19682E-08, -2.82600E-03, 9.24656E-03, 1.94939E-03
-5.19619E-08, -1.77215E-03, 9.03579E-03, 1.35923E-03
-5.19557E-08, -1.9136E-04, 8.93040E-03, 8.1122E-04
-5.19494E-08, 3.3557E-04, 8.82502E-03, 3.0537E-04
-5.19432E-08, 3.3557E-04, 8.40348E-03, -1.5833E-04
-5.19369E-08, 1.91635E-03, 7.87655E-03, -5.3771E-04
-5.19307E-08, 3.49713E-03, 7.34962E-03, -8.3279E-04
-5.19244E-08, 2.97021E-03, 6.61192E-03, -1.12787E-03
-5.19182E-08, 3.49713E-03, 5.97961E-03, -1.33864E-03
-5.19119E-08, 5.60485E-03, 5.24191E-03, -1.50726E-03
-5.19057E-08, 5.60485E-03, 4.39882E-03, -1.46511E-03
-5.18994E-08, 6.13177E-03, 3.34497E-03, -1.46511E-03
-5.18932E-08, 6.65870E-03, 2.29111E-03, -1.29649E-03
-5.18869E-08, 7.18563E-03, 1.34264E-03, -1.17003E-03
-5.18807E-08, 7.18563E-03, 7.801E-05, -9.1710E-04
-5.18744E-08, 7.18563E-03, -8.7046E-04, -6.6418E-04
-5.18682E-08, 7.18563E-03, -2.24047E-03, -3.2694E-04
-5.18619E-08, 7.18563E-03, -3.18894E-03, 1.029E-05
-5.18557E-08, 7.71256E-03, -4.24279E-03, 4.3183E-04
-5.18494E-08, 7.71256E-03, -5.40204E-03, 7.6907E-04
-5.18432E-08, 7.71256E-03, -6.66666E-03, 1.19061E-03
-5.18369E-08, 7.71256E-03, -7.72052E-03, 1.61215E-03
-5.18307E-08, 7.71256E-03, -8.66899E-03, 1.94939E-03
-5.18244E-08, 6.65870E-03, -9.72284E-03, 2.32877E-03
-5.18182E-08, 6.13177E-03, -1.056593E-02, 2.53954E-03
-5.18119E-08, 6.65870E-03, -1.161978E-02, 2.83462E-03
-5.18057E-08, 5.60485E-03, -1.256825E-02, 3.08755E-03
-5.17994E-08, 5.07792E-03, -1.330595E-02, 3.17186E-03
-5.17932E-08, 4.02406E-03, -1.404365E-02, 3.21401E-03
-5.17869E-08, 3.49713E-03, -1.467597E-02, 3.29832E-03
-5.17807E-08, 1.91635E-03, -1.530828E-02, 3.25617E-03
-5.17744E-08, 1.38942E-03, -1.562444E-02, 3.21401E-03
-5.17682E-08, 8.6249E-04, -1.615136E-02, 3.12970E-03
-5.17619E-08, -1.24522E-03, -1.636213E-02, 2.91893E-03
-5.17557E-08, -2.29907E-03, -1.678368E-02, 2.70816E-03
-5.17494E-08, -3.87986E-03, -1.688906E-02, 2.45524E-03
-5.17432E-08, -5.98757E-03, -1.699445E-02, 2.28662E-03
-5.17369E-08, -6.51450E-03, -1.688906E-02, 2.03369E-03
-5.17307E-08, -8.62221E-03, -1.688906E-02, 1.73861E-03
-5.17244E-08, -8.62221E-03, -1.678368E-02, 1.48569E-03
-5.17182E-08, -1.072992E-02, -1.625675E-02, 1.27492E-03
-5.17119E-08, -1.178377E-02, -1.604598E-02, 9.7984E-04
-5.17057E-08, -1.283763E-02, -1.551905E-02, 8.1122E-04
-5.16994E-08, -1.389149E-02, -1.499212E-02, 5.5830E-04
-5.16932E-08, -1.494534E-02, -1.425442E-02, 4.3183E-04
-5.16869E-08, -1.599920E-02, -1.362211E-02, 3.0537E-04
-5.16807E-08, -1.599920E-02, -1.288441E-02, 1.7891E-04
-5.16744E-08, -1.652613E-02, -1.204133E-02, 9.460E-05
-5.16682E-08, -1.705305E-02, -1.109286E-02, 5.244E-05
-5.16619E-08, -1.705305E-02, -1.014439E-02, 9.460E-05
-5.16557E-08, -1.599920E-02, -9.19592E-03, 5.244E-05
-5.16494E-08, -1.652613E-02, -8.03667E-03, 9.460E-05
-5.16432E-08, -1.599920E-02, -6.98282E-03, 1.7891E-04
-5.16369E-08, -1.494534E-02, -5.82358E-03, 2.2106E-04
-5.16307E-08, -1.336456E-02, -4.66434E-03, 2.6322E-04
-5.16244E-08, -1.231070E-02, -3.71587E-03, 3.4752E-04
-5.16182E-08, -1.125685E-02, -2.55662E-03, 4.3183E-04
-5.16119E-08, -9.14914E-03, -1.50277E-03, 4.7399E-04
-5.16057E-08, -8.62221E-03, -5.5430E-04, 5.1614E-04
-5.15994E-08, -5.98757E-03, 6.0494E-04, 5.5830E-04
-5.15932E-08, -4.40678E-03, 1.44803E-03, 5.1614E-04
-5.15869E-08, -2.29907E-03, 2.29111E-03, 5.1614E-04
-5.15807E-08, -1.24522E-03, 3.02881E-03, 4.3183E-04
-5.15744E-08, 8.6249E-04, 3.66112E-03, 3.4752E-04
-5.15682E-08, 2.44328E-03, 4.08267E-03, 1.7891E-04
-5.15619E-08, 4.02406E-03, 4.50421E-03, 1.3675E-04
-5.15557E-08, 6.13177E-03, 4.92575E-03, -7.402E-05
-5.15494E-08, 6.13177E-03, 4.82037E-03, -2.8479E-04
-5.15432E-08, 7.18563E-03, 4.82037E-03, -4.1125E-04
-5.15369E-08, 7.18563E-03, 4.92575E-03, -7.0633E-04
-5.15307E-08, 7.18563E-03, 4.60959E-03, -8.7495E-04
-5.15244E-08, 7.18563E-03, 4.18805E-03, -1.04357E-03
-5.15182E-08, 6.65870E-03, 3.45035E-03, -1.25434E-03
-5.15119E-08, 6.65870E-03, 3.23958E-03, -1.42295E-03
-5.15057E-08, 5.07792E-03, 2.18573E-03, -1.59157E-03
-5.14994E-08, 2.44328E-03, 1.44803E-03, -1.63372E-03
-5.14932E-08, 2.44328E-03, 7.1033E-04, -1.67588E-03
-5.14869E-08, 3.3557E-04, -4.4891E-04, -1.67588E-03
-5.14807E-08, -2.82600E-03, -1.29200E-03, -1.50726E-03
-5.14744E-08, -5.46064E-03, -2.24047E-03, -1.42295E-03
-5.14682E-08, -7.56835E-03, -3.50509E-03, -1.25434E-03
-5.14619E-08, -9.67606E-03, -4.45356E-03, -9.5926E-04
-5.14557E-08, -1.231070E-02, -5.29665E-03, -6.2202E-04
-5.14494E-08, -1.547227E-02, -6.45589E-03, -2.4263E-04
-5.14432E-08, -1.810691E-02, -7.29898E-03, 9.460E-05
-5.14369E-08, -2.074155E-02, -8.14206E-03, 6.4260E-04
-5.14307E-08, -2.284926E-02, -8.77437E-03, 1.14845E-03
-5.14244E-08, -2.548390E-02, -9.30130E-03, 1.69646E-03
-5.14182E-08, -2.759161E-02, -9.82823E-03, 2.24446E-03
-5.14119E-08, -2.811854E-02, -1.003900E-02, 2.79247E-03
-5.14057E-08, -2.969932E-02, -1.046054E-02, 3.46694E-03
-5.13994E-08, -3.022625E-02, -1.046054E-02, 4.05710E-03
-5.13932E-08, -3.075318E-02, -1.035516E-02, 4.52079E-03
-5.13869E-08, -3.075318E-02, -1.014439E-02, 4.98449E-03
-5.13807E-08, -3.022625E-02, -9.93362E-03, 5.49034E-03
-5.13744E-08, -2.864547E-02, -9.51207E-03, 5.86973E-03
-5.13682E-08, -2.811854E-02, -8.98515E-03, 6.20696E-03
-5.13619E-08, -2.653776E-02, -8.14206E-03, 6.41773E-03
-5.13557E-08, -2.601083E-02, -7.61513E-03, 6.54420E-03
-5.13494E-08, -2.337619E-02, -6.66666E-03, 6.58635E-03
-5.13432E-08, -2.074155E-02, -5.40204E-03, 6.62850E-03
-5.13369E-08, -1.916077E-02, -4.55895E-03, 6.45989E-03
-5.13307E-08, -1.652613E-02, -3.61048E-03, 6.24912E-03
-5.13244E-08, -1.336456E-02, -2.45124E-03, 5.86973E-03
-5.13182E-08, -1.178377E-02, -1.18661E-03, 5.57465E-03
-5.13119E-08, -9.14914E-03, -2.737E-05, 4.98449E-03
-5.13057E-08, -7.04142E-03, 1.13187E-03, 4.43648E-03
-5.12994E-08, -5.46064E-03, 1.97495E-03, 3.76202E-03
-5.12932E-08, -3.35293E-03, 3.23958E-03, 3.08755E-03
-5.12869E-08, -2.29907E-03, 4.18805E-03, 2.41308E-03
-5.12807E-08, -7.1829E-04, 5.03114E-03, 1.65431E-03
-5.12744E-08, -1.9136E-04, 5.97961E-03, 8.1122E-04
-5.12682E-08, 8.6249E-04, 6.61192E-03, 1.3675E-04
-5.12619E-08, -1.9136E-04, 7.13885E-03, -5.7987E-04
-5.12557E-08, -7.1829E-04, 7.77116E-03, -1.29649E-03
-5.12494E-08, -7.1829E-04, 8.19270E-03, -1.92880E-03
-5.12432E-08, -2.29907E-03, 8.29809E-03, -2.51896E-03
-5.12369E-08, -4.40678E-03, 8.50886E-03, -3.06697E-03
-5.12307E-08, -7.04142E-03, 8.50886E-03, -3.44636E-03
-5.12244E-08, -9.67606E-03, 8.50886E-03, -3.82574E-03
-5.12182E-08, -1.231070E-02, 8.08732E-03, -4.12082E-03
-5.12119E-08, -1.494534E-02, 8.08732E-03, -4.20513E-03
-5.12057E-08, -1.968769E-02, 7.45500E-03, -4.28944E-03
-5.11994E-08, -2.179541E-02, 7.03346E-03, -4.20513E-03
-5.11932E-08, -2.601083E-02, 6.40115E-03, -4.03652E-03
-5.11869E-08, -2.864547E-02, 6.08499E-03, -3.82574E-03
-5.11807E-08, -3.286089E-02, 5.34729E-03, -3.53066E-03
-5.11744E-08, -3.602246E-02, 4.82037E-03, -3.06697E-03
-5.11682E-08, -3.971095E-02, 3.87190E-03, -2.68758E-03
-5.11619E-08, -4.234559E-02, 3.23958E-03, -2.13958E-03
-5.11557E-08, -4.550716E-02, 2.60727E-03, -1.67588E-03
-5.11494E-08, -4.866873E-02, 1.97495E-03, -1.04357E-03
-5.11432E-08, -5.024951E-02, 1.44803E-03, -5.3771E-04
-5.11369E-08, -5.288415E-02, 7.1033E-04, 5.244E-05
-5.11307E-08, -5.499186E-02, 1.8340E-04, 6.4260E-04
-5.11244E-08, -5.657265E-02, -1.3276E-04, 1.19061E-03
-5.11182E-08, -5.762650E-02, -6.5968E-04, 1.65431E-03
-5.11119E-08, -5.762650E-02, -7.6507E-04, 2.03369E-03
-5.11057E-08, -5.815343E-02, -1.18661E-03, 2.45524E-03
-5.10994E-08, -5.762650E-02, -1.08123E-03, 2.75032E-03
-5.10932E-08, -5.762650E-02, -1.18661E-03, 2.91893E-03
-5.10869E-08, -5.604572E-02, -9.7584E-04, 3.12970E-03
-5.10807E-08, -5.551879E-02, -7.6507E-04, 3.21401E-03
-5.10744E-08, -5.393801E-02, -6.5968E-04, 3.21401E-03
-5.10682E-08, -5.288415E-02, -3.4353E-04, 3.17186E-03
-5.10619E-08, -5.077644E-02, 7.801E-05, 3.00324E-03
-5.10557E-08, -4.866873E-02, 6.0494E-04, 2.79247E-03
-5.10494E-08, -4.708794E-02, 1.02648E-03, 2.49739E-03
-5.10432E-08, -4.498023E-02, 1.86957E-03, 2.24446E-03
-5.10369E-08, -4.287252E-02, 2.29111E-03, 1.90723E-03
-5.10307E-08, -4.076481E-02, 2.92343E-03, 1.57000E-03
-5.10244E-08, -3.865710E-02, 3.34497E-03, 1.14845E-03
-5.10182E-08, -3.602246E-02, 3.87190E-03, 8.9553E-04
-5.10119E-08, -3.338782E-02, 4.60959E-03, 5.1614E-04
-5.10057E-08, -3.286089E-02, 5.13652E-03, 2.2106E-04
-5.09994E-08, -2.969932E-02, 5.34729E-03, 1.029E-05
-5.09932E-08, -2.864547E-02, 5.87422E-03, -2.4263E-04
-5.09869E-08, -2.601083E-02, 6.19038E-03, -4.1125E-04
-5.09807E-08, -2.443004E-02, 6.19038E-03, -5.7987E-04
-5.09744E-08, -2.337619E-02, 6.40115E-03, -6.2202E-04
-5.09682E-08, -2.126848E-02, 6.40115E-03, -5.3771E-04
-5.09619E-08, -1.916077E-02, 6.29576E-03, -5.3771E-04
-5.09557E-08, -1.863384E-02, 6.19038E-03, -3.2694E-04
-5.09494E-08, -1.652613E-02, 5.76884E-03, -1.5833E-04
-5.09432E-08, -1.494534E-02, 5.34729E-03, 9.460E-05
-5.09369E-08, -1.283763E-02, 5.03114E-03, 3.4752E-04
-5.09307E-08, -1.231070E-02, 4.18805E-03, 7.6907E-04
-5.09244E-08, -1.125685E-02, 3.55574E-03, 1.06415E-03
-5.09182E-08, -1.020299E-02, 2.81804E-03, 1.52784E-03
-5.09119E-08, -8.09528E-03, 1.86957E-03, 1.86508E-03
-5.09057E-08, -7.56835E-03, 9.2110E-04, 2.24446E-03
-5.08994E-08, -5.98757E-03, 7.801E-05, 2.53954E-03
-5.08932E-08, -4.93371E-03, -9.7584E-04, 2.79247E-03
-5.08869E-08, -3.87986E-03, -1.81893E-03, 3.08755E-03
-5.08807E-08, -1.77215E-03, -2.97817E-03, 3.29832E-03
-5.08744E-08, -1.24522E-03, -3.92664E-03, 3.46694E-03
-5.08682E-08, 3.3557E-04, -5.08588E-03, 3.50909E-03
-5.08619E-08, 1.38942E-03, -5.92896E-03, 3.50909E-03
-5.08557E-08, 2.44328E-03, -6.87743E-03, 3.50909E-03
-5.08494E-08, 3.49713E-03, -7.72052E-03, 3.25617E-03
-5.08432E-08, 5.07792E-03, -8.45822E-03, 3.00324E-03
-5.08369E-08, 6.13177E-03, -9.19592E-03, 2.70816E-03
-5.08307E-08, 7.71256E-03, -9.72284E-03, 2.28662E-03
-5.08244E-08, 7.18563E-03, -1.024977E-02, 1.82292E-03
-5.08182E-08, 8.23948E-03, -1.046054E-02, 1.35923E-03
-5.08119E-08, 1.034720E-02, -1.067131E-02, 6.8476E-04
-5.08057E-08, 1.087412E-02, -1.088209E-02, 1.7891E-04
-5.07994E-08, 1.140105E-02, -1.088209E-02, -4.9556E-04
-5.07932E-08, 1.245491E-02, -1.056593E-02, -1.17003E-03
-5.07869E-08, 1.245491E-02, -1.014439E-02, -1.76019E-03
-5.07807E-08, 1.350876E-02, -1.024977E-02, -2.35035E-03
-5.07744E-08, 1.298183E-02, -9.51207E-03, -2.89835E-03
-5.07682E-08, 1.350876E-02, -9.09053E-03, -3.36205E-03
-5.07619E-08, 1.350876E-02, -8.24745E-03, -3.86790E-03
-5.07557E-08, 1.298183E-02, -7.72052E-03, -4.20513E-03
-5.07494E-08, 1.350876E-02, -6.87743E-03, -4.62667E-03
-5.07432E-08, 1.245491E-02, -6.03435E-03, -4.79529E-03
-5.07369E-08, 1.245491E-02, -5.19126E-03, -4.92175E-03
-5.07307E-08, 1.140105E-02, -4.34818E-03, -4.96391E-03
-5.07244E-08, 9.82027E-03, -3.50509E-03, -4.87960E-03
-5.07182E-08, 8.23948E-03, -2.45124E-03, -4.79529E-03
-5.07119E-08, 7.18563E-03, -1.60815E-03, -4.54237E-03
-5.07057E-08, 5.07792E-03, -5.5430E-04, -4.16298E-03
-5.06994E-08, 4.02406E-03, 4.9956E-04, -3.78359E-03
-5.06932E-08, 2.97021E-03, 1.02648E-03, -3.27774E-03
-5.06869E-08, 3.3557E-04, 2.08034E-03, -2.72973E-03
-5.06807E-08, -2.29907E-03, 2.71265E-03, -2.13958E-03
-5.06744E-08, -3.35293E-03, 3.45035E-03, -1.50726E-03
-5.06682E-08, -5.98757E-03, 4.08267E-03, -9.1710E-04
-5.06619E-08, -8.09528E-03, 4.60959E-03, -2.4263E-04
-5.06557E-08, -1.020299E-02, 5.03114E-03, 3.8968E-04
-5.06494E-08, -1.231070E-02, 5.66345E-03, 8.5338E-04
-5.06432E-08, -1.547227E-02, 5.97961E-03, 1.52784E-03
-5.06369E-08, -1.757998E-02, 6.40115E-03, 1.94939E-03
-5.06307E-08, -1.968769E-02, 6.71731E-03, 2.37093E-03
-5.06244E-08, -2.232233E-02, 6.92808E-03, 2.70816E-03
-5.06182E-08, -2.443004E-02, 7.03346E-03, 3.04540E-03
-5.06119E-08, -2.759161E-02, 7.45500E-03, 3.12970E-03
-5.06057E-08, -2.917239E-02, 7.24423E-03, 3.25617E-03
-5.05994E-08, -3.180704E-02, 7.56039E-03, 3.17186E-03
-5.05932E-08, -3.444167E-02, 7.66578E-03, 3.12970E-03
-5.05869E-08, -3.496860E-02, 7.56039E-03, 2.87678E-03
-5.05807E-08, -3.865710E-02, 7.77116E-03, 2.62385E-03
-5.05744E-08, -3.918403E-02, 7.77116E-03, 2.20231E-03
-5.05682E-08, -4.076481E-02, 7.77116E-03, 1.86508E-03
-5.05619E-08, -4.234559E-02, 7.77116E-03, 1.31707E-03
-5.05557E-08, -4.445330E-02, 7.98193E-03, 7.2691E-04
-5.05494E-08, -4.498023E-02, 7.77116E-03, 2.2106E-04
-5.05432E-08, -4.656101E-02, 7.77116E-03, -3.6910E-04
-5.05369E-08, -4.708794E-02, 7.98193E-03, -1.00141E-03
-5.05307E-08, -4.814180E-02, 8.08732E-03, -1.59157E-03
-5.05244E-08, -4.866873E-02, 8.08732E-03, -2.13958E-03
-5.05182E-08, -5.024951E-02, 8.19270E-03, -2.72973E-03
-5.05119E-08, -4.919565E-02, 8.29809E-03, -3.27774E-03
-5.05057E-08, -4.972258E-02, 8.29809E-03, -3.65713E-03
-5.04994E-08, -4.919565E-02, 8.29809E-03, -4.07867E-03
-5.04932E-08, -4.972258E-02, 8.29809E-03, -4.37375E-03
-5.04869E-08, -4.814180E-02, 8.29809E-03, -4.71098E-03
-5.04807E-08, -4.814180E-02, 8.29809E-03, -4.79529E-03
-5.04744E-08, -4.708794E-02, 8.29809E-03, -4.92175E-03
-5.04682E-08, -4.603409E-02, 8.19270E-03, -4.75314E-03
-5.04619E-08, -4.445330E-02, 8.08732E-03, -4.75314E-03
-5.04557E-08, -4.181866E-02, 7.66578E-03, -4.50021E-03
-5.04494E-08, -4.023788E-02, 7.66578E-03, -4.28944E-03
-5.04432E-08, -3.813017E-02, 7.24423E-03, -3.99436E-03
-5.04369E-08, -3.549553E-02, 6.71731E-03, -3.57282E-03
-5.04307E-08, -3.391474E-02, 6.08499E-03, -3.10912E-03
-5.04244E-08, -3.128011E-02, 5.76884E-03, -2.77189E-03
-5.04182E-08, -2.864547E-02, 4.92575E-03, -2.18173E-03
-5.04119E-08, -2.443004E-02, 4.29344E-03, -1.84450E-03
-5.04057E-08, -2.179541E-02, 3.34497E-03, -1.25434E-03
-5.03994E-08, -1.863384E-02, 2.50188E-03, -7.4849E-04
-5.03932E-08, -1.441841E-02, 1.55341E-03, -2.8479E-04
-5.03869E-08, -1.072992E-02, 6.0494E-04, 9.460E-05
-5.03807E-08, -7.56835E-03, -5.5430E-04, 6.0045E-04
-5.03744E-08, -3.35293E-03, -1.71354E-03, 8.1122E-04
-5.03682E-08, 3.3557E-04, -2.97817E-03, 1.14845E-03
-5.03619E-08, 3.49713E-03, -4.24279E-03, 1.44353E-03
-5.03557E-08, 7.18563E-03, -5.50742E-03, 1.61215E-03
-5.03494E-08, 1.087412E-02, -6.77205E-03, 1.78077E-03
-5.03432E-08, 1.350876E-02, -7.82590E-03, 1.78077E-03
-5.03369E-08, 1.667033E-02, -9.30130E-03, 1.73861E-03
-5.03307E-08, 1.877804E-02, -1.046054E-02, 1.69646E-03
-5.03244E-08, 2.088575E-02, -1.161978E-02, 1.61215E-03
-5.03182E-08, 2.246654E-02, -1.267364E-02, 1.48569E-03
-5.03119E-08, 2.457425E-02, -1.383288E-02, 1.27492E-03
-5.03057E-08, 2.404732E-02, -1.488674E-02, 1.02199E-03
-5.02994E-08, 2.404732E-02, -1.583521E-02, 7.6907E-04
-5.02932E-08, 2.510118E-02, -1.667829E-02, 4.3183E-04
-5.02869E-08, 2.299346E-02, -1.731060E-02, 1.7891E-04
-5.02807E-08, 2.246654E-02, -1.794292E-02, -7.402E-05
-5.02744E-08, 2.035883E-02, -1.825907E-02, -4.1125E-04
-5.02682E-08, 1.825111E-02, -1.878600E-02, -6.6418E-04
-5.02619E-08, 1.508955E-02, -1.889139E-02, -7.9064E-04
-5.02557E-08, 1.140105E-02, -1.878600E-02, -1.00141E-03
-5.02494E-08, 7.71256E-03, -1.868062E-02, -1.12787E-03
-5.02432E-08, 2.44328E-03, -1.857523E-02, -1.25434E-03
-5.02369E-08, -1.24522E-03, -1.804830E-02, -1.33864E-03
-5.02307E-08, -6.51450E-03, -1.752138E-02, -1.29649E-03
-5.02244E-08, -1.283763E-02, -1.699445E-02, -1.29649E-03
-5.02182E-08, -1.652613E-02, -1.615136E-02, -1.17003E-03
-5.02119E-08, -2.179541E-02, -1.488674E-02, -9.1710E-04
-5.02057E-08, -2.811854E-02, -1.414904E-02, -6.6418E-04
-5.01994E-08, -3.286089E-02, -1.277903E-02, -4.5341E-04
-5.01932E-08, -3.813017E-02, -1.161978E-02, -2.0048E-04
-5.01869E-08, -4.234559E-02, -1.024977E-02, 2.2106E-04
-5.01807E-08, -4.708794E-02, -8.77437E-03, 6.0045E-04
-5.01744E-08, -5.130336E-02, -7.40436E-03, 9.3768E-04
-5.01682E-08, -5.551879E-02, -5.92896E-03, 1.35923E-03
-5.01619E-08, -5.815343E-02, -4.45356E-03, 1.82292E-03
-5.01557E-08, -6.131500E-02, -2.97817E-03, 2.24446E-03
-5.01494E-08, -6.342271E-02, -1.50277E-03, 2.66601E-03
-5.01432E-08, -6.394964E-02, -2.737E-05, 3.04540E-03
-5.01369E-08, -6.447656E-02, 1.44803E-03, 3.46694E-03
-5.01307E-08, -6.500349E-02, 2.60727E-03, 3.80417E-03
-5.01244E-08, -6.447656E-02, 3.66112E-03, 4.14140E-03
-5.01182E-08, -6.342271E-02, 4.82037E-03, 4.43648E-03
-5.01119E-08, -6.026114E-02, 6.08499E-03, 4.60510E-03
-5.01057E-08, -5.868036E-02, 6.82269E-03, 4.94234E-03
-5.00994E-08, -5.551879E-02, 7.34962E-03, 5.02664E-03
-5.00932E-08, -5.130336E-02, 8.19270E-03, 5.06880E-03
-5.00869E-08, -4.814180E-02, 8.61425E-03, 5.06880E-03
-5.00807E-08, -4.392638E-02, 8.93040E-03, 4.94234E-03
-5.00744E-08, -3.918403E-02, 9.24656E-03, 4.90018E-03
-5.00682E-08, -3.496860E-02, 9.24656E-03, 4.73156E-03
-5.00619E-08, -2.864547E-02, 9.35195E-03, 4.56295E-03
-5.00557E-08, -2.337619E-02, 9.03579E-03, 4.26787E-03
-5.00494E-08, -1.916077E-02, 8.71963E-03, 3.93063E-03
-5.00432E-08, -1.389149E-02, 8.40348E-03, 3.59340E-03
-5.00369E-08, -8.62221E-03, 7.87655E-03, 3.04540E-03
-5.00307E-08, -5.46064E-03, 7.24423E-03, 2.75032E-03
-5.00244E-08, -7.1829E-04, 6.40115E-03, 2.11800E-03
-5.00182E-08, 3.49713E-03, 5.55806E-03, 1.73861E-03
-5.00119E-08, 8.23948E-03, 4.92575E-03, 1.14845E-03
-5.00057E-08, 1.087412E-02, 3.97728E-03, 7.2691E-04
-4.99994E-08, 1.403569E-02, 2.92343E-03, 1.7891E-04
-4.99932E-08, 1.667033E-02, 2.39650E-03, -3.2694E-04
-4.99869E-08, 1.825111E-02, 1.23726E-03, -8.3279E-04
-4.99807E-08, 1.983190E-02, 4.9956E-04, -1.33864E-03
-4.99744E-08, 1.983190E-02, -5.5430E-04, -1.80234E-03
-4.99682E-08, 2.141268E-02, -1.50277E-03, -2.18173E-03
-4.99619E-08, 2.193961E-02, -2.24047E-03, -2.43465E-03
-4.99557E-08, 2.141268E-02, -2.87278E-03, -2.85620E-03
-4.99494E-08, 2.088575E-02, -3.50509E-03, -3.19343E-03
-4.99432E-08, 2.035883E-02, -4.24279E-03, -3.40420E-03
-4.99369E-08, 1.983190E-02, -4.66434E-03, -3.53066E-03
-4.99307E-08, 1.825111E-02, -5.19126E-03, -3.61497E-03
-4.99244E-08, 1.772419E-02, -5.50742E-03, -3.61497E-03
-4.99182E-08, 1.667033E-02, -5.82358E-03, -3.69928E-03
-4.99119E-08, 1.508955E-02, -5.92896E-03, -3.65713E-03
-4.99057E-08, 1.403569E-02, -6.35051E-03, -3.48851E-03
-4.98994E-08, 1.298183E-02, -6.24512E-03, -3.31989E-03
-4.98932E-08, 1.245491E-02, -6.03435E-03, -3.10912E-03
-4.98869E-08, 1.192798E-02, -6.03435E-03, -2.85620E-03
-4.98807E-08, 1.087412E-02, -5.82358E-03, -2.43465E-03
-4.98744E-08, 1.034720E-02, -5.50742E-03, -2.13958E-03
-4.98682E-08, 1.087412E-02, -5.08588E-03, -1.63372E-03
-4.98619E-08, 1.034720E-02, -4.76972E-03, -1.25434E-03
-4.98557E-08, 1.087412E-02, -4.34818E-03, -7.4849E-04
-4.98494E-08, 1.140105E-02, -3.82125E-03, -2.8479E-04
-4.98432E-08, 1.245491E-02, -3.50509E-03, 2.2106E-04
-4.98369E-08, 1.298183E-02, -2.97817E-03, 7.2691E-04
-4.98307E-08, 1.403569E-02, -2.55662E-03, 1.23276E-03
-4.98244E-08, 1.508955E-02, -2.13508E-03, 1.73861E-03
-4.98182E-08, 1.561647E-02, -1.71354E-03, 2.20231E-03
-4.98119E-08, 1.825111E-02, -1.29200E-03, 2.58170E-03
-4.98057E-08, 1.877804E-02, -7.6507E-04, 3.00324E-03
-4.97994E-08, 1.983190E-02, -6.5968E-04, 3.34047E-03
-4.97932E-08, 2.088575E-02, -2.3814E-04, 3.71986E-03
-4.97869E-08, 2.193961E-02, 7.801E-05, 3.97279E-03
-4.97807E-08, 2.299346E-02, 1.8340E-04, 4.18356E-03
-4.97744E-08, 2.352039E-02, 7.801E-05, 4.31002E-03
-4.97682E-08, 2.404732E-02, 1.8340E-04, 4.43648E-03
-4.97619E-08, 2.457425E-02, -2.737E-05, 4.43648E-03
-4.97557E-08, 2.352039E-02, -2.737E-05, 4.43648E-03
-4.97494E-08, 2.457425E-02, -2.3814E-04, 4.35218E-03
-4.97432E-08, 2.299346E-02, -7.6507E-04, 4.18356E-03
-4.97369E-08, 2.193961E-02, -9.7584E-04, 3.97279E-03
-4.97307E-08, 2.035883E-02, -1.50277E-03, 3.80417E-03
-4.97244E-08, 1.877804E-02, -2.02970E-03, 3.42478E-03
-4.97182E-08, 1.719726E-02, -2.87278E-03, 3.04540E-03
-4.97119E-08, 1.403569E-02, -3.61048E-03, 2.62385E-03
-4.97057E-08, 1.192798E-02, -4.45356E-03, 2.28662E-03
-4.96994E-08, 9.29334E-03, -5.19126E-03, 1.73861E-03
-4.96932E-08, 5.60485E-03, -6.03435E-03, 1.31707E-03
-4.96869E-08, 3.49713E-03, -6.98282E-03, 8.5338E-04
-4.96807E-08, -1.77215E-03, -8.14206E-03, 4.3183E-04
-4.96744E-08, -3.87986E-03, -8.77437E-03, -3.186E-05
-4.96682E-08, -8.09528E-03, -9.82823E-03, -4.1125E-04
-4.96619E-08, -1.178377E-02, -1.067131E-02, -8.3279E-04
-4.96557E-08, -1.547227E-02, -1.161978E-02, -1.33864E-03
-4.96494E-08, -1.863384E-02, -1.246287E-02, -1.59157E-03
-4.96432E-08, -2.232233E-02, -1.320057E-02, -1.88665E-03
-4.96369E-08, -2.495697E-02, -1.393827E-02, -2.13958E-03
-4.96307E-08, -2.917239E-02, -1.457058E-02, -2.35035E-03
-4.96244E-08, -3.233396E-02, -1.509751E-02, -2.43465E-03
-4.96182E-08, -3.391474E-02, -1.541366E-02, -2.60327E-03
-4.96119E-08, -3.549553E-02, -1.583521E-02, -2.68758E-03
-4.96057E-08, -3.760324E-02, -1.625675E-02, -2.64543E-03
-4.95994E-08, -3.918403E-02, -1.636213E-02, -2.56112E-03
-4.95932E-08, -4.076481E-02, -1.604598E-02, -2.51896E-03
-4.95869E-08, -4.076481E-02, -1.604598E-02, -2.43465E-03
-4.95807E-08, -4.129174E-02, -1.594059E-02, -2.22388E-03
-4.95744E-08, -4.076481E-02, -1.551905E-02, -1.97096E-03
-4.95682E-08, -4.023788E-02, -1.520289E-02, -1.80234E-03
-4.95619E-08, -3.971095E-02, -1.478135E-02, -1.46511E-03
-4.95557E-08, -3.760324E-02, -1.404365E-02, -1.25434E-03
-4.95494E-08, -3.496860E-02, -1.351672E-02, -9.5926E-04
-4.95432E-08, -3.286089E-02, -1.277903E-02, -6.2202E-04
-4.95369E-08, -3.128011E-02, -1.193594E-02, -3.6910E-04
-4.95307E-08, -2.811854E-02, -1.109286E-02, -1.5833E-04
-4.95244E-08, -2.443004E-02, -1.014439E-02, 1.3675E-04
-4.95182E-08, -2.074155E-02, -9.40669E-03, 3.4752E-04
-4.95119E-08, -1.705305E-02, -8.45822E-03, 5.5830E-04
-4.95057E-08, -1.336456E-02, -7.40436E-03, 7.6907E-04
-4.94994E-08, -9.14914E-03, -6.66666E-03, 8.9553E-04
-4.94932E-08, -6.51450E-03, -6.03435E-03, 1.06415E-03
-4.94869E-08, -2.82600E-03, -5.08588E-03, 1.14845E-03
-4.94807E-08, 3.3557E-04, -4.45356E-03, 1.19061E-03
-4.94744E-08, 4.02406E-03, -3.92664E-03, 1.27492E-03
-4.94682E-08, 7.18563E-03, -3.29432E-03, 1.31707E-03
-4.94619E-08, 8.76641E-03, -2.97817E-03, 1.27492E-03
-4.94557E-08, 1.140105E-02, -2.66201E-03, 1.27492E-03
-4.94494E-08, 1.350876E-02, -2.45124E-03, 1.19061E-03
-4.94432E-08, 1.508955E-02, -2.24047E-03, 1.10630E-03
-4.94369E-08, 1.614340E-02, -2.13508E-03, 1.02199E-03
-4.94307E-08, 1.667033E-02, -2.34585E-03, 9.3768E-04
-4.94244E-08, 1.614340E-02, -2.34585E-03, 8.5338E-04
-4.94182E-08, 1.614340E-02, -2.76740E-03, 7.6907E-04
-4.94119E-08, 1.561647E-02, -2.87278E-03, 6.8476E-04
-4.94057E-08, 1.298183E-02, -3.50509E-03, 6.8476E-04
-4.93994E-08, 1.192798E-02, -3.82125E-03, 5.5830E-04
-4.93932E-08, 9.29334E-03, -4.45356E-03, 4.7399E-04
-4.93869E-08, 7.18563E-03, -5.08588E-03, 3.4752E-04
-4.93807E-08, 3.49713E-03, -5.50742E-03, 3.8968E-04
-4.93744E-08, -1.9136E-04, -6.35051E-03, 3.8968E-04
-4.93682E-08, -3.87986E-03, -7.08820E-03, 3.4752E-04
-4.93619E-08, -7.56835E-03, -7.82590E-03, 3.4752E-04
-4.93557E-08, -1.125685E-02, -8.56360E-03, 3.8968E-04
-4.93494E-08, -1.494534E-02, -9.19592E-03, 4.3183E-04
-4.93432E-08, -1.968769E-02, -1.014439E-02, 3.8968E-04
-4.93369E-08, -2.232233E-02, -1.046054E-02, 5.1614E-04
-4.93307E-08, -2.601083E-02, -1.119824E-02, 5.1614E-04
-4.93244E-08, -2.969932E-02, -1.172517E-02, 6.0045E-04
-4.93182E-08, -3.233396E-02, -1.235748E-02, 6.8476E-04
-4.93119E-08, -3.444167E-02, -1.267364E-02, 7.2691E-04
-4.93057E-08, -3.760324E-02, -1.320057E-02, 8.5338E-04
-4.92994E-08, -3.918403E-02, -1.351672E-02, 9.3768E-04
-4.92932E-08, -4.129174E-02, -1.404365E-02, 9.3768E-04
-4.92869E-08, -4.181866E-02, -1.393827E-02, 1.06415E-03
-4.92807E-08, -4.287252E-02, -1.414904E-02, 1.06415E-03
-4.92744E-08, -4.234559E-02, -1.414904E-02, 1.10630E-03
-4.92682E-08, -4.129174E-02, -1.435981E-02, 1.19061E-03
-4.92619E-08, -4.076481E-02, -1.414904E-02, 1.23276E-03
-4.92557E-08, -4.023788E-02, -1.372750E-02, 1.27492E-03
-4.92494E-08, -3.813017E-02, -1.372750E-02, 1.27492E-03
-4.92432E-08, -3.654939E-02, -1.330595E-02, 1.27492E-03
-4.92369E-08, -3.391474E-02, -1.309518E-02, 1.35923E-03
-4.92307E-08, -3.286089E-02, -1.246287E-02, 1.27492E-03
-4.92244E-08, -2.969932E-02, -1.193594E-02, 1.31707E-03
-4.92182E-08, -2.759161E-02, -1.151440E-02, 1.31707E-03
-4.92119E-08, -2.443004E-02, -1.109286E-02, 1.35923E-03
-4.92057E-08, -2.284926E-02, -1.046054E-02, 1.23276E-03
-4.91994E-08, -2.021462E-02, -9.82823E-03, 1.27492E-03
-4.91932E-08, -1.810691E-02, -9.40669E-03, 1.23276E-03
-4.91869E-08, -1.494534E-02, -8.66899E-03, 1.06415E-03
-4.91807E-08, -1.336456E-02, -8.03667E-03, 1.02199E-03
-4.91744E-08, -1.178377E-02, -7.50975E-03, 1.02199E-03
-4.91682E-08, -1.020299E-02, -6.87743E-03, 8.9553E-04
-4.91619E-08, -9.14914E-03, -6.35051E-03, 8.5338E-04
-4.91557E-08, -9.14914E-03, -5.92896E-03, 7.2691E-04
-4.91494E-08, -8.09528E-03, -5.40204E-03, 4.7399E-04
-4.91432E-08, -8.09528E-03, -4.98049E-03, 4.7399E-04
-4.91369E-08, -7.56835E-03, -4.45356E-03, 2.6322E-04
-4.91307E-08, -9.14914E-03, -4.24279E-03, 9.460E-05
-4.91244E-08, -1.020299E-02, -3.92664E-03, -1.5833E-04
-4.91182E-08, -1.072992E-02, -3.82125E-03, -3.2694E-04
-4.91119E-08, -1.125685E-02, -3.71587E-03, -4.9556E-04
-4.91057E-08, -1.336456E-02, -3.61048E-03, -7.0633E-04
-4.90994E-08, -1.389149E-02, -3.61048E-03, -9.5926E-04
-4.90932E-08, -1.547227E-02, -3.82125E-03, -1.17003E-03
-4.90869E-08, -1.705305E-02, -3.82125E-03, -1.50726E-03
-4.90807E-08, -1.757998E-02, -4.24279E-03, -1.71803E-03
-4.90744E-08, -1.916077E-02, -4.45356E-03, -1.88665E-03
-4.90682E-08, -1.968769E-02, -4.76972E-03, -2.18173E-03
-4.90619E-08, -2.179541E-02, -4.98049E-03, -2.39250E-03
-4.90557E-08, -2.232233E-02, -5.40204E-03, -2.47681E-03
-4.90494E-08, -2.284926E-02, -5.82358E-03, -2.60327E-03
-4.90432E-08, -2.232233E-02, -6.13973E-03, -2.77189E-03
-4.90369E-08, -2.284926E-02, -6.45589E-03, -2.89835E-03
-4.90307E-08, -2.232233E-02, -6.77205E-03, -2.89835E-03
-4.90244E-08, -2.126848E-02, -6.98282E-03, -2.85620E-03
-4.90182E-08, -2.232233E-02, -7.29898E-03, -2.85620E-03
-4.90119E-08, -2.021462E-02, -7.50975E-03, -2.68758E-03
-4.90057E-08, -1.968769E-02, -7.72052E-03, -2.56112E-03
-4.89994E-08, -1.810691E-02, -7.93129E-03, -2.39250E-03
-4.89932E-08, -1.705305E-02, -7.72052E-03, -2.18173E-03
-4.89869E-08, -1.389149E-02, -7.72052E-03, -1.88665E-03
-4.89807E-08, -1.283763E-02, -7.40436E-03, -1.59157E-03
-4.89744E-08, -1.125685E-02, -7.08820E-03, -1.25434E-03
-4.89682E-08, -9.67606E-03, -6.98282E-03, -8.3279E-04
-4.89619E-08, -8.62221E-03, -6.35051E-03, -4.1125E-04
-4.89557E-08, -5.98757E-03, -5.82358E-03, 5.244E-05
-4.89494E-08, -4.40678E-03, -5.19126E-03, 5.5830E-04
-4.89432E-08, -1.77215E-03, -4.45356E-03, 9.3768E-04
-4.89369E-08, 3.3557E-04, -3.71587E-03, 1.35923E-03
-4.89307E-08, 1.38942E-03, -2.87278E-03, 1.78077E-03
-4.89244E-08, 3.49713E-03, -2.13508E-03, 2.16016E-03
-4.89182E-08, 5.07792E-03, -1.08123E-03, 2.58170E-03
-4.89119E-08, 8.23948E-03, -1.3276E-04, 2.79247E-03
-4.89057E-08, 9.29334E-03, 1.02648E-03, 3.08755E-03
-4.88994E-08, 1.087412E-02, 1.76418E-03, 3.21401E-03
-4.88932E-08, 1.403569E-02, 2.81804E-03, 3.38263E-03
-4.88869E-08, 1.561647E-02, 3.55574E-03, 3.34047E-03
-4.88807E-08, 1.719726E-02, 4.29344E-03, 3.38263E-03
-4.88744E-08, 1.930497E-02, 5.24191E-03, 3.25617E-03
-4.88682E-08, 2.088575E-02, 5.76884E-03, 3.04540E-03
-4.88619E-08, 2.352039E-02, 6.29576E-03, 2.83462E-03
-4.88557E-08, 2.562810E-02, 6.82269E-03, 2.49739E-03
-4.88494E-08, 2.826274E-02, 7.24423E-03, 2.11800E-03
-4.88432E-08, 3.037046E-02, 7.34962E-03, 1.73861E-03
-4.88369E-08, 3.300510E-02, 7.56039E-03, 1.23276E-03
-4.88307E-08, 3.563973E-02, 7.45500E-03, 7.6907E-04
-4.88244E-08, 3.722052E-02, 7.45500E-03, 2.2106E-04
-4.88182E-08, 4.038208E-02, 7.13885E-03, -3.2694E-04
-4.88119E-08, 4.354365E-02, 6.92808E-03, -8.3279E-04
-4.88057E-08, 4.407058E-02, 6.29576E-03, -1.25434E-03
-4.87994E-08, 4.512443E-02, 5.87422E-03, -1.84450E-03
-4.87932E-08, 4.723215E-02, 5.34729E-03, -2.22388E-03
-4.87869E-08, 4.828600E-02, 4.71498E-03, -2.68758E-03
-4.87807E-08, 4.933986E-02, 3.87190E-03, -2.94051E-03
-4.87744E-08, 4.986679E-02, 3.23958E-03, -3.23559E-03
-4.87682E-08, 5.039372E-02, 2.39650E-03, -3.40420E-03
-4.87619E-08, 5.039372E-02, 1.65880E-03, -3.44636E-03
-4.87557E-08, 4.933986E-02, 8.1571E-04, -3.48851E-03
-4.87494E-08, 4.775907E-02, 7.801E-05, -3.44636E-03
-4.87432E-08, 4.617829E-02, -5.5430E-04, -3.19343E-03
-4.87369E-08, 4.459751E-02, -1.29200E-03, -3.02481E-03
-4.87307E-08, 4.143594E-02, -1.81893E-03, -2.72973E-03
-4.87244E-08, 3.880130E-02, -2.34585E-03, -2.30819E-03
-4.87182E-08, 3.511281E-02, -3.18894E-03, -1.80234E-03
-4.87119E-08, 3.195124E-02, -3.39971E-03, -1.29649E-03
-4.87057E-08, 2.720889E-02, -3.82125E-03, -7.0633E-04
-4.86994E-08, 2.246654E-02, -4.24279E-03, -1.5833E-04
-4.86932E-08, 1.877804E-02, -4.34818E-03, 4.7399E-04
-4.86869E-08, 1.456262E-02, -4.45356E-03, 1.10630E-03
-4.86807E-08, 9.29334E-03, -4.34818E-03, 1.78077E-03
-4.86744E-08, 5.60485E-03, -4.55895E-03, 2.32877E-03
-4.86682E-08, 8.6249E-04, -4.55895E-03, 2.96109E-03
-4.86619E-08, -4.40678E-03, -4.24279E-03, 3.42478E-03
-4.86557E-08, -8.62221E-03, -4.13741E-03, 3.80417E-03
-4.86494E-08, -1.231070E-02, -3.82125E-03, 4.26787E-03
-4.86432E-08, -1.494534E-02, -3.71587E-03, 4.60510E-03
-4.86369E-08, -1.863384E-02, -3.18894E-03, 4.81587E-03
-4.86307E-08, -2.021462E-02, -3.08355E-03, 5.06880E-03
-4.86244E-08, -2.179541E-02, -2.87278E-03, 5.11095E-03
-4.86182E-08, -2.284926E-02, -2.66201E-03, 5.06880E-03
-4.86119E-08, -2.232233E-02, -2.13508E-03, 4.98449E-03
-4.86057E-08, -2.284926E-02, -1.81893E-03, 4.85803E-03
-4.85994E-08, -2.179541E-02, -1.60815E-03, 4.56295E-03
-4.85932E-08, -2.021462E-02, -1.29200E-03, 4.35218E-03
-4.85869E-08, -1.705305E-02, -1.18661E-03, 4.01494E-03
-4.85807E-08, -1.547227E-02, -9.7584E-04, 3.67771E-03
-4.85744E-08, -1.125685E-02, -5.5430E-04, 3.21401E-03
-4.85682E-08, -7.56835E-03, -4.4891E-04, 2.75032E-03
-4.85619E-08, -4.40678E-03, -5.5430E-04, 2.37093E-03
-4.85557E-08, 1.38942E-03, -4.4891E-04, 1.90723E-03
-4.85494E-08, 5.07792E-03, -3.4353E-04, 1.48569E-03
-4.85432E-08, 9.82027E-03, -1.3276E-04, 1.06415E-03
-4.85369E-08, 1.456262E-02, -2.737E-05, 7.2691E-04
-4.85307E-08, 1.825111E-02, 7.801E-05, 4.3183E-04
-4.85244E-08, 2.193961E-02, -1.3276E-04, 1.7891E-04
-4.85182E-08, 2.668196E-02, -2.737E-05, 1.029E-05
-4.85119E-08, 2.984353E-02, 7.801E-05, -2.0048E-04
-4.85057E-08, 3.195124E-02, 7.801E-05, -2.8479E-04
-4.84994E-08, 3.405895E-02, 7.801E-05, -2.0048E-04
-4.84932E-08, 3.511281E-02, 1.8340E-04, -2.4263E-04
-4.84869E-08, 3.722052E-02, 3.9417E-04, -1.1617E-04
-4.84807E-08, 3.669359E-02, 4.9956E-04, 1.029E-05
-4.84744E-08, 3.511281E-02, 4.9956E-04, 2.2106E-04
-4.84682E-08, 3.458588E-02, 4.9956E-04, 4.7399E-04
-4.84619E-08, 3.195124E-02, 7.1033E-04, 8.1122E-04
-4.84557E-08, 2.878967E-02, 7.1033E-04, 1.02199E-03
-4.84494E-08, 2.615503E-02, 8.1571E-04, 1.31707E-03
-4.84432E-08, 2.193961E-02, 6.0494E-04, 1.61215E-03
-4.84369E-08, 1.667033E-02, 8.1571E-04, 1.90723E-03
-4.84307E-08, 1.192798E-02, 7.1033E-04, 2.20231E-03
-4.84244E-08, 6.65870E-03, 8.1571E-04, 2.58170E-03
-4.84182E-08, -1.9136E-04, 9.2110E-04, 2.79247E-03
-4.84119E-08, -4.93371E-03, 7.1033E-04, 2.87678E-03
-4.84057E-08, -1.231070E-02, 6.0494E-04, 3.12970E-03
-4.83994E-08, -1.705305E-02, 3.9417E-04, 3.17186E-03
-4.83932E-08, -2.390312E-02, 1.8340E-04, 3.21401E-03
-4.83869E-08, -2.864547E-02, -2.737E-05, 3.25617E-03
-4.83807E-08, -3.496860E-02, -1.3276E-04, 3.21401E-03
-4.83744E-08, -3.918403E-02, -3.4353E-04, 3.04540E-03
-4.83682E-08, -4.339945E-02, -1.08123E-03, 2.91893E-03
-4.83619E-08, -4.814180E-02, -1.29200E-03, 2.75032E-03
-4.83557E-08, -5.183030E-02, -1.71354E-03, 2.53954E-03
-4.83494E-08, -5.446493E-02, -2.24047E-03, 2.28662E-03
-4.83432E-08, -5.709957E-02, -2.55662E-03, 2.07585E-03
-4.83369E-08, -5.815343E-02, -2.76740E-03, 1.73861E-03
-4.83307E-08, -5.973421E-02, -3.39971E-03, 1.52784E-03
-4.83244E-08, -5.973421E-02, -3.71587E-03, 1.19061E-03
-4.83182E-08, -5.973421E-02, -4.13741E-03, 1.02199E-03
-4.83119E-08, -5.815343E-02, -4.55895E-03, 7.2691E-04
-4.83057E-08, -5.657265E-02, -4.98049E-03, 5.5830E-04
-4.82994E-08, -5.446493E-02, -5.08588E-03, 4.3183E-04
-4.82932E-08, -5.183030E-02, -5.40204E-03, 2.6322E-04
-4.82869E-08, -4.972258E-02, -5.40204E-03, 2.2106E-04
-4.82807E-08, -4.656101E-02, -5.50742E-03, 1.7891E-04
-4.82744E-08, -4.339945E-02, -5.50742E-03, 1.3675E-04
-4.82682E-08, -3.971095E-02, -5.50742E-03, 1.7891E-04
-4.82619E-08, -3.707631E-02, -5.40204E-03, 3.0537E-04
-4.82557E-08, -3.233396E-02, -4.98049E-03, 4.3183E-04
-4.82494E-08, -2.811854E-02, -4.76972E-03, 5.5830E-04
-4.82432E-08, -2.548390E-02, -4.55895E-03, 7.6907E-04
-4.82369E-08, -2.126848E-02, -3.92664E-03, 1.02199E-03
-4.82307E-08, -1.863384E-02, -3.50509E-03, 1.31707E-03
-4.82244E-08, -1.652613E-02, -3.08355E-03, 1.61215E-03
-4.82182E-08, -1.389149E-02, -2.55662E-03, 1.86508E-03
-4.82119E-08, -1.020299E-02, -1.71354E-03, 2.11800E-03
-4.82057E-08, -9.14914E-03, -1.18661E-03, 2.41308E-03
-4.81994E-08, -6.51450E-03, -4.4891E-04, 2.66601E-03
-4.81932E-08, -6.51450E-03, 7.801E-05, 2.91893E-03
-4.81869E-08, -4.40678E-03, 6.0494E-04, 3.12970E-03
-4.81807E-08, -4.40678E-03, 1.23726E-03, 3.29832E-03
-4.81744E-08, -2.82600E-03, 1.76418E-03, 3.55125E-03
-4.81682E-08, -3.87986E-03, 2.18573E-03, 3.55125E-03
-4.81619E-08, -3.35293E-03, 2.39650E-03, 3.63555E-03
-4.81557E-08, -2.82600E-03, 2.71265E-03, 3.76202E-03
-4.81494E-08, -3.35293E-03, 2.92343E-03, 3.76202E-03
-4.81432E-08, -4.93371E-03, 3.13420E-03, 3.76202E-03
-4.81369E-08, -5.98757E-03, 3.13420E-03, 3.63555E-03
-4.81307E-08, -6.51450E-03, 3.02881E-03, 3.67771E-03
-4.81244E-08, -7.04142E-03, 2.60727E-03, 3.59340E-03
-4.81182E-08, -8.62221E-03, 2.08034E-03, 3.50909E-03
-4.81119E-08, -9.67606E-03, 1.97495E-03, 3.29832E-03
-4.81057E-08, -1.178377E-02, 1.13187E-03, 3.25617E-03
-4.80994E-08, -1.336456E-02, 8.1571E-04, 3.12970E-03
-4.80932E-08, -1.441841E-02, -2.737E-05, 2.96109E-03
-4.80869E-08, -1.547227E-02, -7.6507E-04, 2.87678E-03
-4.80807E-08, -1.599920E-02, -1.50277E-03, 2.83462E-03
-4.80744E-08, -1.705305E-02, -2.24047E-03, 2.70816E-03
-4.80682E-08, -1.916077E-02, -2.87278E-03, 2.70816E-03
-4.80619E-08, -1.968769E-02, -3.71587E-03, 2.66601E-03
-4.80557E-08, -2.126848E-02, -4.45356E-03, 2.70816E-03
-4.80494E-08, -2.232233E-02, -5.29665E-03, 2.70816E-03
-4.80432E-08, -2.179541E-02, -5.92896E-03, 2.75032E-03
-4.80369E-08, -2.284926E-02, -6.45589E-03, 2.79247E-03
-4.80307E-08, -2.495697E-02, -7.08820E-03, 2.91893E-03
-4.80244E-08, -2.443004E-02, -7.19359E-03, 2.87678E-03
-4.80182E-08, -2.653776E-02, -7.50975E-03, 3.00324E-03
-4.80119E-08, -2.601083E-02, -7.72052E-03, 3.08755E-03
-4.80057E-08, -2.653776E-02, -7.72052E-03, 3.21401E-03
-4.79994E-08, -2.811854E-02, -7.40436E-03, 3.29832E-03
-4.79932E-08, -2.653776E-02, -7.50975E-03, 3.38263E-03
-4.79869E-08, -2.706468E-02, -7.19359E-03, 3.38263E-03
-4.79807E-08, -2.759161E-02, -6.56128E-03, 3.46694E-03
-4.79744E-08, -2.864547E-02, -5.92896E-03, 3.38263E-03
-4.79682E-08, -2.864547E-02, -5.29665E-03, 3.42478E-03
-4.79619E-08, -2.759161E-02, -4.55895E-03, 3.38263E-03
-4.79557E-08, -2.706468E-02, -3.61048E-03, 3.25617E-03
-4.79494E-08, -2.706468E-02, -2.76740E-03, 3.04540E-03
-4.79432E-08, -2.653776E-02, -1.71354E-03, 2.96109E-03
-4.79369E-08, -2.601083E-02, -6.5968E-04, 2.75032E-03
-4.79307E-08, -2.495697E-02, 1.8340E-04, 2.53954E-03
-4.79244E-08, -2.337619E-02, 1.13187E-03, 2.24446E-03
-4.79182E-08, -2.179541E-02, 2.08034E-03, 1.99154E-03
-4.79119E-08, -1.916077E-02, 3.13420E-03, 1.65431E-03
-4.79057E-08, -1.810691E-02, 4.08267E-03, 1.35923E-03
-4.78994E-08, -1.599920E-02, 4.82037E-03, 9.7984E-04
-4.78932E-08, -1.336456E-02, 5.45268E-03, 7.2691E-04
-4.78869E-08, -1.125685E-02, 6.19038E-03, 3.0537E-04
-4.78807E-08, -9.14914E-03, 6.82269E-03, 5.244E-05
-4.78744E-08, -7.04142E-03, 7.24423E-03, -3.2694E-04
-4.78682E-08, -3.87986E-03, 7.56039E-03, -5.3771E-04
-4.78619E-08, -1.77215E-03, 7.98193E-03, -7.9064E-04
-4.78557E-08, 1.38942E-03, 7.98193E-03, -1.08572E-03
-4.78494E-08, 3.49713E-03, 8.19270E-03, -1.33864E-03
-4.78432E-08, 5.60485E-03, 8.19270E-03, -1.50726E-03
-4.78369E-08, 8.23948E-03, 8.19270E-03, -1.67588E-03
-4.78307E-08, 1.034720E-02, 8.08732E-03, -1.71803E-03
-4.78244E-08, 1.192798E-02, 7.98193E-03, -1.84450E-03
-4.78182E-08, 1.298183E-02, 7.87655E-03, -1.92880E-03
-4.78119E-08, 1.456262E-02, 7.56039E-03, -1.92880E-03
-4.78057E-08, 1.508955E-02, 7.56039E-03, -1.92880E-03
-4.77994E-08, 1.719726E-02, 7.34962E-03, -1.92880E-03
-4.77932E-08, 1.667033E-02, 7.24423E-03, -1.92880E-03
-4.77869E-08, 1.772419E-02, 7.24423E-03, -1.80234E-03
-4.77807E-08, 1.667033E-02, 7.03346E-03, -1.76019E-03
-4.77744E-08, 1.561647E-02, 7.13885E-03, -1.67588E-03
-4.77682E-08, 1.403569E-02, 7.03346E-03, -1.63372E-03
-4.77619E-08, 1.298183E-02, 6.82269E-03, -1.54942E-03
-4.77557E-08, 1.034720E-02, 7.03346E-03, -1.50726E-03
-4.77494E-08, 8.76641E-03, 7.24423E-03, -1.54942E-03
-4.77432E-08, 6.13177E-03, 7.45500E-03, -1.54942E-03
-4.77369E-08, 4.02406E-03, 7.66578E-03, -1.59157E-03
-4.77307E-08, -1.9136E-04, 7.87655E-03, -1.63372E-03
-4.77244E-08, -2.29907E-03, 8.19270E-03, -1.59157E-03
-4.77182E-08, -5.98757E-03, 8.50886E-03, -1.71803E-03
-4.77119E-08, -8.62221E-03, 8.82502E-03, -1.88665E-03
-4.77057E-08, -1.231070E-02, 8.93040E-03, -1.88665E-03
-4.76994E-08, -1.599920E-02, 9.35195E-03, -2.13958E-03
-4.76932E-08, -1.863384E-02, 9.66810E-03, -2.30819E-03
-4.76869E-08, -2.179541E-02, 9.77349E-03, -2.51896E-03
-4.76807E-08, -2.548390E-02, 9.77349E-03, -2.68758E-03
-4.76744E-08, -2.759161E-02, 9.77349E-03, -2.89835E-03
-4.76682E-08, -3.075318E-02, 9.98426E-03, -3.02481E-03
-4.76619E-08, -3.338782E-02, 9.66810E-03, -3.19343E-03
-4.76557E-08, -3.602246E-02, 9.56272E-03, -3.31989E-03
-4.76494E-08, -3.813017E-02, 9.35195E-03, -3.36205E-03
-4.76432E-08, -3.918403E-02, 9.03579E-03, -3.53066E-03
-4.76369E-08, -4.129174E-02, 8.61425E-03, -3.53066E-03
-4.76307E-08, -4.181866E-02, 8.19270E-03, -3.53066E-03
-4.76244E-08, -4.339945E-02, 7.56039E-03, -3.44636E-03
-4.76182E-08, -4.445330E-02, 6.92808E-03, -3.36205E-03
-4.76119E-08, -4.445330E-02, 6.29576E-03, -3.23559E-03
-4.76057E-08, -4.603409E-02, 5.45268E-03, -3.06697E-03
-4.75994E-08, -4.603409E-02, 4.60959E-03, -2.81404E-03
-4.75932E-08, -4.603409E-02, 3.97728E-03, -2.64543E-03
-4.75869E-08, -4.603409E-02, 3.13420E-03, -2.22388E-03
-4.75807E-08, -4.656101E-02, 2.29111E-03, -1.92880E-03
-4.75744E-08, -4.550716E-02, 1.65880E-03, -1.59157E-03
-4.75682E-08, -4.603409E-02, 1.02648E-03, -1.17003E-03
-4.75619E-08, -4.603409E-02, 2.8879E-04, -7.9064E-04
-4.75557E-08, -4.603409E-02, -5.5430E-04, -3.2694E-04
-4.75494E-08, -4.708794E-02, -7.6507E-04, 5.244E-05
-4.75432E-08, -4.656101E-02, -1.18661E-03, 4.3183E-04
-4.75369E-08, -4.761487E-02, -1.60815E-03, 8.5338E-04
-4.75307E-08, -4.866873E-02, -1.92431E-03, 1.31707E-03
-4.75244E-08, -5.024951E-02, -2.13508E-03, 1.57000E-03
-4.75182E-08, -5.130336E-02, -2.13508E-03, 1.86508E-03
-4.75119E-08, -5.130336E-02, -1.92431E-03, 2.20231E-03
-4.75057E-08, -5.446493E-02, -1.71354E-03, 2.45524E-03
-4.74994E-08, -5.551879E-02, -1.39738E-03, 2.70816E-03
-4.74932E-08, -5.815343E-02, -1.29200E-03, 2.83462E-03
-4.74869E-08, -6.078807E-02, -8.7046E-04, 2.91893E-03
-4.74807E-08, -6.289578E-02, -3.4353E-04, 2.96109E-03
-4.74744E-08, -6.605735E-02, 1.8340E-04, 3.00324E-03
-4.74682E-08, -6.921891E-02, 6.0494E-04, 3.00324E-03
-4.74619E-08, -7.185356E-02, 1.44803E-03, 2.91893E-03
-4.74557E-08, -7.554205E-02, 1.86957E-03, 2.79247E-03
-4.74494E-08, -7.764976E-02, 2.50188E-03, 2.66601E-03
-4.74432E-08, -8.081133E-02, 3.13420E-03, 2.41308E-03
-4.74369E-08, -8.344597E-02, 3.55574E-03, 2.16016E-03
-4.74307E-08, -8.555368E-02, 4.08267E-03, 1.94939E-03
-4.74244E-08, -8.818832E-02, 4.50421E-03, 1.61215E-03
-4.74182E-08, -9.134988E-02, 4.92575E-03, 1.35923E-03
-4.74119E-08, -9.240374E-02, 5.34729E-03, 1.06415E-03
-4.74057E-08, -9.345759E-02, 5.55806E-03, 7.6907E-04
-4.73994E-08, -9.503838E-02, 5.66345E-03, 4.3183E-04
-4.73932E-08, -9.503838E-02, 5.87422E-03, 9.460E-05
-4.73869E-08, -9.503838E-02, 5.87422E-03, -2.8479E-04
-4.73807E-08, -9.345759E-02, 5.76884E-03, -4.9556E-04
-4.73744E-08, -9.293067E-02, 5.76884E-03, -8.3279E-04
-4.73682E-08, -9.134988E-02, 5.45268E-03, -1.17003E-03
-4.73619E-08, -8.924218E-02, 5.13652E-03, -1.42295E-03
-4.73557E-08, -8.660753E-02, 4.71498E-03, -1.71803E-03
-4.73494E-08, -8.344597E-02, 4.18805E-03, -1.92880E-03
-4.73432E-08, -7.923055E-02, 3.97728E-03, -2.18173E-03
-4.73369E-08, -7.554205E-02, 3.45035E-03, -2.30819E-03
-4.73307E-08, -7.079970E-02, 2.81804E-03, -2.56112E-03
-4.73244E-08, -6.553042E-02, 2.50188E-03, -2.68758E-03
-4.73182E-08, -6.131500E-02, 1.97495E-03, -2.85620E-03
-4.73119E-08, -5.446493E-02, 1.44803E-03, -3.06697E-03
-4.73057E-08, -4.919565E-02, 1.13187E-03, -3.15128E-03
-4.72994E-08, -4.287252E-02, 6.0494E-04, -3.23559E-03
-4.72932E-08, -3.654939E-02, -2.737E-05, -3.44636E-03
-4.72869E-08, -3.022625E-02, -2.3814E-04, -3.48851E-03
-4.72807E-08, -2.390312E-02, -6.5968E-04, -3.53066E-03
-4.72744E-08, -1.652613E-02, -7.6507E-04, -3.61497E-03
-4.72682E-08, -1.125685E-02, -1.18661E-03, -3.65713E-03
-4.72619E-08, -4.40678E-03, -1.39738E-03, -3.74144E-03
-4.72557E-08, 1.38942E-03, -1.50277E-03, -3.74144E-03
-4.72494E-08, 6.65870E-03, -1.60815E-03, -3.74144E-03
-4.72432E-08, 1.034720E-02, -1.71354E-03, -3.65713E-03
-4.72369E-08, 1.614340E-02, -1.71354E-03, -3.69928E-03
-4.72307E-08, 1.983190E-02, -1.81893E-03, -3.61497E-03
-4.72244E-08, 2.299346E-02, -1.71354E-03, -3.48851E-03
-4.72182E-08, 2.615503E-02, -1.60815E-03, -3.27774E-03
-4.72119E-08, 2.878967E-02, -1.50277E-03, -3.23559E-03
-4.72057E-08, 2.931660E-02, -1.50277E-03, -3.02481E-03
-4.71994E-08, 3.037046E-02, -1.39738E-03, -2.77189E-03
-4.71932E-08, 3.142431E-02, -1.60815E-03, -2.68758E-03
-4.71869E-08, 3.142431E-02, -1.39738E-03, -2.39250E-03
-4.71807E-08, 2.984353E-02, -1.60815E-03, -2.05527E-03
-4.71744E-08, 2.826274E-02, -1.50277E-03, -1.80234E-03
-4.71682E-08, 2.562810E-02, -1.81893E-03, -1.46511E-03
-4.71619E-08, 2.352039E-02, -1.92431E-03, -1.08572E-03
-4.71557E-08, 2.035883E-02, -2.13508E-03, -7.4849E-04
-4.71494E-08, 1.667033E-02, -2.24047E-03, -3.6910E-04
-4.71432E-08, 1.350876E-02, -2.76740E-03, 5.244E-05
-4.71369E-08, 9.82027E-03, -3.08355E-03, 4.3183E-04
-4.71307E-08, 4.55099E-03, -3.61048E-03, 8.5338E-04
-4.71244E-08, 3.3557E-04, -4.13741E-03, 1.19061E-03
-4.71182E-08, -4.93371E-03, -4.55895E-03, 1.61215E-03
-4.71119E-08, -8.62221E-03, -5.08588E-03, 1.99154E-03
-4.71057E-08, -1.283763E-02, -5.82358E-03, 2.41308E-03
-4.70994E-08, -1.810691E-02, -6.35051E-03, 2.70816E-03
-4.70932E-08, -2.126848E-02, -7.08820E-03, 3.08755E-03
-4.70869E-08, -2.495697E-02, -7.82590E-03, 3.34047E-03
-4.70807E-08, -2.759161E-02, -8.45822E-03, 3.55125E-03
-4.70744E-08, -3.075318E-02, -9.09053E-03, 3.84633E-03
-4.70682E-08, -3.286089E-02, -9.82823E-03, 4.01494E-03
-4.70619E-08, -3.444167E-02, -1.046054E-02, 4.14140E-03
-4.70557E-08, -3.602246E-02, -1.098747E-02, 4.22571E-03
-4.70494E-08, -3.654939E-02, -1.172517E-02, 4.31002E-03
-4.70432E-08, -3.707631E-02, -1.225210E-02, 4.31002E-03
-4.70369E-08, -3.602246E-02, -1.288441E-02, 4.39433E-03
-4.70307E-08, -3.549553E-02, -1.320057E-02, 4.31002E-03
-4.70244E-08, -3.286089E-02, -1.372750E-02, 4.35218E-03
-4.70182E-08, -3.233396E-02, -1.404365E-02, 4.22571E-03
-4.70119E-08, -2.811854E-02, -1.446519E-02, 4.05710E-03
-4.70057E-08, -2.601083E-02, -1.467597E-02, 3.93063E-03
-4.69994E-08, -2.232233E-02, -1.499212E-02, 3.76202E-03
-4.69932E-08, -1.757998E-02, -1.520289E-02, 3.50909E-03
-4.69869E-08, -1.389149E-02, -1.551905E-02, 3.34047E-03
-4.69807E-08, -1.020299E-02, -1.551905E-02, 3.08755E-03
-4.69744E-08, -5.46064E-03, -1.562444E-02, 2.83462E-03
-4.69682E-08, -1.24522E-03, -1.572982E-02, 2.66601E-03
-4.69619E-08, 3.49713E-03, -1.594059E-02, 2.45524E-03
-4.69557E-08, 7.18563E-03, -1.583521E-02, 2.16016E-03
-4.69494E-08, 1.087412E-02, -1.594059E-02, 1.90723E-03
-4.69432E-08, 1.508955E-02, -1.604598E-02, 1.65431E-03
-4.69369E-08, 1.825111E-02, -1.594059E-02, 1.31707E-03
-4.69307E-08, 2.141268E-02, -1.583521E-02, 1.19061E-03
-4.69244E-08, 2.246654E-02, -1.583521E-02, 9.7984E-04
-4.69182E-08, 2.457425E-02, -1.583521E-02, 7.2691E-04
-4.69119E-08, 2.668196E-02, -1.583521E-02, 5.1614E-04
-4.69057E-08, 2.562810E-02, -1.594059E-02, 3.4752E-04
-4.68994E-08, 2.562810E-02, -1.604598E-02, 1.7891E-04
-4.68932E-08, 2.457425E-02, -1.583521E-02, -3.186E-05
-4.68869E-08, 2.352039E-02, -1.594059E-02, -2.4263E-04
-4.68807E-08, 2.193961E-02, -1.562444E-02, -4.1125E-04
-4.68744E-08, 1.877804E-02, -1.551905E-02, -5.7987E-04
-4.68682E-08, 1.561647E-02, -1.541366E-02, -7.0633E-04
-4.68619E-08, 1.140105E-02, -1.520289E-02, -8.3279E-04
-4.68557E-08, 7.18563E-03, -1.509751E-02, -9.1710E-04
-4.68494E-08, 2.44328E-03, -1.467597E-02, -1.08572E-03
-4.68432E-08, -2.82600E-03, -1.435981E-02, -1.21218E-03
-4.68369E-08, -8.62221E-03, -1.393827E-02, -1.33864E-03
-4.68307E-08, -1.389149E-02, -1.309518E-02, -1.42295E-03
-4.68244E-08, -1.916077E-02, -1.256825E-02, -1.38080E-03
-4.68182E-08, -2.443004E-02, -1.183056E-02, -1.50726E-03
-4.68119E-08, -3.022625E-02, -1.098747E-02, -1.50726E-03
-4.68057E-08, -3.549553E-02, -1.035516E-02, -1.46511E-03
-4.67994E-08, -4.076481E-02, -9.19592E-03, -1.38080E-03
-4.67932E-08, -4.498023E-02, -8.03667E-03, -1.42295E-03
-4.67869E-08, -4.972258E-02, -6.77205E-03, -1.29649E-03
-4.67807E-08, -5.341108E-02, -5.50742E-03, -1.12787E-03
-4.67744E-08, -5.604572E-02, -4.13741E-03, -9.1710E-04
-4.67682E-08, -5.920728E-02, -2.76740E-03, -7.0633E-04
-4.67619E-08, -6.131500E-02, -1.60815E-03, -4.1125E-04
-4.67557E-08, -6.184192E-02, -1.3276E-04, -1.1617E-04
-4.67494E-08, -6.289578E-02, 1.34264E-03, 2.2106E-04
-4.67432E-08, -6.289578E-02, 2.81804E-03, 5.1614E-04
-4.67369E-08, -6.131500E-02, 4.18805E-03, 9.7984E-04
-4.67307E-08, -6.078807E-02, 5.66345E-03, 1.35923E-03
-4.67244E-08, -5.762650E-02, 6.92808E-03, 1.78077E-03
-4.67182E-08, -5.499186E-02, 8.08732E-03, 2.28662E-03
-4.67119E-08, -5.077644E-02, 9.24656E-03, 2.79247E-03
-4.67057E-08, -4.814180E-02, 1.030042E-02, 3.25617E-03
-4.66994E-08, -4.287252E-02, 1.093273E-02, 3.71986E-03
-4.66932E-08, -3.813017E-02, 1.167043E-02, 4.22571E-03
-4.66869E-08, -3.391474E-02, 1.219736E-02, 4.56295E-03
-4.66807E-08, -2.759161E-02, 1.282967E-02, 5.11095E-03
-4.66744E-08, -2.179541E-02, 1.293505E-02, 5.44819E-03
-4.66682E-08, -1.705305E-02, 1.293505E-02, 5.78542E-03
-4.66619E-08, -1.178377E-02, 1.293505E-02, 6.08050E-03
-4.66557E-08, -5.98757E-03, 1.251351E-02, 6.29127E-03
-4.66494E-08, -1.24522E-03, 1.230274E-02, 6.37558E-03
-4.66432E-08, 4.55099E-03, 1.167043E-02, 6.54420E-03
-4.66369E-08, 9.82027E-03, 1.093273E-02, 6.62850E-03
-4.66307E-08, 1.403569E-02, 9.98426E-03, 6.58635E-03
-4.66244E-08, 1.825111E-02, 9.24656E-03, 6.41773E-03
-4.66182E-08, 2.035883E-02, 8.19270E-03, 6.24912E-03
-4.66119E-08, 2.510118E-02, 7.13885E-03, 5.95404E-03
-4.66057E-08, 2.668196E-02, 6.08499E-03, 5.74327E-03
-4.65994E-08, 2.826274E-02, 5.03114E-03, 5.32172E-03
-4.65932E-08, 2.984353E-02, 3.97728E-03, 5.02664E-03
-4.65869E-08, 3.089738E-02, 2.71265E-03, 4.52079E-03
-4.65807E-08, 3.142431E-02, 1.76418E-03, 4.05710E-03
-4.65744E-08, 3.037046E-02, 7.1033E-04, 3.55125E-03
-4.65682E-08, 2.931660E-02, -4.4891E-04, 3.08755E-03
-4.65619E-08, 2.720889E-02, -1.08123E-03, 2.66601E-03
-4.65557E-08, 2.562810E-02, -2.02970E-03, 2.11800E-03
-4.65494E-08, 2.457425E-02, -2.45124E-03, 1.61215E-03
-4.65432E-08, 2.141268E-02, -3.08355E-03, 1.23276E-03
-4.65369E-08, 1.877804E-02, -3.61048E-03, 8.5338E-04
-4.65307E-08, 1.614340E-02, -4.03202E-03, 5.1614E-04
-4.65244E-08, 1.350876E-02, -4.13741E-03, 1.7891E-04
-4.65182E-08, 1.087412E-02, -4.24279E-03, -7.402E-05
-4.65119E-08, 8.23948E-03, -4.24279E-03, -2.0048E-04
-4.65057E-08, 4.02406E-03, -4.03202E-03, -2.0048E-04
-4.64994E-08, 2.44328E-03, -3.92664E-03, -2.0048E-04
-4.64932E-08, -7.1829E-04, -3.61048E-03, -2.8479E-04
-4.64869E-08, -2.29907E-03, -3.18894E-03, -1.1617E-04
-4.64807E-08, -5.46064E-03, -2.66201E-03, 5.244E-05
-4.64744E-08, -5.46064E-03, -2.34585E-03, 2.6322E-04
-4.64682E-08, -7.56835E-03, -1.71354E-03, 6.0045E-04
-4.64619E-08, -8.62221E-03, -1.29200E-03, 8.9553E-04
-4.64557E-08, -9.14914E-03, -4.4891E-04, 1.19061E-03
-4.64494E-08, -9.14914E-03, -2.737E-05, 1.57000E-03
-4.64432E-08, -9.14914E-03, 7.1033E-04, 1.94939E-03
-4.64369E-08, -8.62221E-03, 1.23726E-03, 2.37093E-03
-4.64307E-08, -8.09528E-03, 1.76418E-03, 2.75032E-03
-4.64244E-08, -7.04142E-03, 2.39650E-03, 3.04540E-03
-4.64182E-08, -7.04142E-03, 2.60727E-03, 3.34047E-03
-4.64119E-08, -3.87986E-03, 3.13420E-03, 3.63555E-03
-4.64057E-08, -3.87986E-03, 3.23958E-03, 3.93063E-03
-4.63994E-08, -1.77215E-03, 3.45035E-03, 4.05710E-03
-4.63932E-08, 3.3557E-04, 3.45035E-03, 4.14140E-03
-4.63869E-08, 2.44328E-03, 3.66112E-03, 4.14140E-03
-4.63807E-08, 4.02406E-03, 3.76651E-03, 4.14140E-03
-4.63744E-08, 5.60485E-03, 3.66112E-03, 4.05710E-03
-4.63682E-08, 7.18563E-03, 3.45035E-03, 3.88848E-03
-4.63619E-08, 9.29334E-03, 3.23958E-03, 3.63555E-03
-4.63557E-08, 1.034720E-02, 3.23958E-03, 3.42478E-03
-4.63494E-08, 1.192798E-02, 2.81804E-03, 3.00324E-03
-4.63432E-08, 1.298183E-02, 2.39650E-03, 2.70816E-03
-4.63369E-08, 1.350876E-02, 2.08034E-03, 2.20231E-03
-4.63307E-08, 1.350876E-02, 1.55341E-03, 1.78077E-03
-4.63244E-08, 1.403569E-02, 9.2110E-04, 1.31707E-03
-4.63182E-08, 1.403569E-02, 3.9417E-04, 8.1122E-04
-4.63119E-08, 1.508955E-02, -2.737E-05, 3.4752E-04
-4.63057E-08, 1.298183E-02, -8.7046E-04, -1.1617E-04
-4.62994E-08, 1.245491E-02, -1.50277E-03, -6.2202E-04
-4.62932E-08, 1.140105E-02, -2.13508E-03, -9.5926E-04
-4.62869E-08, 1.087412E-02, -2.76740E-03, -1.29649E-03
-4.62807E-08, 9.29334E-03, -3.50509E-03, -1.59157E-03
-4.62744E-08, 7.71256E-03, -4.24279E-03, -1.88665E-03
-4.62682E-08, 5.60485E-03, -4.87511E-03, -2.09742E-03
-4.62619E-08, 4.02406E-03, -5.82358E-03, -2.09742E-03
-4.62557E-08, 2.97021E-03, -6.45589E-03, -2.22388E-03
-4.62494E-08, 8.6249E-04, -7.29898E-03, -2.30819E-03
-4.62432E-08, 3.3557E-04, -8.14206E-03, -2.13958E-03
-4.62369E-08, -1.24522E-03, -8.87976E-03, -2.09742E-03
-4.62307E-08, -3.35293E-03, -9.72284E-03, -1.80234E-03
-4.62244E-08, -4.93371E-03, -1.056593E-02, -1.63372E-03
-4.62182E-08, -6.51450E-03, -1.130363E-02, -1.21218E-03
-4.62119E-08, -5.98757E-03, -1.193594E-02, -1.00141E-03
-4.62057E-08, -7.04142E-03, -1.267364E-02, -5.7987E-04
-4.61994E-08, -7.04142E-03, -1.330595E-02, -1.5833E-04
-4.61932E-08, -7.56835E-03, -1.404365E-02, 1.3675E-04
-4.61869E-08, -6.51450E-03, -1.446519E-02, 4.7399E-04
-4.61807E-08, -6.51450E-03, -1.488674E-02, 8.5338E-04
-4.61744E-08, -4.93371E-03, -1.541366E-02, 1.35923E-03
-4.61682E-08, -3.35293E-03, -1.572982E-02, 1.69646E-03
-4.61619E-08, -2.29907E-03, -1.604598E-02, 2.03369E-03
-4.61557E-08, -1.9136E-04, -1.625675E-02, 2.28662E-03
-4.61494E-08, 2.44328E-03, -1.625675E-02, 2.49739E-03
-4.61432E-08, 4.02406E-03, -1.636213E-02, 2.66601E-03
-4.61369E-08, 7.18563E-03, -1.625675E-02, 2.83462E-03
-4.61307E-08, 9.82027E-03, -1.594059E-02, 3.00324E-03
-4.61244E-08, 1.245491E-02, -1.583521E-02, 3.04540E-03
-4.61182E-08, 1.561647E-02, -1.541366E-02, 3.08755E-03
-4.61119E-08, 1.930497E-02, -1.478135E-02, 3.00324E-03
-4.61057E-08, 2.088575E-02, -1.435981E-02, 2.96109E-03
-4.60994E-08, 2.510118E-02, -1.351672E-02, 2.79247E-03
-4.60932E-08, 2.668196E-02, -1.277903E-02, 2.62385E-03
-4.60869E-08, 2.984353E-02, -1.183056E-02, 2.49739E-03
-4.60807E-08, 3.142431E-02, -1.077670E-02, 2.20231E-03
-4.60744E-08, 3.353202E-02, -1.003900E-02, 1.99154E-03
-4.60682E-08, 3.563973E-02, -8.98515E-03, 1.73861E-03
-4.60619E-08, 3.669359E-02, -7.93129E-03, 1.57000E-03
-4.60557E-08, 3.827437E-02, -6.87743E-03, 1.27492E-03
-4.60494E-08, 3.827437E-02, -5.50742E-03, 9.3768E-04
-4.60432E-08, 3.722052E-02, -4.45356E-03, 7.6907E-04
-4.60369E-08, 3.722052E-02, -3.29432E-03, 4.3183E-04
-4.60307E-08, 3.563973E-02, -2.24047E-03, 2.2106E-04
-4.60244E-08, 3.353202E-02, -1.08123E-03, 1.029E-05
-4.60182E-08, 3.142431E-02, -2.737E-05, -2.0048E-04
-4.60119E-08, 2.931660E-02, 1.02648E-03, -4.9556E-04
-4.60057E-08, 2.668196E-02, 1.86957E-03, -6.2202E-04
-4.59994E-08, 2.299346E-02, 2.60727E-03, -7.9064E-04
-4.59932E-08, 2.035883E-02, 3.34497E-03, -1.00141E-03
-4.59869E-08, 1.614340E-02, 4.08267E-03, -1.21218E-03
-4.59807E-08, 1.192798E-02, 4.60959E-03, -1.38080E-03
-4.59744E-08, 7.71256E-03, 5.13652E-03, -1.50726E-03
-4.59682E-08, 4.02406E-03, 5.24191E-03, -1.76019E-03
-4.59619E-08, 8.6249E-04, 5.55806E-03, -1.88665E-03
-4.59557E-08, -3.87986E-03, 5.55806E-03, -1.97096E-03
-4.59494E-08, -7.04142E-03, 5.87422E-03, -2.13958E-03
-4.59432E-08, -1.072992E-02, 5.55806E-03, -2.22388E-03
-4.59369E-08, -1.231070E-02, 5.34729E-03, -2.43465E-03
-4.59307E-08, -1.599920E-02, 5.24191E-03, -2.56112E-03
-4.59244E-08, -1.757998E-02, 4.82037E-03, -2.68758E-03
-4.59182E-08, -1.916077E-02, 4.39882E-03, -2.85620E-03
-4.59119E-08, -1.968769E-02, 3.97728E-03, -2.98266E-03
-4.59057E-08, -2.021462E-02, 3.45035E-03, -3.06697E-03
-4.58994E-08, -2.021462E-02, 2.81804E-03, -3.15128E-03
-4.58932E-08, -1.916077E-02, 2.29111E-03, -3.23559E-03
-4.58869E-08, -1.757998E-02, 1.55341E-03, -3.27774E-03
-4.58807E-08, -1.494534E-02, 1.13187E-03, -3.23559E-03
-4.58744E-08, -1.389149E-02, 4.9956E-04, -3.27774E-03
-4.58682E-08, -1.020299E-02, -3.4353E-04, -3.23559E-03
-4.58619E-08, -6.51450E-03, -7.6507E-04, -3.15128E-03
-4.58557E-08, -3.87986E-03, -1.39738E-03, -2.98266E-03
-4.58494E-08, 3.3557E-04, -1.71354E-03, -2.85620E-03
-4.58432E-08, 4.02406E-03, -2.02970E-03, -2.60327E-03
-4.58369E-08, 8.23948E-03, -2.34585E-03, -2.30819E-03
-4.58307E-08, 1.350876E-02, -2.87278E-03, -1.92880E-03
-4.58244E-08, 1.667033E-02, -2.97817E-03, -1.63372E-03
-4.58182E-08, 2.035883E-02, -3.18894E-03, -1.12787E-03
-4.58119E-08, 2.457425E-02, -3.29432E-03, -7.4849E-04
-4.58057E-08, 2.668196E-02, -3.29432E-03, -2.0048E-04
-4.57994E-08, 2.984353E-02, -3.39971E-03, 3.0537E-04
-4.57932E-08, 3.089738E-02, -3.18894E-03, 8.1122E-04
-4.57869E-08, 3.405895E-02, -2.87278E-03, 1.40138E-03
-4.57807E-08, 3.458588E-02, -2.76740E-03, 1.94939E-03
-4.57744E-08, 3.563973E-02, -2.45124E-03, 2.45524E-03
-4.57682E-08, 3.405895E-02, -2.45124E-03, 3.08755E-03
-4.57619E-08, 3.300510E-02, -2.13508E-03, 3.55125E-03
-4.57557E-08, 3.195124E-02, -1.71354E-03, 4.09925E-03
-4.57494E-08, 2.984353E-02, -1.29200E-03, 4.47864E-03
-4.57432E-08, 2.773582E-02, -1.08123E-03, 5.02664E-03
-4.57369E-08, 2.404732E-02, -6.5968E-04, 5.36388E-03
-4.57307E-08, 1.930497E-02, -3.4353E-04, 5.70111E-03
-4.57244E-08, 1.667033E-02, 7.801E-05, 5.95404E-03
-4.57182E-08, 1.140105E-02, 3.9417E-04, 6.08050E-03
-4.57119E-08, 7.71256E-03, 7.1033E-04, 6.20696E-03
-4.57057E-08, 2.44328E-03, 9.2110E-04, 6.29127E-03
-4.56994E-08, -2.29907E-03, 1.02648E-03, 6.20696E-03
-4.56932E-08, -5.98757E-03, 1.23726E-03, 6.16481E-03
-4.56869E-08, -1.072992E-02, 1.44803E-03, 5.99619E-03
-4.56807E-08, -1.547227E-02, 1.44803E-03, 5.70111E-03
-4.56744E-08, -1.863384E-02, 1.55341E-03, 5.44819E-03
-4.56682E-08, -2.232233E-02, 1.34264E-03, 5.15311E-03
-4.56619E-08, -2.548390E-02, 1.44803E-03, 4.73156E-03
-4.56557E-08, -2.864547E-02, 1.23726E-03, 4.31002E-03
-4.56494E-08, -3.022625E-02, 1.02648E-03, 3.84633E-03
-4.56432E-08, -3.128011E-02, 1.02648E-03, 3.34047E-03
-4.56369E-08, -3.180704E-02, 8.1571E-04, 2.79247E-03
-4.56307E-08, -3.338782E-02, 2.8879E-04, 2.28662E-03
-4.56244E-08, -3.286089E-02, 1.8340E-04, 1.82292E-03
-4.56182E-08, -3.128011E-02, -1.3276E-04, 1.27492E-03
-4.56119E-08, -3.022625E-02, -4.4891E-04, 7.6907E-04
-4.56057E-08, -2.864547E-02, -8.7046E-04, 3.8968E-04
-4.55994E-08, -2.548390E-02, -9.7584E-04, -3.186E-05
-4.55932E-08, -2.284926E-02, -1.50277E-03, -4.1125E-04
-4.55869E-08, -2.074155E-02, -1.71354E-03, -7.4849E-04
-4.55807E-08, -1.652613E-02, -2.13508E-03, -1.04357E-03
-4.55744E-08, -1.389149E-02, -2.24047E-03, -1.12787E-03
-4.55682E-08, -9.67606E-03, -2.55662E-03, -1.33864E-03
-4.55619E-08, -7.04142E-03, -2.76740E-03, -1.33864E-03
-4.55557E-08, -3.35293E-03, -2.97817E-03, -1.38080E-03
-4.55494E-08, 3.3557E-04, -3.29432E-03, -1.42295E-03
-4.55432E-08, 4.02406E-03, -3.39971E-03, -1.38080E-03
-4.55369E-08, 7.18563E-03, -3.50509E-03, -1.25434E-03
-4.55307E-08, 9.29334E-03, -3.71587E-03, -1.08572E-03
-4.55244E-08, 1.245491E-02, -3.61048E-03, -8.7495E-04
-4.55182E-08, 1.456262E-02, -3.71587E-03, -6.2202E-04
-4.55119E-08, 1.719726E-02, -3.61048E-03, -3.6910E-04
-4.55057E-08, 1.930497E-02, -3.61048E-03, -3.186E-05
-4.54994E-08, 2.141268E-02, -3.50509E-03, 2.2106E-04
-4.54932E-08, 2.246654E-02, -3.61048E-03, 5.1614E-04
-4.54869E-08, 2.352039E-02, -3.39971E-03, 8.1122E-04
-4.54807E-08, 2.457425E-02, -3.29432E-03, 1.10630E-03
-4.54744E-08, 2.562810E-02, -3.18894E-03, 1.40138E-03
-4.54682E-08, 2.615503E-02, -3.29432E-03, 1.61215E-03
-4.54619E-08, 2.615503E-02, -3.08355E-03, 1.82292E-03
-4.54557E-08, 2.720889E-02, -2.87278E-03, 2.03369E-03
-4.54494E-08, 2.720889E-02, -2.87278E-03, 2.28662E-03
-4.54432E-08, 2.720889E-02, -2.66201E-03, 2.45524E-03
-4.54369E-08, 2.773582E-02, -2.24047E-03, 2.58170E-03
-4.54307E-08, 2.773582E-02, -2.34585E-03, 2.70816E-03
-4.54244E-08, 2.720889E-02, -2.34585E-03, 2.79247E-03
-4.54182E-08, 2.720889E-02, -2.13508E-03, 2.87678E-03
-4.54119E-08, 2.826274E-02, -2.02970E-03, 2.79247E-03
-4.54057E-08, 2.668196E-02, -1.92431E-03, 2.87678E-03
-4.53994E-08, 2.720889E-02, -1.71354E-03, 2.83462E-03
-4.53932E-08, 2.720889E-02, -1.50277E-03, 2.79247E-03
-4.53869E-08, 2.773582E-02, -1.50277E-03, 2.70816E-03
-4.53807E-08, 2.720889E-02, -1.39738E-03, 2.58170E-03
-4.53744E-08, 2.720889E-02, -1.08123E-03, 2.49739E-03
-4.53682E-08, 2.668196E-02, -1.08123E-03, 2.45524E-03
-4.53619E-08, 2.615503E-02, -1.18661E-03, 2.37093E-03
-4.53557E-08, 2.510118E-02, -8.7046E-04, 2.24446E-03
-4.53494E-08, 2.562810E-02, -6.5968E-04, 2.16016E-03
-4.53432E-08, 2.404732E-02, -8.7046E-04, 2.03369E-03
-4.53369E-08, 2.246654E-02, -5.5430E-04, 1.99154E-03
-4.53307E-08, 2.141268E-02, -3.4353E-04, 1.90723E-03
-4.53244E-08, 2.035883E-02, -5.5430E-04, 1.86508E-03
-4.53182E-08, 1.825111E-02, -4.4891E-04, 1.78077E-03
-4.53119E-08, 1.667033E-02, -3.4353E-04, 1.69646E-03
-4.53057E-08, 1.456262E-02, -2.3814E-04, 1.69646E-03
-4.52994E-08, 1.192798E-02, -1.3276E-04, 1.65431E-03
-4.52932E-08, 1.087412E-02, -2.3814E-04, 1.65431E-03
-4.52869E-08, 7.71256E-03, -1.3276E-04, 1.61215E-03
-4.52807E-08, 5.60485E-03, -1.3276E-04, 1.65431E-03
-4.52744E-08, 4.02406E-03, -3.4353E-04, 1.65431E-03
-4.52682E-08, 1.38942E-03, -2.3814E-04, 1.69646E-03
-4.52619E-08, -1.24522E-03, -2.3814E-04, 1.73861E-03
-4.52557E-08, -2.29907E-03, -4.4891E-04, 1.82292E-03
-4.52494E-08, -3.87986E-03, -3.4353E-04, 1.73861E-03
-4.52432E-08, -5.46064E-03, -4.4891E-04, 1.86508E-03
-4.52369E-08, -5.46064E-03, -6.5968E-04, 1.90723E-03
-4.52307E-08, -5.98757E-03, -9.7584E-04, 2.03369E-03
-4.52244E-08, -6.51450E-03, -1.08123E-03, 2.03369E-03
-4.52182E-08, -7.56835E-03, -1.08123E-03, 2.03369E-03
-4.52119E-08, -5.98757E-03, -1.39738E-03, 2.03369E-03
-4.52057E-08, -4.93371E-03, -1.29200E-03, 2.11800E-03
-4.51994E-08, -3.87986E-03, -1.60815E-03, 2.11800E-03
-4.51932E-08, -1.24522E-03, -1.60815E-03, 2.11800E-03
-4.51869E-08, 1.38942E-03, -1.60815E-03, 2.03369E-03
-4.51807E-08, 3.49713E-03, -1.71354E-03, 2.11800E-03
-4.51744E-08, 8.23948E-03, -1.60815E-03, 2.03369E-03
-4.51682E-08, 1.140105E-02, -1.71354E-03, 1.99154E-03
-4.51619E-08, 1.561647E-02, -1.60815E-03, 1.99154E-03
-4.51557E-08, 1.930497E-02, -1.50277E-03, 1.90723E-03
-4.51494E-08, 2.352039E-02, -1.18661E-03, 1.82292E-03
-4.51432E-08, 2.720889E-02, -8.7046E-04, 1.69646E-03
-4.51369E-08, 3.195124E-02, -4.4891E-04, 1.48569E-03
-4.51307E-08, 3.563973E-02, -1.3276E-04, 1.44353E-03
-4.51244E-08, 3.932823E-02, 4.9956E-04, 1.27492E-03
-4.51182E-08, 4.354365E-02, 1.02648E-03, 1.14845E-03
-4.51119E-08, 4.670522E-02, 1.76418E-03, 1.06415E-03
-4.51057E-08, 4.881293E-02, 2.29111E-03, 8.5338E-04
-4.50994E-08, 5.144757E-02, 3.13420E-03, 6.4260E-04
-4.50932E-08, 5.250143E-02, 3.87190E-03, 4.7399E-04
-4.50869E-08, 5.355528E-02, 4.82037E-03, 2.2106E-04
-4.50807E-08, 5.355528E-02, 5.55806E-03, 1.029E-05
-4.50744E-08, 5.197450E-02, 6.50653E-03, -2.4263E-04
-4.50682E-08, 4.986679E-02, 7.34962E-03, -4.1125E-04
-4.50619E-08, 4.775907E-02, 8.40348E-03, -6.2202E-04
-4.50557E-08, 4.407058E-02, 8.93040E-03, -8.7495E-04
-4.50494E-08, 4.143594E-02, 9.77349E-03, -1.00141E-03
-4.50432E-08, 3.616666E-02, 1.061657E-02, -1.25434E-03
-4.50369E-08, 3.142431E-02, 1.124889E-02, -1.42295E-03
-4.50307E-08, 2.562810E-02, 1.188120E-02, -1.63372E-03
-4.50244E-08, 1.930497E-02, 1.261890E-02, -1.71803E-03
-4.50182E-08, 1.140105E-02, 1.293505E-02, -1.88665E-03
-4.50119E-08, 5.07792E-03, 1.346198E-02, -1.97096E-03
-4.50057E-08, -2.29907E-03, 1.367275E-02, -2.05527E-03
-4.49994E-08, -1.072992E-02, 1.367275E-02, -2.13958E-03
-4.49932E-08, -1.757998E-02, 1.356737E-02, -2.09742E-03
-4.49869E-08, -2.495697E-02, 1.356737E-02, -2.13958E-03
-4.49807E-08, -3.233396E-02, 1.346198E-02, -2.09742E-03
-4.49744E-08, -3.918403E-02, 1.325121E-02, -2.05527E-03
-4.49682E-08, -4.603409E-02, 1.272428E-02, -1.88665E-03
-4.49619E-08, -5.235722E-02, 1.209197E-02, -1.67588E-03
-4.49557E-08, -5.709957E-02, 1.167043E-02, -1.50726E-03
-4.49494E-08, -6.236885E-02, 1.093273E-02, -1.38080E-03
-4.49432E-08, -6.711120E-02, 1.008964E-02, -1.08572E-03
-4.49369E-08, -6.974584E-02, 9.35195E-03, -8.3279E-04
-4.49307E-08, -7.290741E-02, 8.40348E-03, -5.3771E-04
-4.49244E-08, -7.448819E-02, 7.66578E-03, -1.5833E-04
-4.49182E-08, -7.448819E-02, 6.82269E-03, 1.3675E-04
-4.49119E-08, -7.448819E-02, 5.97961E-03, 4.7399E-04
-4.49057E-08, -7.396127E-02, 5.03114E-03, 8.5338E-04
-4.48994E-08, -7.185356E-02, 4.18805E-03, 1.23276E-03
-4.48932E-08, -6.921891E-02, 3.34497E-03, 1.61215E-03
-4.48869E-08, -6.553042E-02, 2.71265E-03, 1.94939E-03
-4.48807E-08, -6.236885E-02, 1.97495E-03, 2.28662E-03
-4.48744E-08, -5.815343E-02, 1.34264E-03, 2.58170E-03
-4.48682E-08, -5.341108E-02, 7.1033E-04, 3.00324E-03
-4.48619E-08, -4.761487E-02, 1.8340E-04, 3.34047E-03
-4.48557E-08, -4.076481E-02, -1.3276E-04, 3.55125E-03
-4.48494E-08, -3.496860E-02, -5.5430E-04, 3.84633E-03
-4.48432E-08, -2.917239E-02, -7.6507E-04, 4.05710E-03
-4.48369E-08, -2.232233E-02, -7.6507E-04, 4.26787E-03
-4.48307E-08, -1.547227E-02, -8.7046E-04, 4.43648E-03
-4.48244E-08, -1.020299E-02, -8.7046E-04, 4.52079E-03
-4.48182E-08, -4.40678E-03, -8.7046E-04, 4.56295E-03
-4.48119E-08, 1.38942E-03, -4.4891E-04, 4.60510E-03
-4.48057E-08, 6.13177E-03, -4.4891E-04, 4.64726E-03
-4.47994E-08, 1.140105E-02, -2.737E-05, 4.60510E-03
-4.47932E-08, 1.456262E-02, 3.9417E-04, 4.60510E-03
-4.47869E-08, 1.877804E-02, 6.0494E-04, 4.47864E-03
-4.47807E-08, 2.193961E-02, 8.1571E-04, 4.39433E-03
-4.47744E-08, 2.457425E-02, 1.34264E-03, 4.22571E-03
-4.47682E-08, 2.615503E-02, 1.55341E-03, 4.05710E-03
-4.47619E-08, 2.720889E-02, 1.97495E-03, 3.93063E-03
-4.47557E-08, 2.826274E-02, 2.18573E-03, 3.67771E-03
-4.47494E-08, 2.773582E-02, 2.60727E-03, 3.42478E-03
-4.47432E-08, 2.668196E-02, 2.92343E-03, 3.25617E-03
-4.47369E-08, 2.615503E-02, 3.13420E-03, 3.00324E-03
-4.47307E-08, 2.404732E-02, 3.23958E-03, 2.75032E-03
-4.47244E-08, 2.193961E-02, 3.55574E-03, 2.62385E-03
-4.47182E-08, 1.930497E-02, 3.66112E-03, 2.32877E-03
-4.47119E-08, 1.667033E-02, 3.76651E-03, 2.07585E-03
-4.47057E-08, 1.245491E-02, 3.66112E-03, 1.78077E-03
-4.46994E-08, 9.29334E-03, 3.87190E-03, 1.52784E-03
-4.46932E-08, 5.07792E-03, 3.45035E-03, 1.35923E-03
-4.46869E-08, 1.91635E-03, 3.66112E-03, 1.02199E-03
-4.46807E-08, -2.82600E-03, 3.45035E-03, 7.6907E-04
-4.46744E-08, -6.51450E-03, 3.45035E-03, 5.1614E-04
-4.46682E-08, -1.125685E-02, 3.13420E-03, 3.0537E-04
-4.46619E-08, -1.599920E-02, 3.02881E-03, 1.029E-05
-4.46557E-08, -1.968769E-02, 2.60727E-03, -2.8479E-04
-4.46494E-08, -2.390312E-02, 2.18573E-03, -5.7987E-04
-4.46432E-08, -2.811854E-02, 1.97495E-03, -8.7495E-04
-4.46369E-08, -3.128011E-02, 1.65880E-03, -1.12787E-03
-4.46307E-08, -3.444167E-02, 1.13187E-03, -1.42295E-03
-4.46244E-08, -3.760324E-02, 9.2110E-04, -1.76019E-03
-4.46182E-08, -4.129174E-02, 4.9956E-04, -2.05527E-03
-4.46119E-08, -4.339945E-02, 7.801E-05, -2.43465E-03
-4.46057E-08, -4.656101E-02, -5.5430E-04, -2.68758E-03
-4.45994E-08, -4.866873E-02, -8.7046E-04, -3.06697E-03
-4.45932E-08, -5.024951E-02, -1.39738E-03, -3.40420E-03
-4.45869E-08, -5.077644E-02, -1.71354E-03, -3.69928E-03
-4.45807E-08, -5.341108E-02, -2.13508E-03, -4.03652E-03
-4.45744E-08, -5.446493E-02, -2.66201E-03, -4.37375E-03
-4.45682E-08, -5.551879E-02, -3.08355E-03, -4.66883E-03
-4.45619E-08, -5.657265E-02, -3.61048E-03, -4.96391E-03
-4.45557E-08, -5.551879E-02, -3.82125E-03, -5.30114E-03
-4.45494E-08, -5.604572E-02, -4.13741E-03, -5.51191E-03
-4.45432E-08, -5.499186E-02, -4.55895E-03, -5.68053E-03
-4.45369E-08, -5.446493E-02, -4.76972E-03, -5.84915E-03
-4.45307E-08, -5.393801E-02, -5.08588E-03, -6.05992E-03
-4.45244E-08, -5.288415E-02, -5.29665E-03, -6.10207E-03
-4.45182E-08, -5.130336E-02, -5.19126E-03, -6.18638E-03
-4.45119E-08, -4.866873E-02, -5.50742E-03, -6.27069E-03
-4.45057E-08, -4.761487E-02, -5.71819E-03, -6.22854E-03
-4.44994E-08, -4.498023E-02, -5.71819E-03, -6.18638E-03
-4.44932E-08, -4.287252E-02, -5.61281E-03, -6.10207E-03
-4.44869E-08, -4.023788E-02, -5.40204E-03, -5.89130E-03
-4.44807E-08, -3.707631E-02, -5.08588E-03, -5.76484E-03
-4.44744E-08, -3.391474E-02, -4.87511E-03, -5.46976E-03
-4.44682E-08, -3.128011E-02, -4.66434E-03, -5.13253E-03
-4.44619E-08, -2.706468E-02, -4.24279E-03, -4.79529E-03
-4.44557E-08, -2.443004E-02, -3.71587E-03, -4.45806E-03
-4.44494E-08, -2.126848E-02, -3.08355E-03, -4.03652E-03
-4.44432E-08, -1.652613E-02, -2.55662E-03, -3.57282E-03
-4.44369E-08, -1.389149E-02, -1.81893E-03, -3.10912E-03
-4.44307E-08, -9.67606E-03, -1.29200E-03, -2.60327E-03
-4.44244E-08, -7.04142E-03, -3.4353E-04, -2.13958E-03
-4.44182E-08, -2.82600E-03, 6.0494E-04, -1.59157E-03
-4.44119E-08, 8.6249E-04, 1.34264E-03, -1.12787E-03
-4.44057E-08, 4.02406E-03, 2.18573E-03, -7.0633E-04
-4.43994E-08, 6.13177E-03, 2.92343E-03, -2.0048E-04
-4.43932E-08, 9.82027E-03, 3.87190E-03, 2.6322E-04
-4.43869E-08, 1.245491E-02, 4.82037E-03, 6.4260E-04
-4.43807E-08, 1.403569E-02, 5.55806E-03, 1.10630E-03
-4.43744E-08, 1.614340E-02, 6.29576E-03, 1.44353E-03
-4.43682E-08, 1.719726E-02, 7.03346E-03, 1.73861E-03
-4.43619E-08, 1.983190E-02, 7.56039E-03, 2.03369E-03
-4.43557E-08, 1.930497E-02, 8.40348E-03, 2.20231E-03
-4.43494E-08, 2.035883E-02, 8.71963E-03, 2.32877E-03
-4.43432E-08, 2.035883E-02, 9.35195E-03, 2.49739E-03
-4.43369E-08, 1.930497E-02, 9.66810E-03, 2.58170E-03
-4.43307E-08, 1.825111E-02, 9.87887E-03, 2.62385E-03
-4.43244E-08, 1.877804E-02, 1.019503E-02, 2.70816E-03
-4.43182E-08, 1.667033E-02, 1.019503E-02, 2.62385E-03
-4.43119E-08, 1.561647E-02, 1.030042E-02, 2.53954E-03
-4.43057E-08, 1.403569E-02, 1.030042E-02, 2.37093E-03
-4.42994E-08, 1.140105E-02, 1.019503E-02, 2.32877E-03
-4.42932E-08, 9.82027E-03, 9.98426E-03, 2.20231E-03
-4.42869E-08, 8.76641E-03, 9.98426E-03, 2.03369E-03
-4.42807E-08, 6.65870E-03, 9.35195E-03, 1.90723E-03
-4.42744E-08, 5.07792E-03, 9.45733E-03, 1.69646E-03
-4.42682E-08, 4.55099E-03, 9.03579E-03, 1.52784E-03
-4.42619E-08, 1.38942E-03, 8.50886E-03, 1.44353E-03
-4.42557E-08, 1.38942E-03, 8.08732E-03, 1.35923E-03
-4.42494E-08, -1.9136E-04, 7.77116E-03, 1.19061E-03
-4.42432E-08, -1.9136E-04, 7.34962E-03, 1.19061E-03
-4.42369E-08, -7.1829E-04, 7.03346E-03, 1.14845E-03
-4.42307E-08, -1.24522E-03, 6.61192E-03, 1.10630E-03
-4.42244E-08, -1.24522E-03, 6.29576E-03, 1.06415E-03
-4.42182E-08, -7.1829E-04, 5.66345E-03, 1.14845E-03
-4.42119E-08, 1.38942E-03, 5.87422E-03, 1.23276E-03
-4.42057E-08, 2.44328E-03, 5.34729E-03, 1.31707E-03
-4.41994E-08, 4.02406E-03, 5.03114E-03, 1.35923E-03
-4.41932E-08, 5.60485E-03, 4.92575E-03, 1.57000E-03
-4.41869E-08, 9.29334E-03, 4.82037E-03, 1.69646E-03
-4.41807E-08, 1.087412E-02, 4.82037E-03, 1.82292E-03
-4.41744E-08, 1.350876E-02, 4.60959E-03, 1.99154E-03
-4.41682E-08, 1.561647E-02, 4.50421E-03, 2.20231E-03
-4.41619E-08, 1.772419E-02, 4.60959E-03, 2.37093E-03
-4.41557E-08, 2.088575E-02, 4.82037E-03, 2.41308E-03
-4.41494E-08, 2.246654E-02, 4.71498E-03, 2.53954E-03
-4.41432E-08, 2.510118E-02, 4.92575E-03, 2.62385E-03
-4.41369E-08, 2.720889E-02, 5.03114E-03, 2.58170E-03
-4.41307E-08, 2.931660E-02, 5.13652E-03, 2.58170E-03
-4.41244E-08, 2.984353E-02, 5.34729E-03, 2.66601E-03
-4.41182E-08, 3.037046E-02, 5.45268E-03, 2.58170E-03
-4.41119E-08, 3.142431E-02, 5.55806E-03, 2.45524E-03
-4.41057E-08, 3.037046E-02, 5.66345E-03, 2.32877E-03
-4.40994E-08, 2.984353E-02, 6.08499E-03, 2.11800E-03
-4.40932E-08, 2.826274E-02, 6.08499E-03, 1.82292E-03
-4.40869E-08, 2.668196E-02, 6.19038E-03, 1.48569E-03
-4.40807E-08, 2.404732E-02, 6.50653E-03, 1.19061E-03
-4.40744E-08, 2.141268E-02, 6.50653E-03, 7.6907E-04
-4.40682E-08, 1.825111E-02, 6.61192E-03, 4.3183E-04
-4.40619E-08, 1.403569E-02, 6.61192E-03, 5.244E-05
-4.40557E-08, 1.087412E-02, 6.61192E-03, -2.4263E-04
-4.40494E-08, 6.65870E-03, 6.61192E-03, -7.0633E-04
-4.40432E-08, 1.91635E-03, 6.61192E-03, -1.12787E-03
-4.40369E-08, -1.77215E-03, 6.71731E-03, -1.50726E-03
-4.40307E-08, -6.51450E-03, 6.40115E-03, -1.80234E-03
-4.40244E-08, -1.020299E-02, 6.50653E-03, -2.05527E-03
-4.40182E-08, -1.389149E-02, 6.29576E-03, -2.35035E-03
-4.40119E-08, -1.705305E-02, 6.40115E-03, -2.60327E-03
-4.40057E-08, -2.126848E-02, 5.97961E-03, -2.64543E-03
-4.39994E-08, -2.390312E-02, 5.76884E-03, -2.77189E-03
-4.39932E-08, -2.706468E-02, 5.45268E-03, -2.77189E-03
-4.39869E-08, -2.917239E-02, 5.03114E-03, -2.68758E-03
-4.39807E-08, -3.128011E-02, 4.60959E-03, -2.56112E-03
-4.39744E-08, -3.180704E-02, 4.39882E-03, -2.35035E-03
-4.39682E-08, -3.233396E-02, 3.97728E-03, -1.97096E-03
-4.39619E-08, -3.180704E-02, 3.23958E-03, -1.67588E-03
-4.39557E-08, -3.128011E-02, 2.71265E-03, -1.21218E-03
-4.39494E-08, -3.075318E-02, 2.18573E-03, -7.0633E-04
-4.39432E-08, -2.811854E-02, 1.34264E-03, -1.1617E-04
-4.39369E-08, -2.706468E-02, 6.0494E-04, 4.3183E-04
-4.39307E-08, -2.443004E-02, -1.3276E-04, 1.06415E-03
-4.39244E-08, -2.179541E-02, -8.7046E-04, 1.78077E-03
-4.39182E-08, -1.810691E-02, -1.81893E-03, 2.41308E-03
-4.39119E-08, -1.547227E-02, -2.66201E-03, 3.00324E-03
-4.39057E-08, -1.231070E-02, -3.61048E-03, 3.76202E-03
-4.38994E-08, -9.67606E-03, -4.34818E-03, 4.31002E-03
-4.38932E-08, -5.98757E-03, -5.29665E-03, 4.90018E-03
-4.38869E-08, -2.82600E-03, -6.24512E-03, 5.44819E-03
-4.38807E-08, -1.24522E-03, -7.08820E-03, 5.91188E-03
-4.38744E-08, 1.38942E-03, -7.61513E-03, 6.29127E-03
-4.38682E-08, 2.44328E-03, -8.66899E-03, 6.62850E-03
-4.38619E-08, 5.07792E-03, -9.30130E-03, 6.92358E-03
-4.38557E-08, 5.07792E-03, -9.82823E-03, 7.13436E-03
-4.38494E-08, 6.13177E-03, -1.046054E-02, 7.17651E-03
-4.38432E-08, 5.60485E-03, -1.088209E-02, 7.21866E-03
-4.38369E-08, 4.55099E-03, -1.119824E-02, 7.00789E-03
-4.38307E-08, 4.02406E-03, -1.130363E-02, 6.96574E-03
-4.38244E-08, 2.97021E-03, -1.130363E-02, 6.67066E-03
-4.38182E-08, 1.38942E-03, -1.098747E-02, 6.33342E-03
-4.38119E-08, -1.24522E-03, -1.088209E-02, 5.95404E-03
-4.38057E-08, -3.35293E-03, -1.056593E-02, 5.53249E-03
-4.37994E-08, -5.98757E-03, -9.93362E-03, 5.02664E-03
-4.37932E-08, -9.14914E-03, -9.40669E-03, 4.47864E-03
-4.37869E-08, -1.125685E-02, -8.45822E-03, 3.97279E-03
-4.37807E-08, -1.441841E-02, -7.72052E-03, 3.34047E-03
-4.37744E-08, -1.705305E-02, -6.56128E-03, 2.75032E-03
-4.37682E-08, -1.916077E-02, -5.71819E-03, 2.20231E-03
-4.37619E-08, -2.179541E-02, -4.55895E-03, 1.57000E-03
-4.37557E-08, -2.337619E-02, -3.18894E-03, 1.06415E-03
-4.37494E-08, -2.495697E-02, -1.92431E-03, 5.5830E-04
-4.37432E-08, -2.495697E-02, -7.6507E-04, 5.244E-05
-4.37369E-08, -2.548390E-02, 4.9956E-04, -4.1125E-04
-4.37307E-08, -2.601083E-02, 1.65880E-03, -6.6418E-04
-4.37244E-08, -2.601083E-02, 2.92343E-03, -1.08572E-03
-4.37182E-08, -2.495697E-02, 4.18805E-03, -1.21218E-03
-4.37119E-08, -2.337619E-02, 5.24191E-03, -1.42295E-03
-4.37057E-08, -2.126848E-02, 5.76884E-03, -1.54942E-03
-4.36994E-08, -1.968769E-02, 6.82269E-03, -1.54942E-03
-4.36932E-08, -1.705305E-02, 7.24423E-03, -1.54942E-03
-4.36869E-08, -1.336456E-02, 7.87655E-03, -1.50726E-03
-4.36807E-08, -1.125685E-02, 8.08732E-03, -1.46511E-03
-4.36744E-08, -7.56835E-03, 8.19270E-03, -1.38080E-03
-4.36682E-08, -3.35293E-03, 8.19270E-03, -1.12787E-03
-4.36619E-08, -7.1829E-04, 7.87655E-03, -9.1710E-04
-4.36557E-08, 3.49713E-03, 7.56039E-03, -7.0633E-04
-4.36494E-08, 6.13177E-03, 7.13885E-03, -6.2202E-04
-4.36432E-08, 9.29334E-03, 6.40115E-03, -2.8479E-04
-4.36369E-08, 1.192798E-02, 5.55806E-03, -1.5833E-04
-4.36307E-08, 1.403569E-02, 4.60959E-03, 1.029E-05
-4.36244E-08, 1.667033E-02, 3.66112E-03, 2.6322E-04
-4.36182E-08, 1.772419E-02, 2.60727E-03, 2.6322E-04
-4.36119E-08, 1.930497E-02, 1.65880E-03, 3.8968E-04
-4.36057E-08, 1.930497E-02, 3.9417E-04, 4.3183E-04
-4.35994E-08, 1.930497E-02, -6.5968E-04, 3.8968E-04
-4.35932E-08, 1.877804E-02, -2.02970E-03, 3.0537E-04
-4.35869E-08, 1.772419E-02, -2.87278E-03, 1.7891E-04
-4.35807E-08, 1.561647E-02, -3.92664E-03, 5.244E-05
-4.35744E-08, 1.403569E-02, -4.87511E-03, -2.0048E-04
-4.35682E-08, 1.087412E-02, -5.61281E-03, -3.6910E-04
-4.35619E-08, 7.71256E-03, -6.24512E-03, -5.7987E-04
-4.35557E-08, 4.02406E-03, -6.77205E-03, -9.1710E-04
-4.35494E-08, -1.9136E-04, -7.08820E-03, -1.08572E-03
-4.35432E-08, -2.82600E-03, -7.50975E-03, -1.50726E-03
-4.35369E-08, -6.51450E-03, -7.40436E-03, -1.76019E-03
-4.35307E-08, -1.020299E-02, -7.50975E-03, -1.97096E-03
-4.35244E-08, -1.441841E-02, -7.29898E-03, -2.26604E-03
-4.35182E-08, -1.705305E-02, -7.08820E-03, -2.47681E-03
-4.35119E-08, -2.021462E-02, -6.66666E-03, -2.64543E-03
-4.35057E-08, -2.337619E-02, -6.13973E-03, -2.89835E-03
-4.34994E-08, -2.653776E-02, -5.50742E-03, -3.06697E-03
-4.34932E-08, -2.811854E-02, -4.76972E-03, -3.15128E-03
-4.34869E-08, -2.811854E-02, -4.03202E-03, -3.19343E-03
-4.34807E-08, -2.969932E-02, -2.97817E-03, -3.15128E-03
-4.34744E-08, -2.917239E-02, -2.13508E-03, -3.02481E-03
-4.34682E-08, -2.864547E-02, -1.39738E-03, -2.89835E-03
-4.34619E-08, -2.759161E-02, -2.3814E-04, -2.72973E-03
-4.34557E-08, -2.548390E-02, 4.9956E-04, -2.51896E-03
-4.34494E-08, -2.232233E-02, 1.34264E-03, -2.13958E-03
-4.34432E-08, -2.074155E-02, 2.08034E-03, -1.88665E-03
-4.34369E-08, -1.652613E-02, 2.92343E-03, -1.46511E-03
-4.34307E-08, -1.231070E-02, 3.34497E-03, -1.04357E-03
-4.34244E-08, -8.62221E-03, 4.08267E-03, -6.2202E-04
-4.34182E-08, -3.35293E-03, 4.50421E-03, -1.5833E-04
-4.34119E-08, 1.38942E-03, 4.92575E-03, 2.2106E-04
-4.34057E-08, 6.13177E-03, 5.24191E-03, 7.6907E-04
-4.33994E-08, 1.034720E-02, 5.55806E-03, 1.14845E-03
-4.33932E-08, 1.561647E-02, 5.55806E-03, 1.52784E-03
-4.33869E-08, 2.035883E-02, 5.87422E-03, 1.94939E-03
-4.33807E-08, 2.404732E-02, 5.76884E-03, 2.37093E-03
-4.33744E-08, 2.826274E-02, 5.66345E-03, 2.66601E-03
-4.33682E-08, 3.089738E-02, 5.55806E-03, 3.00324E-03
-4.33619E-08, 3.458588E-02, 5.66345E-03, 3.25617E-03
-4.33557E-08, 3.616666E-02, 5.45268E-03, 3.42478E-03
-4.33494E-08, 3.827437E-02, 5.34729E-03, 3.55125E-03
-4.33432E-08, 3.880130E-02, 5.34729E-03, 3.67771E-03
-4.33369E-08, 3.932823E-02, 5.34729E-03, 3.71986E-03
-4.33307E-08, 3.722052E-02, 5.34729E-03, 3.71986E-03
-4.33244E-08, 3.616666E-02, 5.03114E-03, 3.71986E-03
-4.33182E-08, 3.353202E-02, 4.92575E-03, 3.55125E-03
-4.33119E-08, 3.195124E-02, 5.03114E-03, 3.46694E-03
-4.33057E-08, 2.668196E-02, 5.03114E-03, 3.34047E-03
-4.32994E-08, 2.352039E-02, 5.24191E-03, 3.04540E-03
-4.32932E-08, 1.825111E-02, 5.34729E-03, 2.83462E-03
-4.32869E-08, 1.298183E-02, 5.45268E-03, 2.58170E-03
-4.32807E-08, 8.23948E-03, 5.66345E-03, 2.41308E-03
-4.32744E-08, 2.97021E-03, 5.87422E-03, 2.07585E-03
-4.32682E-08, -3.35293E-03, 5.97961E-03, 1.82292E-03
-4.32619E-08, -1.072992E-02, 6.29576E-03, 1.61215E-03
-4.32557E-08, -1.547227E-02, 6.29576E-03, 1.31707E-03
-4.32494E-08, -2.179541E-02, 6.50653E-03, 1.10630E-03
-4.32432E-08, -2.706468E-02, 6.71731E-03, 8.9553E-04
-4.32369E-08, -3.180704E-02, 6.82269E-03, 6.8476E-04
-4.32307E-08, -3.707631E-02, 6.82269E-03, 5.5830E-04
-4.32244E-08, -4.076481E-02, 6.92808E-03, 3.8968E-04
-4.32182E-08, -4.445330E-02, 6.92808E-03, 3.0537E-04
-4.32119E-08, -4.656101E-02, 6.82269E-03, 2.2106E-04
-4.32057E-08, -4.972258E-02, 6.61192E-03, 1.3675E-04
-4.31994E-08, -5.077644E-02, 6.50653E-03, 1.3675E-04
-4.31932E-08, -5.130336E-02, 6.19038E-03, 1.3675E-04
-4.31869E-08, -5.077644E-02, 5.97961E-03, 1.7891E-04
-4.31807E-08, -5.077644E-02, 5.66345E-03, 2.2106E-04
-4.31744E-08, -4.866873E-02, 5.34729E-03, 2.6322E-04
-4.31682E-08, -4.656101E-02, 4.82037E-03, 3.4752E-04
-4.31619E-08, -4.339945E-02, 4.29344E-03, 4.3183E-04
-4.31557E-08, -4.023788E-02, 3.97728E-03, 5.1614E-04
-4.31494E-08, -3.602246E-02, 3.66112E-03, 5.5830E-04
-4.31432E-08, -3.233396E-02, 2.92343E-03, 6.4260E-04
-4.31369E-08, -2.653776E-02, 2.71265E-03, 6.8476E-04
-4.31307E-08, -2.232233E-02, 2.39650E-03, 6.8476E-04
-4.31244E-08, -1.652613E-02, 1.97495E-03, 7.6907E-04
-4.31182E-08, -1.231070E-02, 1.55341E-03, 7.6907E-04
-4.31119E-08, -5.98757E-03, 1.65880E-03, 6.8476E-04
-4.31057E-08, -2.82600E-03, 1.23726E-03, 8.1122E-04
-4.30994E-08, 1.38942E-03, 1.23726E-03, 6.8476E-04
-4.30932E-08, 6.13177E-03, 1.13187E-03, 6.4260E-04
-4.30869E-08, 9.82027E-03, 1.23726E-03, 6.0045E-04
-4.30807E-08, 1.350876E-02, 1.55341E-03, 4.7399E-04
-4.30744E-08, 1.508955E-02, 1.76418E-03, 4.3183E-04
-4.30682E-08, 1.825111E-02, 1.76418E-03, 3.8968E-04
-4.30619E-08, 1.825111E-02, 2.39650E-03, 2.2106E-04
-4.30557E-08, 1.983190E-02, 2.81804E-03, 1.3675E-04
-4.30494E-08, 1.930497E-02, 3.34497E-03, 1.029E-05
-4.30432E-08, 1.877804E-02, 3.97728E-03, -7.402E-05
-4.30369E-08, 1.772419E-02, 4.39882E-03, -1.5833E-04
-4.30307E-08, 1.508955E-02, 5.13652E-03, -2.4263E-04
-4.30244E-08, 1.245491E-02, 5.66345E-03, -3.2694E-04
-4.30182E-08, 9.82027E-03, 6.08499E-03, -4.1125E-04
-4.30119E-08, 7.71256E-03, 6.82269E-03, -4.5341E-04
-4.30057E-08, 2.44328E-03, 7.34962E-03, -3.6910E-04
-4.29994E-08, -1.77215E-03, 7.77116E-03, -5.3771E-04
-4.29932E-08, -5.46064E-03, 8.19270E-03, -4.9556E-04
-4.29869E-08, -9.67606E-03, 8.50886E-03, -5.3771E-04
-4.29807E-08, -1.494534E-02, 8.71963E-03, -4.9556E-04
-4.29744E-08, -1.916077E-02, 8.93040E-03, -4.9556E-04
-4.29682E-08, -2.390312E-02, 8.82502E-03, -4.9556E-04
-4.29619E-08, -2.706468E-02, 8.82502E-03, -3.6910E-04
-4.29557E-08, -3.180704E-02, 8.71963E-03, -3.6910E-04
-4.29494E-08, -3.549553E-02, 8.61425E-03, -3.6910E-04
-4.29432E-08, -3.865710E-02, 7.98193E-03, -2.8479E-04
-4.29369E-08, -4.129174E-02, 7.77116E-03, -3.2694E-04
-4.29307E-08, -4.498023E-02, 7.24423E-03, -2.4263E-04
-4.29244E-08, -4.761487E-02, 6.71731E-03, -3.2694E-04
-4.29182E-08, -4.919565E-02, 5.87422E-03, -2.4263E-04
-4.29119E-08, -5.024951E-02, 5.34729E-03, -3.2694E-04
-4.29057E-08, -5.183030E-02, 4.50421E-03, -3.6910E-04
-4.28994E-08, -5.235722E-02, 3.87190E-03, -4.5341E-04
-4.28932E-08, -5.288415E-02, 3.02881E-03, -5.7987E-04
-4.28869E-08, -5.183030E-02, 2.39650E-03, -6.6418E-04
-4.28807E-08, -5.130336E-02, 1.76418E-03, -7.9064E-04
-4.28744E-08, -4.972258E-02, 1.02648E-03, -1.00141E-03
-4.28682E-08, -4.972258E-02, 3.9417E-04, -1.12787E-03
-4.28619E-08, -4.814180E-02, -1.3276E-04, -1.29649E-03
-4.28557E-08, -4.603409E-02, -5.5430E-04, -1.54942E-03
-4.28494E-08, -4.392638E-02, -8.7046E-04, -1.84450E-03
-4.28432E-08, -4.234559E-02, -1.08123E-03, -1.97096E-03
-4.28369E-08, -4.023788E-02, -1.50277E-03, -2.22388E-03
-4.28307E-08, -3.813017E-02, -1.50277E-03, -2.43465E-03
-4.28244E-08, -3.602246E-02, -1.50277E-03, -2.60327E-03
-4.28182E-08, -3.444167E-02, -1.50277E-03, -2.81404E-03
-4.28119E-08, -3.128011E-02, -1.29200E-03, -2.98266E-03
-4.28057E-08, -3.022625E-02, -1.08123E-03, -2.98266E-03
-4.27994E-08, -2.811854E-02, -6.5968E-04, -3.19343E-03
-4.27932E-08, -2.653776E-02, -3.4353E-04, -3.27774E-03
-4.27869E-08, -2.443004E-02, 1.8340E-04, -3.36205E-03
-4.27807E-08, -2.232233E-02, 6.0494E-04, -3.40420E-03
-4.27744E-08, -2.232233E-02, 1.23726E-03, -3.40420E-03
-4.27682E-08, -2.232233E-02, 1.76418E-03, -3.31989E-03
-4.27619E-08, -2.074155E-02, 2.18573E-03, -3.23559E-03
-4.27557E-08, -2.074155E-02, 2.50188E-03, -3.06697E-03
-4.27494E-08, -2.021462E-02, 3.23958E-03, -3.02481E-03
-4.27432E-08, -1.968769E-02, 3.76651E-03, -2.81404E-03
-4.27369E-08, -1.968769E-02, 4.18805E-03, -2.64543E-03
-4.27307E-08, -1.968769E-02, 4.50421E-03, -2.43465E-03
-4.27244E-08, -1.968769E-02, 4.82037E-03, -2.26604E-03
-4.27182E-08, -2.126848E-02, 5.13652E-03, -1.92880E-03
-4.27119E-08, -2.126848E-02, 5.45268E-03, -1.76019E-03
-4.27057E-08, -2.337619E-02, 5.34729E-03, -1.46511E-03
-4.26994E-08, -2.284926E-02, 5.34729E-03, -1.21218E-03
-4.26932E-08, -2.443004E-02, 5.24191E-03, -9.5926E-04
-4.26869E-08, -2.443004E-02, 5.13652E-03, -8.3279E-04
-4.26807E-08, -2.548390E-02, 4.71498E-03, -5.3771E-04
-4.26744E-08, -2.653776E-02, 4.50421E-03, -4.5341E-04
-4.26682E-08, -2.811854E-02, 3.97728E-03, -2.0048E-04
-4.26619E-08, -2.759161E-02, 3.55574E-03, -1.1617E-04
-4.26557E-08, -2.917239E-02, 3.02881E-03, 1.029E-05
-4.26494E-08, -2.811854E-02, 2.39650E-03, 1.029E-05
-4.26432E-08, -2.969932E-02, 1.76418E-03, 9.460E-05
-4.26369E-08, -3.022625E-02, 1.23726E-03, 5.244E-05
-4.26307E-08, -3.022625E-02, 6.0494E-04, 1.029E-05
-4.26244E-08, -3.075318E-02, -2.737E-05, -7.402E-05
-4.26182E-08, -3.075318E-02, -6.5968E-04, -1.5833E-04
-4.26119E-08, -2.969932E-02, -1.39738E-03, -2.8479E-04
-4.26057E-08, -3.022625E-02, -2.13508E-03, -4.5341E-04
-4.25994E-08, -2.969932E-02, -2.76740E-03, -6.6418E-04
-4.25932E-08, -2.864547E-02, -3.18894E-03, -7.9064E-04
-4.25869E-08, -2.864547E-02, -3.50509E-03, -1.00141E-03
-4.25807E-08, -2.811854E-02, -4.24279E-03, -1.25434E-03
-4.25744E-08, -2.653776E-02, -4.66434E-03, -1.46511E-03
-4.25682E-08, -2.548390E-02, -4.87511E-03, -1.63372E-03
-4.25619E-08, -2.548390E-02, -5.19126E-03, -1.84450E-03
-4.25557E-08, -2.390312E-02, -5.61281E-03, -2.05527E-03
-4.25494E-08, -2.284926E-02, -5.61281E-03, -2.22388E-03
-4.25432E-08, -2.179541E-02, -5.71819E-03, -2.30819E-03
-4.25369E-08, -1.968769E-02, -5.82358E-03, -2.43465E-03
-4.25307E-08, -1.916077E-02, -5.82358E-03, -2.51896E-03
-4.25244E-08, -1.863384E-02, -5.82358E-03, -2.60327E-03
-4.25182E-08, -1.757998E-02, -5.92896E-03, -2.60327E-03
-4.25119E-08, -1.652613E-02, -5.82358E-03, -2.72973E-03
-4.25057E-08, -1.599920E-02, -5.40204E-03, -2.56112E-03
-4.24994E-08, -1.547227E-02, -5.50742E-03, -2.60327E-03
-4.24932E-08, -1.441841E-02, -5.19126E-03, -2.51896E-03
-4.24869E-08, -1.283763E-02, -5.08588E-03, -2.43465E-03
-4.24807E-08, -1.336456E-02, -4.98049E-03, -2.26604E-03
-4.24744E-08, -1.178377E-02, -4.87511E-03, -2.22388E-03
-4.24682E-08, -1.178377E-02, -4.55895E-03, -1.97096E-03
-4.24619E-08, -1.020299E-02, -4.45356E-03, -1.88665E-03
-4.24557E-08, -1.020299E-02, -4.13741E-03, -1.63372E-03
-4.24494E-08, -8.09528E-03, -4.13741E-03, -1.50726E-03
-4.24432E-08, -8.09528E-03, -3.92664E-03, -1.33864E-03
-4.24369E-08, -6.51450E-03, -3.82125E-03, -1.17003E-03
-4.24307E-08, -6.51450E-03, -3.92664E-03, -1.00141E-03
-4.24244E-08, -5.98757E-03, -3.82125E-03, -7.9064E-04
-4.24182E-08, -4.93371E-03, -3.71587E-03, -5.7987E-04
-4.24119E-08, -3.35293E-03, -3.82125E-03, -4.9556E-04
-4.24057E-08, -2.82600E-03, -3.82125E-03, -3.2694E-04
-4.23994E-08, -1.77215E-03, -3.92664E-03, -1.1617E-04
-4.23932E-08, -1.9136E-04, -4.03202E-03, -7.402E-05
-4.23869E-08, 1.38942E-03, -3.82125E-03, 5.244E-05
-4.23807E-08, 2.97021E-03, -3.82125E-03, 9.460E-05
-4.23744E-08, 4.55099E-03, -4.03202E-03, 1.3675E-04
-4.23682E-08, 6.13177E-03, -4.24279E-03, 2.6322E-04
-4.23619E-08, 7.71256E-03, -4.24279E-03, 3.0537E-04
-4.23557E-08, 8.23948E-03, -4.13741E-03, 3.0537E-04
-4.23494E-08, 1.034720E-02, -4.45356E-03, 3.0537E-04
-4.23432E-08, 1.087412E-02, -4.34818E-03, 3.4752E-04
-4.23369E-08, 1.245491E-02, -4.24279E-03, 3.0537E-04
-4.23307E-08, 1.350876E-02, -4.34818E-03, 3.8968E-04
-4.23244E-08, 1.508955E-02, -4.34818E-03, 4.3183E-04
-4.23182E-08, 1.508955E-02, -4.34818E-03, 3.8968E-04
-4.23119E-08, 1.614340E-02, -4.13741E-03, 4.3183E-04
-4.23057E-08, 1.561647E-02, -4.34818E-03, 4.3183E-04
-4.22994E-08, 1.561647E-02, -4.13741E-03, 3.8968E-04
-4.22932E-08, 1.561647E-02, -4.03202E-03, 4.3183E-04
-4.22869E-08, 1.350876E-02, -3.92664E-03, 5.1614E-04
-4.22807E-08, 1.245491E-02, -3.71587E-03, 5.5830E-04
-4.22744E-08, 1.140105E-02, -3.39971E-03, 5.5830E-04
-4.22682E-08, 9.29334E-03, -3.50509E-03, 6.0045E-04
-4.22619E-08, 6.13177E-03, -3.18894E-03, 6.8476E-04
-4.22557E-08, 3.49713E-03, -3.08355E-03, 7.2691E-04
-4.22494E-08, 1.38942E-03, -2.87278E-03, 8.1122E-04
-4.22432E-08, -1.77215E-03, -2.87278E-03, 9.3768E-04
-4.22369E-08, -4.93371E-03, -2.76740E-03, 9.3768E-04
-4.22307E-08, -9.14914E-03, -2.76740E-03, 1.06415E-03
-4.22244E-08, -1.336456E-02, -2.66201E-03, 1.19061E-03
-4.22182E-08, -1.705305E-02, -2.66201E-03, 1.27492E-03
-4.22119E-08, -2.021462E-02, -2.66201E-03, 1.35923E-03
-4.22057E-08, -2.443004E-02, -2.76740E-03, 1.57000E-03
-4.21994E-08, -2.811854E-02, -2.76740E-03, 1.57000E-03
-4.21932E-08, -3.022625E-02, -2.87278E-03, 1.65431E-03
-4.21869E-08, -3.286089E-02, -3.08355E-03, 1.78077E-03
-4.21807E-08, -3.549553E-02, -3.18894E-03, 1.86508E-03
-4.21744E-08, -3.813017E-02, -3.50509E-03, 1.94939E-03
-4.21682E-08, -3.865710E-02, -3.82125E-03, 2.03369E-03
-4.21619E-08, -3.971095E-02, -4.34818E-03, 2.16016E-03
-4.21557E-08, -4.023788E-02, -4.87511E-03, 2.20231E-03
-4.21494E-08, -3.865710E-02, -5.19126E-03, 2.24446E-03
-4.21432E-08, -3.813017E-02, -5.61281E-03, 2.24446E-03
-4.21369E-08, -3.602246E-02, -6.24512E-03, 2.28662E-03
-4.21307E-08, -3.338782E-02, -6.77205E-03, 2.37093E-03
-4.21244E-08, -3.022625E-02, -7.50975E-03, 2.37093E-03
-4.21182E-08, -2.759161E-02, -8.14206E-03, 2.32877E-03
-4.21119E-08, -2.179541E-02, -8.45822E-03, 2.28662E-03
-4.21057E-08, -1.810691E-02, -9.61746E-03, 2.32877E-03
-4.20994E-08, -1.231070E-02, -1.014439E-02, 2.28662E-03
-4.20932E-08, -7.04142E-03, -1.077670E-02, 2.20231E-03
-4.20869E-08, -7.1829E-04, -1.119824E-02, 2.11800E-03
-4.20807E-08, 5.07792E-03, -1.204133E-02, 2.07585E-03
-4.20744E-08, 1.140105E-02, -1.256825E-02, 1.82292E-03
-4.20682E-08, 1.719726E-02, -1.330595E-02, 1.78077E-03
-4.20619E-08, 2.352039E-02, -1.383288E-02, 1.61215E-03
-4.20557E-08, 2.931660E-02, -1.435981E-02, 1.52784E-03
-4.20494E-08, 3.458588E-02, -1.467597E-02, 1.27492E-03
-4.20432E-08, 3.932823E-02, -1.520289E-02, 1.10630E-03
-4.20369E-08, 4.354365E-02, -1.551905E-02, 8.9553E-04
-4.20307E-08, 4.775907E-02, -1.572982E-02, 6.4260E-04
-4.20244E-08, 4.986679E-02, -1.594059E-02, 3.8968E-04
-4.20182E-08, 5.197450E-02, -1.615136E-02, 1.3675E-04
-4.20119E-08, 5.460914E-02, -1.636213E-02, -1.1617E-04
-4.20057E-08, 5.408221E-02, -1.657291E-02, -3.6910E-04
-4.19994E-08, 5.513607E-02, -1.636213E-02, -6.6418E-04
-4.19932E-08, 5.408221E-02, -1.636213E-02, -1.00141E-03
-4.19869E-08, 5.302835E-02, -1.625675E-02, -1.25434E-03
-4.19807E-08, 4.986679E-02, -1.636213E-02, -1.59157E-03
-4.19744E-08, 4.565137E-02, -1.604598E-02, -1.92880E-03
-4.19682E-08, 4.301672E-02, -1.572982E-02, -2.13958E-03
-4.19619E-08, 3.880130E-02, -1.562444E-02, -2.39250E-03
-4.19557E-08, 3.405895E-02, -1.551905E-02, -2.60327E-03
-4.19494E-08, 2.878967E-02, -1.488674E-02, -2.94051E-03
-4.19432E-08, 2.404732E-02, -1.467597E-02, -3.10912E-03
-4.19369E-08, 1.825111E-02, -1.446519E-02, -3.19343E-03
-4.19307E-08, 1.245491E-02, -1.404365E-02, -3.36205E-03
-4.19244E-08, 6.65870E-03, -1.372750E-02, -3.40420E-03
-4.19182E-08, -1.9136E-04, -1.341134E-02, -3.40420E-03
-4.19119E-08, -3.87986E-03, -1.277903E-02, -3.44636E-03
-4.19057E-08, -1.020299E-02, -1.256825E-02, -3.31989E-03
-4.18994E-08, -1.494534E-02, -1.204133E-02, -3.31989E-03
-4.18932E-08, -1.863384E-02, -1.172517E-02, -3.02481E-03
-4.18869E-08, -2.284926E-02, -1.109286E-02, -2.85620E-03
-4.18807E-08, -2.653776E-02, -1.098747E-02, -2.56112E-03
-4.18744E-08, -2.917239E-02, -1.035516E-02, -2.30819E-03
-4.18682E-08, -3.128011E-02, -1.003900E-02, -1.88665E-03
-4.18619E-08, -3.338782E-02, -9.40669E-03, -1.46511E-03
-4.18557E-08, -3.444167E-02, -8.98515E-03, -1.08572E-03
-4.18494E-08, -3.496860E-02, -8.45822E-03, -6.2202E-04
-4.18432E-08, -3.496860E-02, -8.03667E-03, -7.402E-05
-4.18369E-08, -3.496860E-02, -7.40436E-03, 4.3183E-04
-4.18307E-08, -3.444167E-02, -6.87743E-03, 8.9553E-04
-4.18244E-08, -3.391474E-02, -6.66666E-03, 1.52784E-03
-4.18182E-08, -3.233396E-02, -5.82358E-03, 1.99154E-03
-4.18119E-08, -3.075318E-02, -5.40204E-03, 2.45524E-03
-4.18057E-08, -2.969932E-02, -4.87511E-03, 3.08755E-03
-4.17994E-08, -2.653776E-02, -4.34818E-03, 3.46694E-03
-4.17932E-08, -2.548390E-02, -3.71587E-03, 3.88848E-03
-4.17869E-08, -2.337619E-02, -3.29432E-03, 4.26787E-03
-4.17807E-08, -2.232233E-02, -2.97817E-03, 4.60510E-03
-4.17744E-08, -1.968769E-02, -2.24047E-03, 4.90018E-03
-4.17682E-08, -1.863384E-02, -2.02970E-03, 5.06880E-03
-4.17619E-08, -1.705305E-02, -1.71354E-03, 5.23741E-03
-4.17557E-08, -1.547227E-02, -1.50277E-03, 5.27957E-03
-4.17494E-08, -1.494534E-02, -1.18661E-03, 5.27957E-03
-4.17432E-08, -1.441841E-02, -1.08123E-03, 5.19526E-03
-4.17369E-08, -1.283763E-02, -9.7584E-04, 5.02664E-03
-4.17307E-08, -1.389149E-02, -9.7584E-04, 4.94234E-03
-4.17244E-08, -1.441841E-02, -1.08123E-03, 4.60510E-03
-4.17182E-08, -1.389149E-02, -1.29200E-03, 4.22571E-03
-4.17119E-08, -1.336456E-02, -1.39738E-03, 3.84633E-03
-4.17057E-08, -1.441841E-02, -1.81893E-03, 3.42478E-03
-4.16994E-08, -1.547227E-02, -2.34585E-03, 2.96109E-03
-4.16932E-08, -1.547227E-02, -2.87278E-03, 2.49739E-03
-4.16869E-08, -1.652613E-02, -3.29432E-03, 1.94939E-03
-4.16807E-08, -1.705305E-02, -3.92664E-03, 1.40138E-03
-4.16744E-08, -1.810691E-02, -4.45356E-03, 7.6907E-04
-4.16682E-08, -1.916077E-02, -5.61281E-03, 3.0537E-04
-4.16619E-08, -2.021462E-02, -6.24512E-03, -3.2694E-04
-4.16557E-08, -2.021462E-02, -7.29898E-03, -8.3279E-04
-4.16494E-08, -2.126848E-02, -8.03667E-03, -1.33864E-03
-4.16432E-08, -2.126848E-02, -9.09053E-03, -1.71803E-03
-4.16369E-08, -2.126848E-02, -9.93362E-03, -2.22388E-03
-4.16307E-08, -2.232233E-02, -1.088209E-02, -2.47681E-03
-4.16244E-08, -2.232233E-02, -1.161978E-02, -2.81404E-03
-4.16182E-08, -2.232233E-02, -1.235748E-02, -3.06697E-03
-4.16119E-08, -2.126848E-02, -1.309518E-02, -3.23559E-03
-4.16057E-08, -2.232233E-02, -1.383288E-02, -3.31989E-03
-4.15994E-08, -2.232233E-02, -1.457058E-02, -3.36205E-03
-4.15932E-08, -2.126848E-02, -1.499212E-02, -3.40420E-03
-4.15869E-08, -2.074155E-02, -1.541366E-02, -3.19343E-03
-4.15807E-08, -2.074155E-02, -1.572982E-02, -3.02481E-03
-4.15744E-08, -1.968769E-02, -1.594059E-02, -2.85620E-03
-4.15682E-08, -1.968769E-02, -1.615136E-02, -2.56112E-03
-4.15619E-08, -1.863384E-02, -1.625675E-02, -2.22388E-03
-4.15557E-08, -1.810691E-02, -1.615136E-02, -1.76019E-03
-4.15494E-08, -1.757998E-02, -1.604598E-02, -1.42295E-03
-4.15432E-08, -1.652613E-02, -1.594059E-02, -9.5926E-04
-4.15369E-08, -1.547227E-02, -1.562444E-02, -4.5341E-04
-4.15307E-08, -1.547227E-02, -1.530828E-02, -3.186E-05
-4.15244E-08, -1.441841E-02, -1.478135E-02, 5.5830E-04
-4.15182E-08, -1.389149E-02, -1.457058E-02, 1.10630E-03
-4.15119E-08, -1.231070E-02, -1.393827E-02, 1.52784E-03
-4.15057E-08, -1.178377E-02, -1.362211E-02, 2.07585E-03
-4.14994E-08, -1.072992E-02, -1.330595E-02, 2.49739E-03
-4.14932E-08, -9.14914E-03, -1.277903E-02, 2.96109E-03
-4.14869E-08, -7.56835E-03, -1.225210E-02, 3.25617E-03
-4.14807E-08, -5.46064E-03, -1.161978E-02, 3.71986E-03
-4.14744E-08, -3.87986E-03, -1.119824E-02, 3.93063E-03
-4.14682E-08, -2.82600E-03, -1.088209E-02, 4.22571E-03
-4.14619E-08, -1.9136E-04, -1.056593E-02, 4.39433E-03
-4.14557E-08, 1.38942E-03, -1.035516E-02, 4.52079E-03
-4.14494E-08, 4.55099E-03, -9.93362E-03, 4.52079E-03
-4.14432E-08, 6.65870E-03, -9.72284E-03, 4.64726E-03
-4.14369E-08, 8.76641E-03, -9.61746E-03, 4.56295E-03
-4.14307E-08, 1.140105E-02, -9.72284E-03, 4.56295E-03
-4.14244E-08, 1.350876E-02, -9.61746E-03, 4.31002E-03
-4.14182E-08, 1.614340E-02, -9.72284E-03, 4.18356E-03
-4.14119E-08, 1.877804E-02, -9.72284E-03, 3.88848E-03
-4.14057E-08, 2.193961E-02, -9.82823E-03, 3.59340E-03
-4.13994E-08, 2.457425E-02, -1.014439E-02, 3.29832E-03
-4.13932E-08, 2.562810E-02, -1.024977E-02, 2.91893E-03
-4.13869E-08, 2.826274E-02, -1.046054E-02, 2.53954E-03
-4.13807E-08, 2.984353E-02, -1.077670E-02, 2.16016E-03
-4.13744E-08, 3.142431E-02, -1.098747E-02, 1.65431E-03
-4.13682E-08, 3.247816E-02, -1.119824E-02, 1.31707E-03
-4.13619E-08, 3.353202E-02, -1.130363E-02, 9.7984E-04
-4.13557E-08, 3.353202E-02, -1.151440E-02, 4.7399E-04
-4.13494E-08, 3.353202E-02, -1.151440E-02, 5.244E-05
-4.13432E-08, 3.353202E-02, -1.183056E-02, -2.4263E-04
-4.13369E-08, 3.353202E-02, -1.193594E-02, -6.2202E-04
-4.13307E-08, 3.195124E-02, -1.193594E-02, -1.00141E-03
-4.13244E-08, 3.142431E-02, -1.183056E-02, -1.17003E-03
-4.13182E-08, 2.773582E-02, -1.193594E-02, -1.42295E-03
-4.13119E-08, 2.615503E-02, -1.172517E-02, -1.63372E-03
-4.13057E-08, 2.299346E-02, -1.172517E-02, -1.67588E-03
-4.12994E-08, 1.930497E-02, -1.140901E-02, -1.80234E-03
-4.12932E-08, 1.719726E-02, -1.140901E-02, -1.80234E-03
-4.12869E-08, 1.350876E-02, -1.109286E-02, -1.76019E-03
-4.12807E-08, 9.29334E-03, -1.077670E-02, -1.76019E-03
-4.12744E-08, 5.60485E-03, -1.056593E-02, -1.63372E-03
-4.12682E-08, 1.91635E-03, -1.035516E-02, -1.38080E-03
-4.12619E-08, -2.29907E-03, -1.003900E-02, -1.08572E-03
-4.12557E-08, -5.98757E-03, -9.82823E-03, -7.9064E-04
-4.12494E-08, -9.14914E-03, -9.30130E-03, -4.9556E-04
-4.12432E-08, -1.178377E-02, -8.98515E-03, -3.186E-05
-4.12369E-08, -1.494534E-02, -8.77437E-03, 3.4752E-04
-4.12307E-08, -1.810691E-02, -8.24745E-03, 7.6907E-04
-4.12244E-08, -1.968769E-02, -8.03667E-03, 1.19061E-03
-4.12182E-08, -2.232233E-02, -7.50975E-03, 1.65431E-03
-4.12119E-08, -2.284926E-02, -7.19359E-03, 2.20231E-03
-4.12057E-08, -2.443004E-02, -6.77205E-03, 2.75032E-03
-4.11994E-08, -2.495697E-02, -6.35051E-03, 3.21401E-03
-4.11932E-08, -2.495697E-02, -6.03435E-03, 3.71986E-03
-4.11869E-08, -2.337619E-02, -5.50742E-03, 4.18356E-03
-4.11807E-08, -2.337619E-02, -5.08588E-03, 4.68941E-03
-4.11744E-08, -2.179541E-02, -4.76972E-03, 5.02664E-03
-4.11682E-08, -2.074155E-02, -4.34818E-03, 5.49034E-03
-4.11619E-08, -1.810691E-02, -3.92664E-03, 5.95404E-03
-4.11557E-08, -1.494534E-02, -3.18894E-03, 6.24912E-03
-4.11494E-08, -1.283763E-02, -2.76740E-03, 6.45989E-03
-4.11432E-08, -1.020299E-02, -2.45124E-03, 6.71281E-03
-4.11369E-08, -7.04142E-03, -1.81893E-03, 6.88143E-03
-4.11307E-08, -2.82600E-03, -1.18661E-03, 7.05005E-03
-4.11244E-08, -1.77215E-03, -6.5968E-04, 7.00789E-03
-4.11182E-08, 1.91635E-03, -2.737E-05, 7.09220E-03
-4.11119E-08, 5.60485E-03, 7.1033E-04, 7.00789E-03
-4.11057E-08, 7.18563E-03, 1.34264E-03, 6.96574E-03
-4.10994E-08, 9.82027E-03, 2.08034E-03, 6.75497E-03
-4.10932E-08, 1.192798E-02, 2.71265E-03, 6.54420E-03
-4.10869E-08, 1.403569E-02, 3.45035E-03, 6.29127E-03
-4.10807E-08, 1.456262E-02, 3.87190E-03, 5.95404E-03
-4.10744E-08, 1.614340E-02, 4.71498E-03, 5.57465E-03
-4.10682E-08, 1.667033E-02, 5.24191E-03, 5.15311E-03
-4.10619E-08, 1.614340E-02, 5.76884E-03, 4.73156E-03
-4.10557E-08, 1.667033E-02, 6.19038E-03, 4.31002E-03
-4.10494E-08, 1.667033E-02, 7.03346E-03, 3.80417E-03
-4.10432E-08, 1.508955E-02, 7.45500E-03, 3.29832E-03
-4.10369E-08, 1.456262E-02, 7.87655E-03, 2.70816E-03
-4.10307E-08, 1.245491E-02, 8.19270E-03, 2.20231E-03
-4.10244E-08, 1.034720E-02, 8.71963E-03, 1.65431E-03
-4.10182E-08, 8.23948E-03, 8.93040E-03, 1.19061E-03
-4.10119E-08, 7.18563E-03, 9.14117E-03, 6.0045E-04
-4.10057E-08, 3.49713E-03, 9.14117E-03, 1.3675E-04
-4.09994E-08, 1.38942E-03, 9.03579E-03, -3.2694E-04
-4.09932E-08, -7.1829E-04, 8.93040E-03, -7.4849E-04
-4.09869E-08, -2.29907E-03, 9.03579E-03, -1.17003E-03
-4.09807E-08, -6.51450E-03, 8.93040E-03, -1.54942E-03
-4.09744E-08, -7.56835E-03, 8.71963E-03, -1.76019E-03
-4.09682E-08, -9.67606E-03, 8.29809E-03, -2.01311E-03
-4.09619E-08, -1.231070E-02, 7.98193E-03, -2.22388E-03
-4.09557E-08, -1.336456E-02, 7.45500E-03, -2.35035E-03
-4.09494E-08, -1.441841E-02, 7.24423E-03, -2.47681E-03
-4.09432E-08, -1.494534E-02, 6.40115E-03, -2.47681E-03
-4.09369E-08, -1.547227E-02, 5.66345E-03, -2.39250E-03
-4.09307E-08, -1.547227E-02, 5.24191E-03, -2.39250E-03
-4.09244E-08, -1.599920E-02, 4.39882E-03, -2.22388E-03
-4.09182E-08, -1.494534E-02, 3.87190E-03, -1.97096E-03
-4.09119E-08, -1.283763E-02, 3.02881E-03, -1.76019E-03
-4.09057E-08, -1.231070E-02, 2.29111E-03, -1.38080E-03
-4.08994E-08, -1.125685E-02, 1.76418E-03, -1.04357E-03
-4.08932E-08, -8.62221E-03, 8.1571E-04, -7.4849E-04
-4.08869E-08, -6.51450E-03, 7.801E-05, -3.2694E-04
-4.08807E-08, -4.40678E-03, -7.6507E-04, 1.3675E-04
-4.08744E-08, -1.24522E-03, -1.18661E-03, 5.1614E-04
-4.08682E-08, 8.6249E-04, -2.02970E-03, 9.7984E-04
-4.08619E-08, 2.97021E-03, -2.55662E-03, 1.40138E-03
-4.08557E-08, 6.65870E-03, -3.08355E-03, 1.86508E-03
-4.08494E-08, 8.76641E-03, -3.71587E-03, 2.32877E-03
-4.08432E-08, 1.192798E-02, -4.13741E-03, 2.66601E-03
-4.08369E-08, 1.403569E-02, -4.55895E-03, 3.04540E-03
-4.08307E-08, 1.561647E-02, -5.08588E-03, 3.42478E-03
-4.08244E-08, 1.719726E-02, -5.61281E-03, 3.67771E-03
-4.08182E-08, 1.930497E-02, -5.71819E-03, 3.93063E-03
-4.08119E-08, 2.035883E-02, -5.71819E-03, 4.14140E-03
-4.08057E-08, 2.141268E-02, -6.24512E-03, 4.35218E-03
-4.07994E-08, 2.141268E-02, -6.13973E-03, 4.47864E-03
-4.07932E-08, 2.246654E-02, -6.45589E-03, 4.56295E-03
-4.07869E-08, 2.193961E-02, -6.35051E-03, 4.47864E-03
-4.07807E-08, 2.088575E-02, -6.35051E-03, 4.52079E-03
-4.07744E-08, 1.930497E-02, -6.35051E-03, 4.35218E-03
-4.07682E-08, 1.877804E-02, -6.24512E-03, 4.31002E-03
-4.07619E-08, 1.667033E-02, -6.13973E-03, 4.05710E-03
-4.07557E-08, 1.456262E-02, -6.03435E-03, 3.88848E-03
-4.07494E-08, 1.192798E-02, -5.82358E-03, 3.63555E-03
-4.07432E-08, 9.29334E-03, -5.61281E-03, 3.38263E-03
-4.07369E-08, 6.13177E-03, -5.29665E-03, 3.04540E-03
-4.07307E-08, 4.55099E-03, -5.08588E-03, 2.75032E-03
-4.07244E-08, 3.3557E-04, -4.76972E-03, 2.41308E-03
-4.07182E-08, -2.82600E-03, -4.76972E-03, 2.11800E-03
-4.07119E-08, -5.46064E-03, -4.45356E-03, 1.69646E-03
-4.07057E-08, -7.56835E-03, -4.24279E-03, 1.48569E-03
-4.06994E-08, -1.072992E-02, -3.92664E-03, 1.14845E-03
-4.06932E-08, -1.336456E-02, -3.92664E-03, 8.9553E-04
-4.06869E-08, -1.494534E-02, -3.61048E-03, 6.4260E-04
-4.06807E-08, -1.705305E-02, -3.50509E-03, 4.7399E-04
-4.06744E-08, -1.863384E-02, -3.29432E-03, 3.0537E-04
-4.06682E-08, -1.968769E-02, -3.29432E-03, 1.3675E-04
-4.06619E-08, -2.074155E-02, -3.18894E-03, 1.3675E-04
-4.06557E-08, -2.126848E-02, -2.97817E-03, 9.460E-05
-4.06494E-08, -2.074155E-02, -2.87278E-03, 9.460E-05
-4.06432E-08, -2.074155E-02, -2.87278E-03, 9.460E-05
-4.06369E-08, -1.968769E-02, -2.55662E-03, 1.3675E-04
-4.06307E-08, -1.863384E-02, -2.66201E-03, 2.2106E-04
-4.06244E-08, -1.705305E-02, -2.55662E-03, 4.3183E-04
-4.06182E-08, -1.547227E-02, -2.34585E-03, 6.0045E-04
-4.06119E-08, -1.231070E-02, -2.02970E-03, 6.8476E-04
-4.06057E-08, -1.072992E-02, -2.02970E-03, 8.9553E-04
-4.05994E-08, -8.09528E-03, -1.92431E-03, 1.06415E-03
-4.05932E-08, -4.93371E-03, -1.50277E-03, 1.31707E-03
-4.05869E-08, -1.77215E-03, -1.08123E-03, 1.44353E-03
-4.05807E-08, 8.6249E-04, -8.7046E-04, 1.69646E-03
-4.05744E-08, 3.49713E-03, -3.4353E-04, 1.86508E-03
-4.05682E-08, 5.60485E-03, 1.8340E-04, 2.07585E-03
-4.05619E-08, 7.71256E-03, 8.1571E-04, 2.16016E-03
-4.05557E-08, 1.087412E-02, 1.44803E-03, 2.28662E-03
-4.05494E-08, 1.350876E-02, 2.08034E-03, 2.45524E-03
-4.05432E-08, 1.456262E-02, 2.71265E-03, 2.49739E-03
-4.05369E-08, 1.614340E-02, 3.55574E-03, 2.53954E-03
-4.05307E-08, 1.614340E-02, 4.39882E-03, 2.58170E-03
-4.05244E-08, 1.772419E-02, 5.13652E-03, 2.53954E-03
-4.05182E-08, 1.667033E-02, 5.97961E-03, 2.53954E-03
-4.05119E-08, 1.825111E-02, 7.13885E-03, 2.37093E-03
-4.05057E-08, 1.614340E-02, 7.98193E-03, 2.32877E-03
-4.04994E-08, 1.614340E-02, 8.93040E-03, 2.24446E-03
-4.04932E-08, 1.403569E-02, 9.66810E-03, 2.11800E-03
-4.04869E-08, 1.298183E-02, 1.061657E-02, 2.03369E-03
-4.04807E-08, 1.034720E-02, 1.135427E-02, 1.90723E-03
-4.04744E-08, 7.18563E-03, 1.209197E-02, 1.69646E-03
-4.04682E-08, 4.55099E-03, 1.272428E-02, 1.61215E-03
-4.04619E-08, 1.91635E-03, 1.346198E-02, 1.52784E-03
-4.04557E-08, -1.77215E-03, 1.377814E-02, 1.35923E-03
-4.04494E-08, -5.46064E-03, 1.419968E-02, 1.23276E-03
-4.04432E-08, -8.62221E-03, 1.441045E-02, 1.23276E-03
-4.04369E-08, -1.283763E-02, 1.462122E-02, 1.10630E-03
-4.04307E-08, -1.652613E-02, 1.462122E-02, 1.10630E-03
-4.04244E-08, -1.968769E-02, 1.430507E-02, 1.10630E-03
-4.04182E-08, -2.337619E-02, 1.419968E-02, 1.14845E-03
-4.04119E-08, -2.495697E-02, 1.398891E-02, 1.10630E-03
-4.04057E-08, -2.811854E-02, 1.346198E-02, 1.31707E-03
-4.03994E-08, -3.022625E-02, 1.282967E-02, 1.35923E-03
-4.03932E-08, -3.233396E-02, 1.209197E-02, 1.48569E-03
-4.03869E-08, -3.338782E-02, 1.124889E-02, 1.61215E-03
-4.03807E-08, -3.444167E-02, 1.051119E-02, 1.86508E-03
-4.03744E-08, -3.496860E-02, 9.45733E-03, 2.03369E-03
-4.03682E-08, -3.654939E-02, 8.29809E-03, 2.32877E-03
-4.03619E-08, -3.602246E-02, 7.24423E-03, 2.49739E-03
-4.03557E-08, -3.549553E-02, 6.08499E-03, 2.79247E-03
-4.03494E-08, -3.391474E-02, 5.03114E-03, 3.08755E-03
-4.03432E-08, -3.233396E-02, 3.76651E-03, 3.25617E-03
-4.03369E-08, -3.022625E-02, 2.71265E-03, 3.46694E-03
-4.03307E-08, -2.811854E-02, 1.55341E-03, 3.71986E-03
-4.03244E-08, -2.548390E-02, 4.9956E-04, 3.93063E-03
-4.03182E-08, -2.337619E-02, -5.5430E-04, 4.22571E-03
-4.03119E-08, -1.968769E-02, -1.50277E-03, 4.22571E-03
-4.03057E-08, -1.757998E-02, -2.45124E-03, 4.39433E-03
-4.02994E-08, -1.389149E-02, -3.18894E-03, 4.64726E-03
-4.02932E-08, -1.020299E-02, -3.92664E-03, 4.64726E-03
-4.02869E-08, -8.62221E-03, -4.45356E-03, 4.64726E-03
-4.02807E-08, -4.93371E-03, -5.19126E-03, 4.68941E-03
-4.02744E-08, -2.29907E-03, -5.40204E-03, 4.64726E-03
-4.02682E-08, -1.24522E-03, -5.82358E-03, 4.56295E-03
-4.02619E-08, 3.3557E-04, -6.13973E-03, 4.47864E-03
-4.02557E-08, 2.97021E-03, -6.24512E-03, 4.31002E-03
-4.02494E-08, 4.55099E-03, -6.13973E-03, 4.14140E-03
-4.02432E-08, 5.07792E-03, -6.35051E-03, 3.97279E-03
-4.02369E-08, 5.60485E-03, -5.92896E-03, 3.67771E-03
-4.02307E-08, 6.13177E-03, -5.92896E-03, 3.42478E-03
-4.02244E-08, 4.02406E-03, -5.61281E-03, 3.08755E-03
-4.02182E-08, 3.49713E-03, -5.50742E-03, 2.83462E-03
-4.02119E-08, 3.49713E-03, -4.98049E-03, 2.45524E-03
-4.02057E-08, -1.9136E-04, -4.76972E-03, 2.20231E-03
-4.01994E-08, -1.77215E-03, -4.34818E-03, 1.82292E-03
-4.01932E-08, -3.35293E-03, -4.03202E-03, 1.44353E-03
-4.01869E-08, -4.93371E-03, -3.71587E-03, 1.10630E-03
-4.01807E-08, -8.62221E-03, -3.18894E-03, 8.1122E-04
-4.01744E-08, -1.125685E-02, -2.76740E-03, 5.1614E-04
-4.01682E-08, -1.336456E-02, -2.45124E-03, 2.2106E-04
-4.01619E-08, -1.599920E-02, -2.13508E-03, -7.402E-05
-4.01557E-08, -1.916077E-02, -1.92431E-03, -3.6910E-04
-4.01494E-08, -2.179541E-02, -1.39738E-03, -5.7987E-04
-4.01432E-08, -2.337619E-02, -1.18661E-03, -7.9064E-04
-4.01369E-08, -2.390312E-02, -8.7046E-04, -9.1710E-04
-4.01307E-08, -2.548390E-02, -7.6507E-04, -1.04357E-03
-4.01244E-08, -2.601083E-02, -6.5968E-04, -1.12787E-03
-4.01182E-08, -2.601083E-02, -3.4353E-04, -1.17003E-03
-4.01119E-08, -2.495697E-02, -2.3814E-04, -1.29649E-03
-4.01057E-08, -2.495697E-02, -2.3814E-04, -1.29649E-03
-4.00994E-08, -2.284926E-02, -2.737E-05, -1.25434E-03
-4.00932E-08, -2.021462E-02, -2.737E-05, -1.12787E-03
-4.00869E-08, -1.757998E-02, 1.8340E-04, -1.08572E-03
-4.00807E-08, -1.389149E-02, 2.8879E-04, -1.00141E-03
-4.00744E-08, -9.14914E-03, 1.8340E-04, -8.3279E-04
-4.00682E-08, -4.93371E-03, 1.8340E-04, -7.0633E-04
-4.00619E-08, -7.1829E-04, 1.8340E-04, -6.2202E-04
-4.00557E-08, 5.07792E-03, 1.8340E-04, -3.2694E-04
-4.00494E-08, 9.82027E-03, 7.801E-05, -2.4263E-04
-4.00432E-08, 1.561647E-02, 7.801E-05, -3.186E-05
-4.00369E-08, 2.193961E-02, -2.737E-05, 9.460E-05
-4.00307E-08, 2.773582E-02, -1.3276E-04, 3.0537E-04
-4.00244E-08, 3.405895E-02, -2.3814E-04, 4.7399E-04
-4.00182E-08, 3.880130E-02, -6.5968E-04, 5.5830E-04
-4.00119E-08, 4.459751E-02, -7.6507E-04, 6.8476E-04
-4.00057E-08, 4.828600E-02, -1.08123E-03, 8.1122E-04
-3.99994E-08, 5.250143E-02, -1.29200E-03, 8.9553E-04
-3.99932E-08, 5.671685E-02, -1.71354E-03, 1.02199E-03
-3.99869E-08, 5.987842E-02, -2.02970E-03, 1.02199E-03
-3.99807E-08, 6.198613E-02, -2.55662E-03, 1.06415E-03
-3.99744E-08, 6.303998E-02, -2.87278E-03, 1.14845E-03
-3.99682E-08, 6.251305E-02, -3.39971E-03, 1.19061E-03
-3.99619E-08, 6.145920E-02, -4.03202E-03, 1.14845E-03
-3.99557E-08, 6.093227E-02, -4.45356E-03, 1.10630E-03
-3.99494E-08, 5.882456E-02, -5.08588E-03, 9.3768E-04
-3.99432E-08, 5.513607E-02, -5.61281E-03, 9.3768E-04
-3.99369E-08, 5.144757E-02, -5.92896E-03, 8.1122E-04
-3.99307E-08, 4.617829E-02, -6.66666E-03, 7.2691E-04
-3.99244E-08, 4.038208E-02, -7.08820E-03, 6.0045E-04
-3.99182E-08, 3.353202E-02, -7.61513E-03, 5.5830E-04
-3.99119E-08, 2.773582E-02, -7.82590E-03, 3.4752E-04
-3.99057E-08, 1.983190E-02, -8.35283E-03, 2.2106E-04
-3.98994E-08, 1.192798E-02, -8.77437E-03, 5.244E-05
-3.98932E-08, 4.02406E-03, -8.87976E-03, -1.1617E-04
-3.98869E-08, -3.35293E-03, -8.77437E-03, -2.8479E-04
-3.98807E-08, -1.231070E-02, -8.98515E-03, -4.9556E-04
-3.98744E-08, -1.968769E-02, -8.87976E-03, -7.0633E-04
-3.98682E-08, -2.759161E-02, -8.77437E-03, -8.7495E-04
-3.98619E-08, -3.391474E-02, -8.35283E-03, -9.1710E-04
-3.98557E-08, -4.076481E-02, -8.03667E-03, -1.12787E-03
-3.98494E-08, -4.603409E-02, -7.50975E-03, -1.29649E-03
-3.98432E-08, -5.130336E-02, -6.77205E-03, -1.46511E-03
-3.98369E-08, -5.499186E-02, -6.03435E-03, -1.63372E-03
-3.98307E-08, -5.920728E-02, -5.29665E-03, -1.67588E-03
-3.98244E-08, -6.078807E-02, -4.45356E-03, -1.92880E-03
-3.98182E-08, -6.236885E-02, -3.61048E-03, -2.01311E-03
-3.98119E-08, -6.236885E-02, -2.45124E-03, -2.22388E-03
-3.98057E-08, -6.131500E-02, -1.50277E-03, -2.30819E-03
-3.97994E-08, -6.078807E-02, -6.5968E-04, -2.47681E-03
-3.97932E-08, -5.815343E-02, 3.9417E-04, -2.51896E-03
-3.97869E-08, -5.341108E-02, 1.44803E-03, -2.68758E-03
-3.97807E-08, -4.972258E-02, 2.50188E-03, -2.77189E-03
-3.97744E-08, -4.498023E-02, 3.23958E-03, -2.89835E-03
-3.97682E-08, -3.918403E-02, 3.87190E-03, -2.98266E-03
-3.97619E-08, -3.233396E-02, 4.82037E-03, -3.02481E-03
-3.97557E-08, -2.601083E-02, 5.34729E-03, -3.06697E-03
-3.97494E-08, -1.916077E-02, 5.87422E-03, -3.15128E-03
-3.97432E-08, -1.125685E-02, 5.97961E-03, -3.15128E-03
-3.97369E-08, -3.87986E-03, 6.40115E-03, -3.10912E-03
-3.97307E-08, 2.44328E-03, 6.40115E-03, -3.06697E-03
-3.97244E-08, 9.82027E-03, 6.19038E-03, -3.02481E-03
-3.97182E-08, 1.561647E-02, 5.87422E-03, -2.94051E-03
-3.97119E-08, 2.246654E-02, 5.45268E-03, -2.89835E-03
-3.97057E-08, 2.668196E-02, 4.60959E-03, -2.68758E-03
-3.96994E-08, 3.247816E-02, 3.97728E-03, -2.51896E-03
-3.96932E-08, 3.616666E-02, 3.13420E-03, -2.35035E-03
-3.96869E-08, 4.038208E-02, 2.08034E-03, -2.13958E-03
-3.96807E-08, 4.301672E-02, 8.1571E-04, -1.92880E-03
-3.96744E-08, 4.459751E-02, -2.3814E-04, -1.67588E-03
-3.96682E-08, 4.512443E-02, -1.60815E-03, -1.33864E-03
-3.96619E-08, 4.459751E-02, -2.87278E-03, -1.04357E-03
-3.96557E-08, 4.407058E-02, -4.13741E-03, -7.0633E-04
-3.96494E-08, 4.354365E-02, -5.29665E-03, -4.1125E-04
-3.96432E-08, 4.143594E-02, -6.56128E-03, -3.186E-05
-3.96369E-08, 3.827437E-02, -8.03667E-03, 3.4752E-04
-3.96307E-08, 3.353202E-02, -9.09053E-03, 6.8476E-04
-3.96244E-08, 2.931660E-02, -1.056593E-02, 1.10630E-03
-3.96182E-08, 2.562810E-02, -1.140901E-02, 1.52784E-03
-3.96119E-08, 2.141268E-02, -1.225210E-02, 1.78077E-03
-3.96057E-08, 1.614340E-02, -1.309518E-02, 2.16016E-03
-3.95994E-08, 1.192798E-02, -1.362211E-02, 2.53954E-03
-3.95932E-08, 7.18563E-03, -1.414904E-02, 2.83462E-03
-3.95869E-08, 1.38942E-03, -1.435981E-02, 3.08755E-03
-3.95807E-08, -2.82600E-03, -1.467597E-02, 3.38263E-03
-3.95744E-08, -7.04142E-03, -1.435981E-02, 3.55125E-03
-3.95682E-08, -1.072992E-02, -1.435981E-02, 3.88848E-03
-3.95619E-08, -1.494534E-02, -1.404365E-02, 4.05710E-03
-3.95557E-08, -1.705305E-02, -1.351672E-02, 4.14140E-03
-3.95494E-08, -2.074155E-02, -1.288441E-02, 4.22571E-03
-3.95432E-08, -2.232233E-02, -1.193594E-02, 4.35218E-03
-3.95369E-08, -2.337619E-02, -1.119824E-02, 4.26787E-03
-3.95307E-08, -2.390312E-02, -1.024977E-02, 4.31002E-03
-3.95244E-08, -2.443004E-02, -9.40669E-03, 4.26787E-03
-3.95182E-08, -2.548390E-02, -8.35283E-03, 4.26787E-03
-3.95119E-08, -2.337619E-02, -7.08820E-03, 4.14140E-03
-3.95057E-08, -2.284926E-02, -6.24512E-03, 4.01494E-03
-3.94994E-08, -2.232233E-02, -4.98049E-03, 3.80417E-03
-3.94932E-08, -2.074155E-02, -4.03202E-03, 3.59340E-03
-3.94869E-08, -1.863384E-02, -3.08355E-03, 3.42478E-03
-3.94807E-08, -1.705305E-02, -2.13508E-03, 3.17186E-03
-3.94744E-08, -1.547227E-02, -1.29200E-03, 2.91893E-03
-3.94682E-08, -1.389149E-02, -6.5968E-04, 2.70816E-03
-3.94619E-08, -1.283763E-02, -2.737E-05, 2.45524E-03
-3.94557E-08, -1.178377E-02, 6.0494E-04, 2.11800E-03
-3.94494E-08, -9.67606E-03, 9.2110E-04, 1.86508E-03
-3.94432E-08, -1.072992E-02, 1.02648E-03, 1.57000E-03
-3.94369E-08, -1.020299E-02, 1.23726E-03, 1.27492E-03
-3.94307E-08, -1.020299E-02, 9.2110E-04, 9.7984E-04
-3.94244E-08, -1.231070E-02, 9.2110E-04, 6.4260E-04
-3.94182E-08, -1.389149E-02, 6.0494E-04, 3.4752E-04
-3.94119E-08, -1.389149E-02, 3.9417E-04, 1.029E-05
-3.94057E-08, -1.705305E-02, -3.4353E-04, -2.8479E-04
-3.93994E-08, -1.968769E-02, -1.08123E-03, -4.9556E-04
-3.93932E-08, -2.179541E-02, -1.60815E-03, -7.9064E-04
-3.93869E-08, -2.495697E-02, -2.34585E-03, -1.08572E-03
-3.93807E-08, -2.864547E-02, -3.18894E-03, -1.42295E-03
-3.93744E-08, -3.180704E-02, -3.92664E-03, -1.67588E-03
-3.93682E-08, -3.602246E-02, -4.76972E-03, -1.97096E-03
-3.93619E-08, -4.023788E-02, -5.61281E-03, -2.22388E-03
-3.93557E-08, -4.339945E-02, -6.45589E-03, -2.43465E-03
-3.93494E-08, -4.656101E-02, -6.98282E-03, -2.72973E-03
-3.93432E-08, -4.919565E-02, -7.61513E-03, -2.94051E-03
-3.93369E-08, -5.235722E-02, -8.24745E-03, -3.06697E-03
-3.93307E-08, -5.499186E-02, -8.66899E-03, -3.27774E-03
-3.93244E-08, -5.815343E-02, -8.98515E-03, -3.40420E-03
-3.93182E-08, -5.973421E-02, -9.51207E-03, -3.61497E-03
-3.93119E-08, -6.078807E-02, -9.40669E-03, -3.65713E-03
-3.93057E-08, -6.131500E-02, -9.61746E-03, -3.69928E-03
-3.92994E-08, -6.131500E-02, -9.51207E-03, -3.82574E-03
-3.92932E-08, -6.131500E-02, -9.51207E-03, -3.82574E-03
-3.92869E-08, -6.026114E-02, -9.09053E-03, -3.82574E-03
-3.92807E-08, -5.815343E-02, -8.77437E-03, -3.69928E-03
-3.92744E-08, -5.657265E-02, -8.14206E-03, -3.74144E-03
-3.92682E-08, -5.393801E-02, -7.82590E-03, -3.53066E-03
-3.92619E-08, -5.130336E-02, -7.19359E-03, -3.40420E-03
-3.92557E-08, -4.814180E-02, -6.45589E-03, -3.19343E-03
-3.92494E-08, -4.392638E-02, -5.82358E-03, -2.98266E-03
-3.92432E-08, -4.129174E-02, -4.98049E-03, -2.68758E-03
-3.92369E-08, -3.760324E-02, -4.24279E-03, -2.47681E-03
-3.92307E-08, -3.338782E-02, -3.39971E-03, -2.09742E-03
-3.92244E-08, -2.917239E-02, -2.45124E-03, -1.76019E-03
-3.92182E-08, -2.601083E-02, -1.92431E-03, -1.38080E-03
-3.92119E-08, -2.284926E-02, -1.08123E-03, -1.08572E-03
-3.92057E-08, -2.021462E-02, -3.4353E-04, -6.6418E-04
-3.91994E-08, -1.652613E-02, 1.8340E-04, -3.2694E-04
-3.91932E-08, -1.389149E-02, 6.0494E-04, 5.244E-05
-3.91869E-08, -1.178377E-02, 1.23726E-03, 4.3183E-04
-3.91807E-08, -1.020299E-02, 1.76418E-03, 7.6907E-04
-3.91744E-08, -8.09528E-03, 1.97495E-03, 1.10630E-03
-3.91682E-08, -8.09528E-03, 2.29111E-03, 1.48569E-03
-3.91619E-08, -8.09528E-03, 2.71265E-03, 1.73861E-03
-3.91557E-08, -7.56835E-03, 2.71265E-03, 2.11800E-03
-3.91494E-08, -7.04142E-03, 3.02881E-03, 2.24446E-03
-3.91432E-08, -8.62221E-03, 3.02881E-03, 2.58170E-03
-3.91369E-08, -8.62221E-03, 3.13420E-03, 2.83462E-03
-3.91307E-08, -1.072992E-02, 3.13420E-03, 2.96109E-03
-3.91244E-08, -1.231070E-02, 3.02881E-03, 2.96109E-03
-3.91182E-08, -1.494534E-02, 3.02881E-03, 3.08755E-03
-3.91119E-08, -1.599920E-02, 2.92343E-03, 3.08755E-03
-3.91057E-08, -1.810691E-02, 2.81804E-03, 3.08755E-03
-3.90994E-08, -1.863384E-02, 2.92343E-03, 3.08755E-03
-3.90932E-08, -2.126848E-02, 2.81804E-03, 3.04540E-03
-3.90869E-08, -2.284926E-02, 2.81804E-03, 2.87678E-03
-3.90807E-08, -2.443004E-02, 2.71265E-03, 2.70816E-03
-3.90744E-08, -2.548390E-02, 2.71265E-03, 2.53954E-03
-3.90682E-08, -2.653776E-02, 2.71265E-03, 2.37093E-03
-3.90619E-08, -2.811854E-02, 2.71265E-03, 2.16016E-03
-3.90557E-08, -2.706468E-02, 2.81804E-03, 1.99154E-03
-3.90494E-08, -2.759161E-02, 3.13420E-03, 1.69646E-03
-3.90432E-08, -2.759161E-02, 3.13420E-03, 1.44353E-03
-3.90369E-08, -2.706468E-02, 3.13420E-03, 1.23276E-03
-3.90307E-08, -2.601083E-02, 3.23958E-03, 1.02199E-03
-3.90244E-08, -2.548390E-02, 3.34497E-03, 7.2691E-04
-3.90182E-08, -2.443004E-02, 3.45035E-03, 6.0045E-04
-3.90119E-08, -2.284926E-02, 3.66112E-03, 3.4752E-04
-3.90057E-08, -2.284926E-02, 3.66112E-03, 2.2106E-04
-3.89994E-08, -2.074155E-02, 3.34497E-03, 1.029E-05
-3.89932E-08, -1.916077E-02, 3.23958E-03, -7.402E-05
-3.89869E-08, -1.810691E-02, 3.02881E-03, -2.0048E-04
-3.89807E-08, -1.757998E-02, 2.81804E-03, -2.8479E-04
-3.89744E-08, -1.652613E-02, 2.50188E-03, -3.6910E-04
-3.89682E-08, -1.652613E-02, 1.86957E-03, -3.2694E-04
-3.89619E-08, -1.547227E-02, 1.23726E-03, -2.0048E-04
-3.89557E-08, -1.547227E-02, 6.0494E-04, -2.0048E-04
-3.89494E-08, -1.494534E-02, -1.3276E-04, -1.5833E-04
-3.89432E-08, -1.547227E-02, -1.08123E-03, -3.186E-05
-3.89369E-08, -1.705305E-02, -2.24047E-03, 5.244E-05
-3.89307E-08, -1.810691E-02, -3.29432E-03, 2.6322E-04
-3.89244E-08, -2.021462E-02, -4.13741E-03, 3.8968E-04
-3.89182E-08, -2.232233E-02, -5.40204E-03, 6.0045E-04
-3.89119E-08, -2.337619E-02, -6.56128E-03, 7.2691E-04
-3.89057E-08, -2.548390E-02, -8.03667E-03, 1.02199E-03
-3.88994E-08, -2.864547E-02, -9.30130E-03, 1.19061E-03
-3.88932E-08, -3.128011E-02, -1.046054E-02, 1.31707E-03
-3.88869E-08, -3.391474E-02, -1.172517E-02, 1.52784E-03
-3.88807E-08, -3.760324E-02, -1.277903E-02, 1.69646E-03
-3.88744E-08, -3.971095E-02, -1.393827E-02, 1.82292E-03
-3.88682E-08, -4.181866E-02, -1.478135E-02, 1.94939E-03
-3.88619E-08, -4.445330E-02, -1.583521E-02, 2.16016E-03
-3.88557E-08, -4.814180E-02, -1.636213E-02, 2.28662E-03
-3.88494E-08, -4.972258E-02, -1.688906E-02, 2.32877E-03
-3.88432E-08, -5.183030E-02, -1.720522E-02, 2.41308E-03
-3.88369E-08, -5.288415E-02, -1.731060E-02, 2.37093E-03
-3.88307E-08, -5.499186E-02, -1.752138E-02, 2.41308E-03
-3.88244E-08, -5.604572E-02, -1.720522E-02, 2.41308E-03
-3.88182E-08, -5.604572E-02, -1.699445E-02, 2.37093E-03
-3.88119E-08, -5.604572E-02, -1.615136E-02, 2.20231E-03
-3.88057E-08, -5.657265E-02, -1.551905E-02, 2.20231E-03
-3.87994E-08, -5.604572E-02, -1.435981E-02, 2.03369E-03
-3.87932E-08, -5.499186E-02, -1.341134E-02, 1.90723E-03
-3.87869E-08, -5.341108E-02, -1.204133E-02, 1.69646E-03
-3.87807E-08, -5.130336E-02, -1.056593E-02, 1.52784E-03
-3.87744E-08, -4.972258E-02, -9.09053E-03, 1.31707E-03
-3.87682E-08, -4.866873E-02, -7.40436E-03, 1.10630E-03
-3.87619E-08, -4.498023E-02, -5.61281E-03, 9.7984E-04
-3.87557E-08, -4.392638E-02, -3.92664E-03, 7.6907E-04
-3.87494E-08, -4.023788E-02, -2.13508E-03, 5.5830E-04
-3.87432E-08, -3.865710E-02, -3.4353E-04, 4.3183E-04
-3.87369E-08, -3.549553E-02, 1.23726E-03, 2.2106E-04
-3.87307E-08, -3.338782E-02, 2.92343E-03, 5.244E-05
-3.87244E-08, -3.022625E-02, 4.60959E-03, -7.402E-05
-3.87182E-08, -2.917239E-02, 5.97961E-03, -1.1617E-04
-3.87119E-08, -2.706468E-02, 7.56039E-03, -2.4263E-04
-3.87057E-08, -2.601083E-02, 8.71963E-03, -2.8479E-04
-3.86994E-08, -2.443004E-02, 9.66810E-03, -2.4263E-04
-3.86932E-08, -2.284926E-02, 1.061657E-02, -3.2694E-04
-3.86869E-08, -2.179541E-02, 1.145966E-02, -3.2694E-04
-3.86807E-08, -2.126848E-02, 1.177581E-02, -2.8479E-04
-3.86744E-08, -2.074155E-02, 1.209197E-02, -2.0048E-04
-3.86682E-08, -2.126848E-02, 1.219736E-02, -1.1617E-04
-3.86619E-08, -2.179541E-02, 1.219736E-02, 1.029E-05
-3.86557E-08, -2.074155E-02, 1.188120E-02, 9.460E-05
-3.86494E-08, -2.179541E-02, 1.177581E-02, 2.2106E-04
-3.86432E-08, -2.337619E-02, 1.103811E-02, 3.4752E-04
-3.86369E-08, -2.337619E-02, 1.030042E-02, 4.7399E-04
-3.86307E-08, -2.495697E-02, 9.56272E-03, 6.0045E-04
-3.86244E-08, -2.601083E-02, 8.50886E-03, 6.8476E-04
-3.86182E-08, -2.759161E-02, 7.56039E-03, 7.6907E-04
-3.86119E-08, -2.759161E-02, 6.50653E-03, 8.9553E-04
-3.86057E-08, -2.917239E-02, 5.45268E-03, 9.3768E-04
-3.85994E-08, -2.969932E-02, 4.39882E-03, 1.06415E-03
-3.85932E-08, -3.128011E-02, 3.13420E-03, 1.10630E-03
-3.85869E-08, -3.128011E-02, 2.18573E-03, 1.02199E-03
-3.85807E-08, -3.338782E-02, 1.02648E-03, 9.7984E-04
-3.85744E-08, -3.391474E-02, 7.801E-05, 8.9553E-04
-3.85682E-08, -3.496860E-02, -9.7584E-04, 8.5338E-04
-3.85619E-08, -3.496860E-02, -1.92431E-03, 7.6907E-04
-3.85557E-08, -3.444167E-02, -2.66201E-03, 6.4260E-04
-3.85494E-08, -3.444167E-02, -3.29432E-03, 4.3183E-04
-3.85432E-08, -3.444167E-02, -3.82125E-03, 3.0537E-04
-3.85369E-08, -3.444167E-02, -4.34818E-03, 9.460E-05
-3.85307E-08, -3.391474E-02, -4.76972E-03, -7.402E-05
-3.85244E-08, -3.391474E-02, -5.29665E-03, -2.8479E-04
-3.85182E-08, -3.391474E-02, -5.40204E-03, -5.7987E-04
-3.85119E-08, -3.180704E-02, -5.50742E-03, -7.9064E-04
-3.85057E-08, -3.022625E-02, -5.92896E-03, -1.04357E-03
-3.84994E-08, -2.917239E-02, -5.71819E-03, -1.17003E-03
-3.84932E-08, -2.969932E-02, -5.61281E-03, -1.42295E-03
-3.84869E-08, -2.759161E-02, -5.40204E-03, -1.59157E-03
-3.84807E-08, -2.548390E-02, -5.61281E-03, -1.76019E-03
-3.84744E-08, -2.390312E-02, -5.29665E-03, -1.92880E-03
-3.84682E-08, -2.232233E-02, -5.19126E-03, -1.97096E-03
-3.84619E-08, -2.126848E-02, -5.08588E-03, -2.09742E-03
-3.84557E-08, -1.863384E-02, -4.76972E-03, -2.13958E-03
-3.84494E-08, -1.652613E-02, -4.76972E-03, -2.18173E-03
-3.84432E-08, -1.441841E-02, -4.66434E-03, -2.13958E-03
-3.84369E-08, -1.125685E-02, -4.24279E-03, -2.09742E-03
-3.84307E-08, -9.67606E-03, -4.13741E-03, -2.05527E-03
-3.84244E-08, -6.51450E-03, -3.92664E-03, -1.97096E-03
-3.84182E-08, -4.40678E-03, -3.82125E-03, -1.88665E-03
-3.84119E-08, -1.9136E-04, -3.71587E-03, -1.71803E-03
-3.84057E-08, 1.91635E-03, -3.61048E-03, -1.59157E-03
-3.83994E-08, 4.55099E-03, -3.50509E-03, -1.46511E-03
-3.83932E-08, 8.23948E-03, -3.50509E-03, -1.29649E-03
-3.83869E-08, 1.087412E-02, -3.39971E-03, -1.08572E-03
-3.83807E-08, 1.403569E-02, -3.18894E-03, -9.5926E-04
-3.83744E-08, 1.719726E-02, -3.18894E-03, -7.4849E-04
-3.83682E-08, 1.983190E-02, -3.39971E-03, -6.2202E-04
-3.83619E-08, 2.193961E-02, -3.18894E-03, -4.1125E-04
-3.83557E-08, 2.457425E-02, -3.18894E-03, -2.4263E-04
-3.83494E-08, 2.720889E-02, -3.18894E-03, -2.0048E-04
-3.83432E-08, 2.931660E-02, -2.97817E-03, -3.186E-05
-3.83369E-08, 3.089738E-02, -2.97817E-03, 9.460E-05
-3.83307E-08, 3.300510E-02, -2.97817E-03, 2.6322E-04
-3.83244E-08, 3.300510E-02, -2.76740E-03, 3.0537E-04
-3.83182E-08, 3.353202E-02, -2.76740E-03, 4.3183E-04
-3.83119E-08, 3.405895E-02, -2.66201E-03, 4.7399E-04
-3.83057E-08, 3.300510E-02, -2.76740E-03, 5.1614E-04
-3.82994E-08, 3.142431E-02, -2.45124E-03, 5.5830E-04
-3.82932E-08, 3.037046E-02, -2.34585E-03, 5.5830E-04
-3.82869E-08, 2.878967E-02, -2.24047E-03, 5.5830E-04
-3.82807E-08, 2.562810E-02, -2.24047E-03, 6.0045E-04
-3.82744E-08, 2.299346E-02, -2.02970E-03, 6.0045E-04
-3.82682E-08, 2.035883E-02, -2.24047E-03, 6.4260E-04
-3.82619E-08, 1.614340E-02, -2.02970E-03, 6.4260E-04
-3.82557E-08, 1.245491E-02, -1.81893E-03, 6.8476E-04
-3.82494E-08, 8.23948E-03, -1.81893E-03, 7.2691E-04
-3.82432E-08, 4.55099E-03, -1.60815E-03, 6.8476E-04
-3.82369E-08, 8.6249E-04, -1.50277E-03, 7.2691E-04
-3.82307E-08, -4.40678E-03, -1.60815E-03, 8.1122E-04
-3.82244E-08, -8.62221E-03, -1.29200E-03, 8.5338E-04
-3.82182E-08, -1.283763E-02, -9.7584E-04, 9.3768E-04
-3.82119E-08, -1.705305E-02, -9.7584E-04, 9.7984E-04
-3.82057E-08, -2.126848E-02, -9.7584E-04, 1.14845E-03
-3.81994E-08, -2.548390E-02, -6.5968E-04, 1.14845E-03
-3.81932E-08, -2.811854E-02, -5.5430E-04, 1.23276E-03
-3.81869E-08, -3.075318E-02, -2.3814E-04, 1.31707E-03
-3.81807E-08, -3.338782E-02, 7.801E-05, 1.40138E-03
-3.81744E-08, -3.549553E-02, 3.9417E-04, 1.52784E-03
-3.81682E-08, -3.602246E-02, 4.9956E-04, 1.69646E-03
-3.81619E-08, -3.707631E-02, 1.13187E-03, 1.86508E-03
-3.81557E-08, -3.760324E-02, 1.55341E-03, 1.90723E-03
-3.81494E-08, -3.549553E-02, 2.08034E-03, 1.94939E-03
-3.81432E-08, -3.496860E-02, 2.50188E-03, 2.07585E-03
-3.81369E-08, -3.444167E-02, 3.23958E-03, 2.11800E-03
-3.81307E-08, -3.180704E-02, 3.66112E-03, 2.24446E-03
-3.81244E-08, -2.917239E-02, 4.29344E-03, 2.37093E-03
-3.81182E-08, -2.653776E-02, 5.03114E-03, 2.41308E-03
-3.81119E-08, -2.284926E-02, 5.87422E-03, 2.45524E-03
-3.81057E-08, -1.968769E-02, 6.50653E-03, 2.49739E-03
-3.80994E-08, -1.652613E-02, 7.24423E-03, 2.53954E-03
-3.80932E-08, -1.283763E-02, 7.98193E-03, 2.45524E-03
-3.80869E-08, -8.09528E-03, 8.82502E-03, 2.45524E-03
-3.80807E-08, -4.93371E-03, 9.56272E-03, 2.49739E-03
-3.80744E-08, -1.77215E-03, 1.040580E-02, 2.37093E-03
-3.80682E-08, 8.6249E-04, 1.124889E-02, 2.41308E-03
-3.80619E-08, 4.55099E-03, 1.198658E-02, 2.28662E-03
-3.80557E-08, 8.23948E-03, 1.282967E-02, 2.16016E-03
-3.80494E-08, 1.245491E-02, 1.346198E-02, 2.11800E-03
-3.80432E-08, 1.403569E-02, 1.398891E-02, 1.99154E-03
-3.80369E-08, 1.561647E-02, 1.493738E-02, 1.94939E-03
-3.80307E-08, 1.772419E-02, 1.535892E-02, 1.86508E-03
-3.80244E-08, 1.877804E-02, 1.567508E-02, 1.69646E-03
-3.80182E-08, 1.983190E-02, 1.641278E-02, 1.61215E-03
-3.80119E-08, 2.141268E-02, 1.693971E-02, 1.44353E-03
-3.80057E-08, 1.983190E-02, 1.704509E-02, 1.35923E-03
-3.79994E-08, 2.035883E-02, 1.725586E-02, 1.23276E-03
-3.79932E-08, 1.983190E-02, 1.757202E-02, 1.10630E-03
-3.79869E-08, 1.930497E-02, 1.757202E-02, 9.3768E-04
-3.79807E-08, 1.667033E-02, 1.736125E-02, 8.9553E-04
-3.79744E-08, 1.614340E-02, 1.725586E-02, 7.6907E-04
-3.79682E-08, 1.508955E-02, 1.715048E-02, 7.2691E-04
-3.79619E-08, 1.245491E-02, 1.672894E-02, 6.0045E-04
-3.79557E-08, 1.192798E-02, 1.641278E-02, 6.0045E-04
-3.79494E-08, 1.034720E-02, 1.567508E-02, 4.3183E-04
-3.79432E-08, 8.76641E-03, 1.525354E-02, 5.1614E-04
-3.79369E-08, 7.18563E-03, 1.462122E-02, 4.3183E-04
-3.79307E-08, 6.65870E-03, 1.377814E-02, 3.8968E-04
-3.79244E-08, 5.07792E-03, 1.282967E-02, 3.8968E-04
-3.79182E-08, 4.02406E-03, 1.177581E-02, 3.4752E-04
-3.79119E-08, 4.02406E-03, 1.093273E-02, 3.0537E-04
-3.79057E-08, 4.02406E-03, 9.87887E-03, 3.0537E-04
-3.78994E-08, 3.49713E-03, 8.93040E-03, 3.0537E-04
-3.78932E-08, 5.07792E-03, 7.56039E-03, 3.0537E-04
-3.78869E-08, 5.07792E-03, 6.40115E-03, 3.4752E-04
-3.78807E-08, 6.65870E-03, 5.34729E-03, 3.4752E-04
-3.78744E-08, 8.23948E-03, 4.29344E-03, 3.4752E-04
-3.78682E-08, 9.82027E-03, 2.92343E-03, 4.3183E-04
-3.78619E-08, 1.140105E-02, 1.76418E-03, 4.3183E-04
-3.78557E-08, 1.350876E-02, 4.9956E-04, 4.3183E-04
-3.78494E-08, 1.508955E-02, -5.5430E-04, 4.7399E-04
-3.78432E-08, 1.825111E-02, -1.71354E-03, 5.5830E-04
-3.78369E-08, 1.983190E-02, -2.76740E-03, 5.1614E-04
-3.78307E-08, 2.193961E-02, -3.82125E-03, 5.5830E-04
-3.78244E-08, 2.404732E-02, -4.55895E-03, 6.0045E-04
-3.78182E-08, 2.615503E-02, -5.40204E-03, 5.5830E-04
-3.78119E-08, 2.878967E-02, -6.13973E-03, 5.1614E-04
-3.78057E-08, 2.984353E-02, -6.87743E-03, 6.0045E-04
-3.77994E-08, 3.247816E-02, -7.40436E-03, 5.5830E-04
-3.77932E-08, 3.405895E-02, -7.82590E-03, 5.1614E-04
-3.77869E-08, 3.563973E-02, -8.24745E-03, 4.3183E-04
-3.77807E-08, 3.722052E-02, -8.35283E-03, 4.3183E-04
-3.77744E-08, 3.827437E-02, -8.45822E-03, 3.0537E-04
-3.77682E-08, 3.774745E-02, -8.66899E-03, 2.6322E-04
-3.77619E-08, 3.827437E-02, -8.66899E-03, 1.3675E-04
-3.77557E-08, 3.827437E-02, -8.35283E-03, 1.3675E-04
-3.77494E-08, 3.932823E-02, -8.03667E-03, -3.186E-05
-3.77432E-08, 3.774745E-02, -7.72052E-03, -3.186E-05
-3.77369E-08, 3.774745E-02, -7.29898E-03, -1.5833E-04
-3.77307E-08, 3.616666E-02, -6.87743E-03, -2.8479E-04
-3.77244E-08, 3.511281E-02, -6.56128E-03, -3.6910E-04
-3.77182E-08, 3.405895E-02, -6.03435E-03, -4.1125E-04
-3.77119E-08, 3.353202E-02, -5.29665E-03, -5.7987E-04
-3.77057E-08, 3.089738E-02, -4.98049E-03, -6.2202E-04
-3.76994E-08, 2.931660E-02, -4.45356E-03, -7.9064E-04
-3.76932E-08, 2.773582E-02, -3.92664E-03, -8.3279E-04
-3.76869E-08, 2.615503E-02, -3.61048E-03, -8.7495E-04
-3.76807E-08, 2.404732E-02, -3.29432E-03, -9.1710E-04
-3.76744E-08, 2.035883E-02, -2.76740E-03, -1.08572E-03
-3.76682E-08, 1.719726E-02, -2.55662E-03, -1.04357E-03
-3.76619E-08, 1.456262E-02, -2.45124E-03, -1.12787E-03
-3.76557E-08, 1.245491E-02, -2.24047E-03, -1.12787E-03
-3.76494E-08, 9.82027E-03, -2.13508E-03, -1.21218E-03
-3.76432E-08, 7.18563E-03, -2.13508E-03, -1.17003E-03
-3.76369E-08, 4.02406E-03, -2.24047E-03, -1.21218E-03
-3.76307E-08, 1.91635E-03, -2.34585E-03, -1.21218E-03
-3.76244E-08, -1.24522E-03, -2.66201E-03, -1.17003E-03
-3.76182E-08, -3.87986E-03, -2.87278E-03, -1.12787E-03
-3.76119E-08, -6.51450E-03, -3.29432E-03, -1.12787E-03
-3.76057E-08, -8.62221E-03, -3.71587E-03, -1.08572E-03
-3.75994E-08, -1.178377E-02, -4.13741E-03, -1.00141E-03
-3.75932E-08, -1.336456E-02, -4.76972E-03, -1.00141E-03
-3.75869E-08, -1.547227E-02, -5.19126E-03, -9.5926E-04
-3.75807E-08, -1.652613E-02, -5.50742E-03, -7.9064E-04
-3.75744E-08, -1.863384E-02, -6.24512E-03, -8.7495E-04
-3.75682E-08, -2.021462E-02, -6.66666E-03, -7.4849E-04
-3.75619E-08, -2.126848E-02, -7.19359E-03, -6.2202E-04
-3.75557E-08, -2.232233E-02, -7.50975E-03, -5.3771E-04
-3.75494E-08, -2.232233E-02, -8.03667E-03, -4.9556E-04
-3.75432E-08, -2.284926E-02, -8.35283E-03, -3.6910E-04
-3.75369E-08, -2.232233E-02, -8.56360E-03, -2.4263E-04
-3.75307E-08, -2.232233E-02, -8.87976E-03, -2.0048E-04
-3.75244E-08, -2.126848E-02, -9.09053E-03, 1.029E-05
-3.75182E-08, -1.968769E-02, -9.09053E-03, 1.029E-05
-3.75119E-08, -1.810691E-02, -9.19592E-03, 1.7891E-04
-3.75057E-08, -1.757998E-02, -9.30130E-03, 3.4752E-04
-3.74994E-08, -1.599920E-02, -9.09053E-03, 4.7399E-04
-3.74932E-08, -1.283763E-02, -9.09053E-03, 6.4260E-04
-3.74869E-08, -1.072992E-02, -8.87976E-03, 8.1122E-04
-3.74807E-08, -9.67606E-03, -8.77437E-03, 1.06415E-03
-3.74744E-08, -4.93371E-03, -8.56360E-03, 1.23276E-03
-3.74682E-08, -2.82600E-03, -8.14206E-03, 1.40138E-03
-3.74619E-08, 3.3557E-04, -7.82590E-03, 1.69646E-03
-3.74557E-08, 3.49713E-03, -7.61513E-03, 1.86508E-03
-3.74494E-08, 6.65870E-03, -7.08820E-03, 2.11800E-03
-3.74432E-08, 8.76641E-03, -6.77205E-03, 2.28662E-03
-3.74369E-08, 1.192798E-02, -6.35051E-03, 2.58170E-03
-3.74307E-08, 1.456262E-02, -5.92896E-03, 2.79247E-03
-3.74244E-08, 1.667033E-02, -5.19126E-03, 3.04540E-03
-3.74182E-08, 1.983190E-02, -4.76972E-03, 3.34047E-03
-3.74119E-08, 2.193961E-02, -4.13741E-03, 3.50909E-03
-3.74057E-08, 2.246654E-02, -3.92664E-03, 3.71986E-03
-3.73994E-08, 2.404732E-02, -3.18894E-03, 3.88848E-03
-3.73932E-08, 2.510118E-02, -2.87278E-03, 4.05710E-03
-3.73869E-08, 2.510118E-02, -2.24047E-03, 4.26787E-03
-3.73807E-08, 2.457425E-02, -1.60815E-03, 4.31002E-03
-3.73744E-08, 2.562810E-02, -8.7046E-04, 4.39433E-03
-3.73682E-08, 2.404732E-02, -1.3276E-04, 4.52079E-03
-3.73619E-08, 2.193961E-02, 1.8340E-04, 4.52079E-03
-3.73557E-08, 2.088575E-02, 9.2110E-04, 4.56295E-03
-3.73494E-08, 1.930497E-02, 1.76418E-03, 4.43648E-03
-3.73432E-08, 1.667033E-02, 2.29111E-03, 4.43648E-03
-3.73369E-08, 1.403569E-02, 3.02881E-03, 4.31002E-03
-3.73307E-08, 1.087412E-02, 3.97728E-03, 4.18356E-03
-3.73244E-08, 8.23948E-03, 4.60959E-03, 4.09925E-03
-3.73182E-08, 5.60485E-03, 5.24191E-03, 3.97279E-03
-3.73119E-08, 3.49713E-03, 6.08499E-03, 3.63555E-03
-3.73057E-08, -1.24522E-03, 6.82269E-03, 3.38263E-03
-3.72994E-08, -4.40678E-03, 7.56039E-03, 3.17186E-03
-3.72932E-08, -7.04142E-03, 8.40348E-03, 2.87678E-03
-3.72869E-08, -9.67606E-03, 9.14117E-03, 2.62385E-03
-3.72807E-08, -1.336456E-02, 9.56272E-03, 2.37093E-03
-3.72744E-08, -1.547227E-02, 1.030042E-02, 2.16016E-03
-3.72682E-08, -1.810691E-02, 1.061657E-02, 1.86508E-03
-3.72619E-08, -2.074155E-02, 1.103811E-02, 1.61215E-03
-3.72557E-08, -2.284926E-02, 1.167043E-02, 1.40138E-03
-3.72494E-08, -2.390312E-02, 1.198658E-02, 1.14845E-03
-3.72432E-08, -2.548390E-02, 1.198658E-02, 9.3768E-04
-3.72369E-08, -2.601083E-02, 1.219736E-02, 8.1122E-04
-3.72307E-08, -2.759161E-02, 1.230274E-02, 6.8476E-04
-3.72244E-08, -2.811854E-02, 1.209197E-02, 5.1614E-04
-3.72182E-08, -2.811854E-02, 1.188120E-02, 4.7399E-04
-3.72119E-08, -2.706468E-02, 1.156504E-02, 3.8968E-04
-3.72057E-08, -2.811854E-02, 1.114350E-02, 3.8968E-04
-3.71994E-08, -2.811854E-02, 1.061657E-02, 3.8968E-04
-3.71932E-08, -2.811854E-02, 9.87887E-03, 3.8968E-04
-3.71869E-08, -2.653776E-02, 9.24656E-03, 3.8968E-04
-3.71807E-08, -2.601083E-02, 8.40348E-03, 4.7399E-04
-3.71744E-08, -2.548390E-02, 7.56039E-03, 5.1614E-04
-3.71682E-08, -2.390312E-02, 6.50653E-03, 6.4260E-04
-3.71619E-08, -2.390312E-02, 5.66345E-03, 7.2691E-04
-3.71557E-08, -2.337619E-02, 4.39882E-03, 8.5338E-04
-3.71494E-08, -2.337619E-02, 3.66112E-03, 8.9553E-04
-3.71432E-08, -2.284926E-02, 2.50188E-03, 9.7984E-04
-3.71369E-08, -2.337619E-02, 1.55341E-03, 1.06415E-03
-3.71307E-08, -2.284926E-02, 4.9956E-04, 1.14845E-03
-3.71244E-08, -2.390312E-02, -4.4891E-04, 1.14845E-03
-3.71182E-08, -2.390312E-02, -1.29200E-03, 1.14845E-03
-3.71119E-08, -2.443004E-02, -1.92431E-03, 1.14845E-03
-3.71057E-08, -2.653776E-02, -2.87278E-03, 1.10630E-03
-3.70994E-08, -2.706468E-02, -3.50509E-03, 1.02199E-03
-3.70932E-08, -2.864547E-02, -4.03202E-03, 9.7984E-04
-3.70869E-08, -2.917239E-02, -4.55895E-03, 8.1122E-04
-3.70807E-08, -3.128011E-02, -4.87511E-03, 6.8476E-04
-3.70744E-08, -3.180704E-02, -5.08588E-03, 4.3183E-04
-3.70682E-08, -3.444167E-02, -5.40204E-03, 3.0537E-04
-3.70619E-08, -3.602246E-02, -5.29665E-03, 9.460E-05
-3.70557E-08, -3.813017E-02, -5.08588E-03, -2.0048E-04
-3.70494E-08, -3.813017E-02, -4.87511E-03, -4.9556E-04
-3.70432E-08, -4.023788E-02, -4.55895E-03, -6.6418E-04
-3.70369E-08, -4.129174E-02, -4.24279E-03, -8.7495E-04
-3.70307E-08, -4.234559E-02, -3.82125E-03, -1.12787E-03
-3.70244E-08, -4.339945E-02, -3.50509E-03, -1.29649E-03
-3.70182E-08, -4.339945E-02, -3.08355E-03, -1.59157E-03
-3.70119E-08, -4.339945E-02, -2.34585E-03, -1.84450E-03
-3.70057E-08, -4.392638E-02, -1.71354E-03, -1.84450E-03
-3.69994E-08, -4.392638E-02, -9.7584E-04, -2.01311E-03
-3.69932E-08, -4.339945E-02, -4.4891E-04, -2.09742E-03
-3.69869E-08, -4.339945E-02, 7.801E-05, -2.26604E-03
-3.69807E-08, -4.234559E-02, 4.9956E-04, -2.18173E-03
-3.69744E-08, -4.076481E-02, 1.23726E-03, -2.18173E-03
-3.69682E-08, -4.076481E-02, 1.34264E-03, -2.18173E-03
-3.69619E-08, -3.918403E-02, 1.65880E-03, -2.09742E-03
-3.69557E-08, -3.813017E-02, 1.86957E-03, -1.97096E-03
-3.69494E-08, -3.602246E-02, 2.08034E-03, -1.76019E-03
-3.69432E-08, -3.444167E-02, 2.18573E-03, -1.54942E-03
-3.69369E-08, -3.391474E-02, 2.39650E-03, -1.42295E-03
-3.69307E-08, -3.180704E-02, 2.29111E-03, -1.17003E-03
-3.69244E-08, -3.128011E-02, 2.18573E-03, -9.5926E-04
-3.69182E-08, -3.022625E-02, 2.18573E-03, -7.0633E-04
-3.69119E-08, -2.917239E-02, 1.97495E-03, -4.1125E-04
-3.69057E-08, -2.917239E-02, 1.55341E-03, -1.5833E-04
-3.68994E-08, -2.811854E-02, 1.34264E-03, 9.460E-05
-3.68932E-08, -2.811854E-02, 9.2110E-04, 2.6322E-04
-3.68869E-08, -2.811854E-02, 8.1571E-04, 4.7399E-04
-3.68807E-08, -2.864547E-02, 1.8340E-04, 6.0045E-04
-3.68744E-08, -2.969932E-02, -2.3814E-04, 6.8476E-04
-3.68682E-08, -3.075318E-02, -5.5430E-04, 7.2691E-04
-3.68619E-08, -3.180704E-02, -9.7584E-04, 8.9553E-04
-3.68557E-08, -3.286089E-02, -1.39738E-03, 8.5338E-04
-3.68494E-08, -3.549553E-02, -1.71354E-03, 8.1122E-04
-3.68432E-08, -3.707631E-02, -1.92431E-03, 7.6907E-04
-3.68369E-08, -3.918403E-02, -2.13508E-03, 6.0045E-04
-3.68307E-08, -4.181866E-02, -2.45124E-03, 4.7399E-04
-3.68244E-08, -4.498023E-02, -2.66201E-03, 2.6322E-04
-3.68182E-08, -4.656101E-02, -2.87278E-03, 1.029E-05
-3.68119E-08, -4.761487E-02, -2.76740E-03, -2.8479E-04
-3.68057E-08, -5.130336E-02, -2.76740E-03, -5.3771E-04
-3.67994E-08, -5.288415E-02, -2.76740E-03, -8.3279E-04
-3.67932E-08, -5.604572E-02, -2.66201E-03, -1.25434E-03
-3.67869E-08, -5.709957E-02, -2.45124E-03, -1.54942E-03
-3.67807E-08, -5.868036E-02, -2.34585E-03, -1.84450E-03
-3.67744E-08, -6.026114E-02, -2.02970E-03, -2.18173E-03
-3.67682E-08, -6.236885E-02, -1.71354E-03, -2.47681E-03
-3.67619E-08, -6.342271E-02, -1.39738E-03, -2.72973E-03
-3.67557E-08, -6.289578E-02, -1.08123E-03, -3.02481E-03
-3.67494E-08, -6.289578E-02, -7.6507E-04, -3.23559E-03
-3.67432E-08, -6.289578E-02, -4.4891E-04, -3.44636E-03
-3.67369E-08, -6.131500E-02, 7.801E-05, -3.53066E-03
-3.67307E-08, -6.026114E-02, 4.9956E-04, -3.61497E-03
-3.67244E-08, -5.973421E-02, 9.2110E-04, -3.65713E-03
-3.67182E-08, -5.762650E-02, 1.23726E-03, -3.53066E-03
-3.67119E-08, -5.499186E-02, 1.65880E-03, -3.57282E-03
-3.67057E-08, -5.235722E-02, 1.97495E-03, -3.36205E-03
-3.66994E-08, -4.972258E-02, 2.60727E-03, -3.23559E-03
-3.66932E-08, -4.708794E-02, 2.81804E-03, -3.06697E-03
-3.66869E-08, -4.339945E-02, 3.23958E-03, -2.85620E-03
-3.66807E-08, -4.023788E-02, 3.66112E-03, -2.56112E-03
-3.66744E-08, -3.760324E-02, 4.08267E-03, -2.35035E-03
-3.66682E-08, -3.391474E-02, 4.29344E-03, -2.01311E-03
-3.66619E-08, -2.969932E-02, 4.60959E-03, -1.59157E-03
-3.66557E-08, -2.759161E-02, 5.13652E-03, -1.29649E-03
-3.66494E-08, -2.337619E-02, 5.34729E-03, -1.04357E-03
-3.66432E-08, -2.021462E-02, 5.97961E-03, -6.2202E-04
-3.66369E-08, -1.705305E-02, 6.19038E-03, -4.9556E-04
-3.66307E-08, -1.494534E-02, 6.71731E-03, -1.1617E-04
-3.66244E-08, -1.178377E-02, 7.13885E-03, 9.460E-05
-3.66182E-08, -1.072992E-02, 7.45500E-03, 3.4752E-04
-3.66119E-08, -8.09528E-03, 7.87655E-03, 4.7399E-04
-3.66057E-08, -7.04142E-03, 8.19270E-03, 6.4260E-04
-3.65994E-08, -5.98757E-03, 8.61425E-03, 6.8476E-04
-3.65932E-08, -5.46064E-03, 8.82502E-03, 7.2691E-04
-3.65869E-08, -3.87986E-03, 9.45733E-03, 7.2691E-04
-3.65807E-08, -4.40678E-03, 9.56272E-03, 8.1122E-04
-3.65744E-08, -4.40678E-03, 9.87887E-03, 6.8476E-04
-3.65682E-08, -4.40678E-03, 1.019503E-02, 5.1614E-04
-3.65619E-08, -5.46064E-03, 1.040580E-02, 4.7399E-04
-3.65557E-08, -4.93371E-03, 1.051119E-02, 2.6322E-04
-3.65494E-08, -7.04142E-03, 1.072196E-02, 9.460E-05
-3.65432E-08, -8.09528E-03, 1.072196E-02, -1.1617E-04
-3.65369E-08, -8.62221E-03, 1.061657E-02, -3.6910E-04
-3.65307E-08, -1.072992E-02, 1.040580E-02, -4.5341E-04
-3.65244E-08, -1.125685E-02, 1.008964E-02, -6.6418E-04
-3.65182E-08, -1.283763E-02, 9.77349E-03, -8.7495E-04
-3.65119E-08, -1.336456E-02, 9.35195E-03, -1.08572E-03
-3.65057E-08, -1.494534E-02, 8.93040E-03, -1.25434E-03
-3.64994E-08, -1.705305E-02, 8.29809E-03, -1.42295E-03
-3.64932E-08, -1.652613E-02, 7.34962E-03, -1.54942E-03
-3.64869E-08, -1.705305E-02, 6.61192E-03, -1.71803E-03
-3.64807E-08, -1.810691E-02, 5.66345E-03, -1.71803E-03
-3.64744E-08, -1.863384E-02, 4.71498E-03, -1.88665E-03
-3.64682E-08, -1.810691E-02, 3.55574E-03, -1.92880E-03
-3.64619E-08, -1.757998E-02, 2.39650E-03, -1.92880E-03
-3.64557E-08, -1.705305E-02, 1.44803E-03, -2.05527E-03
-3.64494E-08, -1.547227E-02, 2.8879E-04, -2.05527E-03
-3.64432E-08, -1.599920E-02, -1.08123E-03, -2.01311E-03
-3.64369E-08, -1.283763E-02, -2.24047E-03, -1.92880E-03
-3.64307E-08, -1.125685E-02, -3.18894E-03, -1.92880E-03
-3.64244E-08, -1.020299E-02, -4.55895E-03, -1.88665E-03
-3.64182E-08, -7.56835E-03, -5.71819E-03, -1.88665E-03
-3.64119E-08, -4.93371E-03, -6.66666E-03, -1.84450E-03
-3.64057E-08, -2.82600E-03, -7.61513E-03, -1.84450E-03
-3.63994E-08, -1.24522E-03, -8.45822E-03, -1.88665E-03
-3.63932E-08, 1.91635E-03, -9.09053E-03, -1.92880E-03
-3.63869E-08, 5.07792E-03, -9.51207E-03, -1.92880E-03
-3.63807E-08, 8.23948E-03, -1.035516E-02, -2.01311E-03
-3.63744E-08, 1.087412E-02, -1.035516E-02, -2.13958E-03
-3.63682E-08, 1.403569E-02, -1.056593E-02, -2.22388E-03
-3.63619E-08, 1.772419E-02, -1.067131E-02, -2.30819E-03
-3.63557E-08, 1.983190E-02, -1.046054E-02, -2.51896E-03
-3.63494E-08, 2.404732E-02, -9.93362E-03, -2.60327E-03
-3.63432E-08, 2.615503E-02, -9.61746E-03, -2.77189E-03
-3.63369E-08, 2.984353E-02, -8.87976E-03, -2.98266E-03
-3.63307E-08, 3.247816E-02, -8.03667E-03, -3.19343E-03
-3.63244E-08, 3.405895E-02, -7.19359E-03, -3.31989E-03
-3.63182E-08, 3.722052E-02, -6.24512E-03, -3.57282E-03
-3.63119E-08, 3.932823E-02, -5.08588E-03, -3.69928E-03
-3.63057E-08, 4.196287E-02, -3.92664E-03, -3.78359E-03
-3.62994E-08, 4.301672E-02, -2.45124E-03, -3.95221E-03
-3.62932E-08, 4.407058E-02, -1.18661E-03, -3.99436E-03
-3.62869E-08, 4.670522E-02, 2.8879E-04, -4.07867E-03
-3.62807E-08, 4.723215E-02, 1.55341E-03, -4.07867E-03
-3.62744E-08, 4.828600E-02, 3.02881E-03, -4.07867E-03
-3.62682E-08, 4.723215E-02, 4.39882E-03, -3.95221E-03
-3.62619E-08, 4.775907E-02, 5.55806E-03, -3.86790E-03
-3.62557E-08, 4.775907E-02, 6.82269E-03, -3.74144E-03
-3.62494E-08, 4.775907E-02, 7.98193E-03, -3.57282E-03
-3.62432E-08, 4.617829E-02, 9.14117E-03, -3.27774E-03
-3.62369E-08, 4.565137E-02, 1.019503E-02, -3.02481E-03
-3.62307E-08, 4.301672E-02, 1.103811E-02, -2.72973E-03
-3.62244E-08, 4.090901E-02, 1.167043E-02, -2.47681E-03
-3.62182E-08, 3.932823E-02, 1.230274E-02, -2.09742E-03
-3.62119E-08, 3.774745E-02, 1.282967E-02, -1.71803E-03
-3.62057E-08, 3.353202E-02, 1.314583E-02, -1.33864E-03
-3.61994E-08, 3.037046E-02, 1.314583E-02, -8.7495E-04
-3.61932E-08, 2.826274E-02, 1.314583E-02, -5.3771E-04
-3.61869E-08, 2.404732E-02, 1.314583E-02, -1.5833E-04
-3.61807E-08, 1.983190E-02, 1.304044E-02, 1.7891E-04
-3.61744E-08, 1.667033E-02, 1.282967E-02, 6.0045E-04
-3.61682E-08, 1.245491E-02, 1.230274E-02, 8.9553E-04
-3.61619E-08, 8.23948E-03, 1.177581E-02, 1.27492E-03
-3.61557E-08, 4.55099E-03, 1.103811E-02, 1.57000E-03
-3.61494E-08, 3.3557E-04, 1.051119E-02, 1.78077E-03
-3.61432E-08, -2.82600E-03, 9.77349E-03, 2.11800E-03
-3.61369E-08, -6.51450E-03, 8.93040E-03, 2.24446E-03
-3.61307E-08, -1.072992E-02, 8.19270E-03, 2.49739E-03
-3.61244E-08, -1.389149E-02, 7.34962E-03, 2.62385E-03
-3.61182E-08, -1.599920E-02, 6.29576E-03, 2.66601E-03
-3.61119E-08, -1.916077E-02, 5.55806E-03, 2.79247E-03
-3.61057E-08, -2.126848E-02, 4.71498E-03, 2.83462E-03
-3.60994E-08, -2.337619E-02, 3.87190E-03, 2.79247E-03
-3.60932E-08, -2.390312E-02, 3.23958E-03, 2.83462E-03
-3.60869E-08, -2.495697E-02, 2.50188E-03, 2.70816E-03
-3.60807E-08, -2.548390E-02, 1.76418E-03, 2.70816E-03
-3.60744E-08, -2.601083E-02, 1.02648E-03, 2.62385E-03
-3.60682E-08, -2.495697E-02, 3.9417E-04, 2.49739E-03
-3.60619E-08, -2.443004E-02, -3.4353E-04, 2.41308E-03
-3.60557E-08, -2.284926E-02, -7.6507E-04, 2.37093E-03
-3.60494E-08, -2.074155E-02, -1.18661E-03, 2.24446E-03
-3.60432E-08, -1.968769E-02, -1.71354E-03, 2.16016E-03
-3.60369E-08, -1.705305E-02, -2.13508E-03, 2.07585E-03
-3.60307E-08, -1.283763E-02, -2.55662E-03, 1.99154E-03
-3.60244E-08, -1.072992E-02, -2.66201E-03, 1.78077E-03
-3.60182E-08, -8.09528E-03, -3.18894E-03, 1.73861E-03
-3.60119E-08, -3.87986E-03, -3.29432E-03, 1.69646E-03
-3.60057E-08, -1.24522E-03, -3.61048E-03, 1.61215E-03
-3.59994E-08, 1.91635E-03, -3.92664E-03, 1.57000E-03
-3.59932E-08, 5.07792E-03, -3.92664E-03, 1.52784E-03
-3.59869E-08, 7.71256E-03, -3.92664E-03, 1.52784E-03
-3.59807E-08, 1.087412E-02, -4.24279E-03, 1.48569E-03
-3.59744E-08, 1.192798E-02, -4.03202E-03, 1.44353E-03
-3.59682E-08, 1.456262E-02, -4.13741E-03, 1.44353E-03
-3.59619E-08, 1.667033E-02, -4.13741E-03, 1.48569E-03
-3.59557E-08, 1.667033E-02, -4.13741E-03, 1.44353E-03
-3.59494E-08, 1.719726E-02, -4.03202E-03, 1.48569E-03
-3.59432E-08, 1.877804E-02, -3.92664E-03, 1.52784E-03
-3.59369E-08, 1.825111E-02, -3.92664E-03, 1.48569E-03
-3.59307E-08, 1.772419E-02, -3.82125E-03, 1.57000E-03
-3.59244E-08, 1.614340E-02, -3.39971E-03, 1.52784E-03
-3.59182E-08, 1.508955E-02, -3.29432E-03, 1.69646E-03
-3.59119E-08, 1.350876E-02, -2.76740E-03, 1.65431E-03
-3.59057E-08, 9.82027E-03, -2.24047E-03, 1.78077E-03
-3.58994E-08, 7.18563E-03, -2.02970E-03, 1.90723E-03
-3.58932E-08, 3.49713E-03, -1.50277E-03, 1.90723E-03
-3.58869E-08, 8.6249E-04, -9.7584E-04, 2.03369E-03
-3.58807E-08, -3.35293E-03, -5.5430E-04, 2.24446E-03
-3.58744E-08, -7.56835E-03, -1.3276E-04, 2.28662E-03
-3.58682E-08, -1.178377E-02, 4.9956E-04, 2.45524E-03
-3.58619E-08, -1.547227E-02, 9.2110E-04, 2.53954E-03
-3.58557E-08, -1.968769E-02, 1.44803E-03, 2.66601E-03
-3.58494E-08, -2.232233E-02, 1.97495E-03, 2.75032E-03
-3.58432E-08, -2.653776E-02, 2.39650E-03, 2.96109E-03
-3.58369E-08, -3.022625E-02, 2.92343E-03, 3.08755E-03
-3.58307E-08, -3.338782E-02, 3.13420E-03, 3.21401E-03
-3.58244E-08, -3.602246E-02, 3.34497E-03, 3.46694E-03
-3.58182E-08, -3.865710E-02, 3.66112E-03, 3.50909E-03
-3.58119E-08, -4.076481E-02, 3.97728E-03, 3.63555E-03
-3.58057E-08, -4.234559E-02, 3.66112E-03, 3.71986E-03
-3.57994E-08, -4.392638E-02, 3.76651E-03, 3.71986E-03
-3.57932E-08, -4.498023E-02, 3.55574E-03, 3.88848E-03
-3.57869E-08, -4.603409E-02, 3.45035E-03, 3.93063E-03
-3.57807E-08, -4.656101E-02, 3.02881E-03, 3.88848E-03
-3.57744E-08, -4.656101E-02, 2.50188E-03, 3.88848E-03
-3.57682E-08, -4.656101E-02, 1.97495E-03, 3.84633E-03
-3.57619E-08, -4.603409E-02, 1.34264E-03, 3.76202E-03
-3.57557E-08, -4.445330E-02, 6.0494E-04, 3.63555E-03
-3.57494E-08, -4.392638E-02, -1.3276E-04, 3.46694E-03
-3.57432E-08, -4.339945E-02, -1.08123E-03, 3.29832E-03
-3.57369E-08, -4.234559E-02, -1.92431E-03, 3.04540E-03
-3.57307E-08, -4.129174E-02, -2.87278E-03, 2.79247E-03
-3.57244E-08, -4.076481E-02, -3.82125E-03, 2.49739E-03
-3.57182E-08, -4.076481E-02, -4.87511E-03, 2.16016E-03
-3.57119E-08, -3.971095E-02, -5.71819E-03, 1.78077E-03
-3.57057E-08, -3.971095E-02, -6.77205E-03, 1.40138E-03
-3.56994E-08, -3.918403E-02, -7.72052E-03, 1.02199E-03
-3.56932E-08, -3.918403E-02, -8.77437E-03, 6.4260E-04
-3.56869E-08, -3.971095E-02, -9.61746E-03, 1.3675E-04
-3.56807E-08, -4.076481E-02, -1.046054E-02, -2.0048E-04
-3.56744E-08, -4.234559E-02, -1.109286E-02, -7.4849E-04
-3.56682E-08, -4.339945E-02, -1.172517E-02, -1.12787E-03
-3.56619E-08, -4.498023E-02, -1.235748E-02, -1.59157E-03
-3.56557E-08, -4.708794E-02, -1.256825E-02, -2.01311E-03
-3.56494E-08, -4.972258E-02, -1.298980E-02, -2.43465E-03
-3.56432E-08, -5.077644E-02, -1.330595E-02, -2.77189E-03
-3.56369E-08, -5.446493E-02, -1.309518E-02, -3.15128E-03
-3.56307E-08, -5.657265E-02, -1.298980E-02, -3.48851E-03
-3.56244E-08, -5.868036E-02, -1.288441E-02, -3.69928E-03
-3.56182E-08, -6.184192E-02, -1.256825E-02, -3.95221E-03
-3.56119E-08, -6.447656E-02, -1.204133E-02, -4.16298E-03
-3.56057E-08, -6.658427E-02, -1.161978E-02, -4.20513E-03
-3.55994E-08, -6.869198E-02, -1.088209E-02, -4.37375E-03
-3.55932E-08, -7.027277E-02, -1.003900E-02, -4.41590E-03
-3.55869E-08, -7.132663E-02, -9.30130E-03, -4.41590E-03
-3.55807E-08, -7.448819E-02, -8.45822E-03, -4.37375E-03
-3.55744E-08, -7.448819E-02, -7.61513E-03, -4.33159E-03
-3.55682E-08, -7.554205E-02, -6.66666E-03, -4.20513E-03
-3.55619E-08, -7.501512E-02, -5.71819E-03, -4.07867E-03
-3.55557E-08, -7.501512E-02, -4.66434E-03, -3.82574E-03
-3.55494E-08, -7.396127E-02, -3.61048E-03, -3.57282E-03
-3.55432E-08, -7.185356E-02, -2.76740E-03, -3.27774E-03
-3.55369E-08, -7.079970E-02, -1.81893E-03, -3.02481E-03
-3.55307E-08, -6.816506E-02, -9.7584E-04, -2.72973E-03
-3.55244E-08, -6.553042E-02, -2.3814E-04, -2.47681E-03
-3.55182E-08, -6.342271E-02, 4.9956E-04, -2.09742E-03
-3.55119E-08, -5.868036E-02, 1.34264E-03, -1.80234E-03
-3.55057E-08, -5.709957E-02, 1.86957E-03, -1.42295E-03
-3.54994E-08, -5.341108E-02, 2.39650E-03, -1.08572E-03
-3.54932E-08, -5.024951E-02, 2.81804E-03, -7.0633E-04
-3.54869E-08, -4.498023E-02, 3.13420E-03, -3.6910E-04
-3.54807E-08, -4.181866E-02, 3.45035E-03, -7.402E-05
-3.54744E-08, -3.707631E-02, 3.66112E-03, 2.2106E-04
-3.54682E-08, -3.286089E-02, 3.45035E-03, 4.7399E-04
-3.54619E-08, -2.917239E-02, 3.13420E-03, 8.1122E-04
-3.54557E-08, -2.495697E-02, 3.23958E-03, 9.7984E-04
-3.54494E-08, -2.126848E-02, 2.92343E-03, 1.14845E-03
-3.54432E-08, -1.810691E-02, 2.50188E-03, 1.35923E-03
-3.54369E-08, -1.441841E-02, 2.08034E-03, 1.48569E-03
-3.54307E-08, -1.125685E-02, 1.55341E-03, 1.61215E-03
-3.54244E-08, -8.62221E-03, 9.2110E-04, 1.73861E-03
-3.54182E-08, -6.51450E-03, 1.8340E-04, 1.73861E-03
-3.54119E-08, -3.35293E-03, -4.4891E-04, 1.73861E-03
-3.54057E-08, -2.29907E-03, -1.29200E-03, 1.65431E-03
-3.53994E-08, -7.1829E-04, -2.02970E-03, 1.65431E-03
-3.53932E-08, 8.6249E-04, -2.76740E-03, 1.61215E-03
-3.53869E-08, 2.44328E-03, -3.61048E-03, 1.44353E-03
-3.53807E-08, 2.97021E-03, -4.34818E-03, 1.19061E-03
-3.53744E-08, 3.49713E-03, -5.29665E-03, 1.02199E-03
-3.53682E-08, 4.55099E-03, -6.03435E-03, 8.9553E-04
-3.53619E-08, 5.07792E-03, -6.56128E-03, 6.8476E-04
-3.53557E-08, 5.07792E-03, -7.29898E-03, 4.3183E-04
-3.53494E-08, 6.13177E-03, -7.82590E-03, 9.460E-05
-3.53432E-08, 5.60485E-03, -8.24745E-03, -2.0048E-04
-3.53369E-08, 6.65870E-03, -8.66899E-03, -3.6910E-04
-3.53307E-08, 5.60485E-03, -8.87976E-03, -6.6418E-04
-3.53244E-08, 6.65870E-03, -9.09053E-03, -8.7495E-04
-3.53182E-08, 7.18563E-03, -8.98515E-03, -1.17003E-03
-3.53119E-08, 8.23948E-03, -8.87976E-03, -1.46511E-03
-3.53057E-08, 8.23948E-03, -8.66899E-03, -1.67588E-03
-3.52994E-08, 9.29334E-03, -8.24745E-03, -1.80234E-03
-3.52932E-08, 9.82027E-03, -7.93129E-03, -2.05527E-03
-3.52869E-08, 1.140105E-02, -7.29898E-03, -2.22388E-03
-3.52807E-08, 1.192798E-02, -6.66666E-03, -2.30819E-03
-3.52744E-08, 1.350876E-02, -5.82358E-03, -2.43465E-03
-3.52682E-08, 1.456262E-02, -4.98049E-03, -2.47681E-03
-3.52619E-08, 1.508955E-02, -4.13741E-03, -2.39250E-03
-3.52557E-08, 1.667033E-02, -2.87278E-03, -2.43465E-03
-3.52494E-08, 1.772419E-02, -1.81893E-03, -2.39250E-03
-3.52432E-08, 1.825111E-02, -6.5968E-04, -2.26604E-03
-3.52369E-08, 1.983190E-02, 4.9956E-04, -2.18173E-03
-3.52307E-08, 2.088575E-02, 1.44803E-03, -2.01311E-03
-3.52244E-08, 2.141268E-02, 2.71265E-03, -1.84450E-03
-3.52182E-08, 2.141268E-02, 3.66112E-03, -1.59157E-03
-3.52119E-08, 2.246654E-02, 4.82037E-03, -1.46511E-03
-3.52057E-08, 2.141268E-02, 5.76884E-03, -1.21218E-03
-3.51994E-08, 2.141268E-02, 6.61192E-03, -9.5926E-04
-3.51932E-08, 2.088575E-02, 7.56039E-03, -7.9064E-04
-3.51869E-08, 2.035883E-02, 8.40348E-03, -5.7987E-04
-3.51807E-08, 1.877804E-02, 9.03579E-03, -3.2694E-04
-3.51744E-08, 1.825111E-02, 9.45733E-03, -2.4263E-04
-3.51682E-08, 1.667033E-02, 9.98426E-03, -7.402E-05
-3.51619E-08, 1.456262E-02, 1.030042E-02, 9.460E-05
-3.51557E-08, 1.350876E-02, 1.051119E-02, 1.3675E-04
-3.51494E-08, 1.087412E-02, 1.051119E-02, 1.7891E-04
-3.51432E-08, 7.71256E-03, 1.061657E-02, 2.2106E-04
-3.51369E-08, 5.60485E-03, 1.040580E-02, 1.7891E-04
-3.51307E-08, 2.44328E-03, 1.051119E-02, 1.3675E-04
-3.51244E-08, -7.1829E-04, 1.008964E-02, -3.186E-05
-3.51182E-08, -3.87986E-03, 9.87887E-03, -1.1617E-04
-3.51119E-08, -7.04142E-03, 9.45733E-03, -3.6910E-04
-3.51057E-08, -1.020299E-02, 8.82502E-03, -6.2202E-04
-3.50994E-08, -1.336456E-02, 8.29809E-03, -9.1710E-04
-3.50932E-08, -1.599920E-02, 7.98193E-03, -1.29649E-03
-3.50869E-08, -1.810691E-02, 7.66578E-03, -1.67588E-03
-3.50807E-08, -2.074155E-02, 6.92808E-03, -2.01311E-03
-3.50744E-08, -2.337619E-02, 6.50653E-03, -2.30819E-03
-3.50682E-08, -2.548390E-02, 5.97961E-03, -2.77189E-03
-3.50619E-08, -2.706468E-02, 5.55806E-03, -3.15128E-03
-3.50557E-08, -2.969932E-02, 4.82037E-03, -3.53066E-03
-3.50494E-08, -3.022625E-02, 4.60959E-03, -3.95221E-03
-3.50432E-08, -3.180704E-02, 4.18805E-03, -4.33159E-03
-3.50369E-08, -3.180704E-02, 3.87190E-03, -4.66883E-03
-3.50307E-08, -3.286089E-02, 3.34497E-03, -5.00606E-03
-3.50244E-08, -3.286089E-02, 3.13420E-03, -5.21683E-03
-3.50182E-08, -3.338782E-02, 3.02881E-03, -5.38545E-03
-3.50119E-08, -3.180704E-02, 2.60727E-03, -5.59622E-03
-3.50057E-08, -3.180704E-02, 2.18573E-03, -5.68053E-03
-3.49994E-08, -3.022625E-02, 2.08034E-03, -5.76484E-03
-3.49932E-08, -2.917239E-02, 1.55341E-03, -5.63838E-03
-3.49869E-08, -2.759161E-02, 1.44803E-03, -5.63838E-03
-3.49807E-08, -2.653776E-02, 1.02648E-03, -5.46976E-03
-3.49744E-08, -2.495697E-02, 8.1571E-04, -5.30114E-03
-3.49682E-08, -2.232233E-02, 2.8879E-04, -5.04822E-03
-3.49619E-08, -2.126848E-02, 7.801E-05, -4.62667E-03
-3.49557E-08, -1.916077E-02, -2.3814E-04, -4.33159E-03
-3.49494E-08, -1.705305E-02, -6.5968E-04, -3.95221E-03
-3.49432E-08, -1.494534E-02, -1.18661E-03, -3.48851E-03
-3.49369E-08, -1.283763E-02, -1.60815E-03, -3.06697E-03
-3.49307E-08, -1.125685E-02, -2.02970E-03, -2.47681E-03
-3.49244E-08, -9.67606E-03, -2.66201E-03, -2.13958E-03
-3.49182E-08, -8.62221E-03, -2.97817E-03, -1.71803E-03
-3.49119E-08, -5.46064E-03, -3.29432E-03, -1.25434E-03
-3.49057E-08, -5.46064E-03, -3.82125E-03, -7.0633E-04
-3.48994E-08, -3.87986E-03, -4.13741E-03, -3.2694E-04
-3.48932E-08, -2.82600E-03, -4.66434E-03, -3.186E-05
-3.48869E-08, -1.24522E-03, -4.76972E-03, 3.4752E-04
-3.48807E-08, -1.24522E-03, -5.50742E-03, 5.5830E-04
-3.48744E-08, 3.3557E-04, -5.61281E-03, 7.2691E-04
-3.48682E-08, 8.6249E-04, -5.82358E-03, 9.3768E-04
-3.48619E-08, 3.3557E-04, -5.92896E-03, 1.02199E-03
-3.48557E-08, -1.9136E-04, -6.13973E-03, 1.02199E-03
-3.48494E-08, 1.38942E-03, -6.13973E-03, 9.3768E-04
-3.48432E-08, -1.9136E-04, -5.92896E-03, 9.3768E-04
-3.48369E-08, 3.3557E-04, -5.82358E-03, 7.6907E-04
-3.48307E-08, 3.3557E-04, -5.71819E-03, 5.5830E-04
-3.48244E-08, 3.3557E-04, -5.29665E-03, 3.4752E-04
-3.48182E-08, -1.24522E-03, -4.76972E-03, 9.460E-05
-3.48119E-08, -1.24522E-03, -4.76972E-03, -2.4263E-04
-3.48057E-08, -2.29907E-03, -4.24279E-03, -5.3771E-04
-3.47994E-08, -2.82600E-03, -3.71587E-03, -9.1710E-04
-3.47932E-08, -3.35293E-03, -3.39971E-03, -1.33864E-03
-3.47869E-08, -3.87986E-03, -2.76740E-03, -1.71803E-03
-3.47807E-08, -4.93371E-03, -2.24047E-03, -2.01311E-03
-3.47744E-08, -5.98757E-03, -1.60815E-03, -2.39250E-03
-3.47682E-08, -7.56835E-03, -1.29200E-03, -2.72973E-03
-3.47619E-08, -9.14914E-03, -6.5968E-04, -2.85620E-03
-3.47557E-08, -1.020299E-02, -1.3276E-04, -3.15128E-03
-3.47494E-08, -1.072992E-02, 7.801E-05, -3.36205E-03
-3.47432E-08, -1.178377E-02, 4.9956E-04, -3.40420E-03
-3.47369E-08, -1.283763E-02, 7.1033E-04, -3.57282E-03
-3.47307E-08, -1.441841E-02, 9.2110E-04, -3.61497E-03
-3.47244E-08, -1.547227E-02, 1.34264E-03, -3.48851E-03
-3.47182E-08, -1.652613E-02, 1.34264E-03, -3.40420E-03
-3.47119E-08, -1.757998E-02, 1.34264E-03, -3.27774E-03
-3.47057E-08, -1.863384E-02, 1.23726E-03, -3.06697E-03
-3.46994E-08, -1.916077E-02, 1.34264E-03, -2.81404E-03
-3.46932E-08, -2.074155E-02, 1.13187E-03, -2.60327E-03
-3.46869E-08, -2.126848E-02, 1.23726E-03, -2.18173E-03
-3.46807E-08, -2.337619E-02, 9.2110E-04, -1.84450E-03
-3.46744E-08, -2.390312E-02, 8.1571E-04, -1.50726E-03
-3.46682E-08, -2.548390E-02, 7.1033E-04, -1.08572E-03
-3.46619E-08, -2.653776E-02, 2.8879E-04, -7.0633E-04
-3.46557E-08, -2.811854E-02, 7.801E-05, -3.6910E-04
-3.46494E-08, -2.811854E-02, 7.801E-05, 1.029E-05
-3.46432E-08, -2.864547E-02, -2.3814E-04, 3.8968E-04
-3.46369E-08, -2.969932E-02, -4.4891E-04, 7.2691E-04
-3.46307E-08, -3.075318E-02, -6.5968E-04, 1.06415E-03
-3.46244E-08, -3.128011E-02, -6.5968E-04, 1.35923E-03
-3.46182E-08, -3.075318E-02, -7.6507E-04, 1.52784E-03
-3.46119E-08, -3.022625E-02, -7.6507E-04, 1.73861E-03
-3.46057E-08, -3.075318E-02, -8.7046E-04, 1.82292E-03
-3.45994E-08, -2.917239E-02, -7.6507E-04, 1.90723E-03
-3.45932E-08, -3.022625E-02, -7.6507E-04, 1.99154E-03
-3.45869E-08, -2.917239E-02, -7.6507E-04, 1.90723E-03
-3.45807E-08, -2.811854E-02, -6.5968E-04, 1.86508E-03
-3.45744E-08, -2.706468E-02, -6.5968E-04, 1.82292E-03
-3.45682E-08, -2.601083E-02, -5.5430E-04, 1.65431E-03
-3.45619E-08, -2.495697E-02, -7.6507E-04, 1.48569E-03
-3.45557E-08, -2.337619E-02, -7.6507E-04, 1.31707E-03
-3.45494E-08, -2.179541E-02, -8.7046E-04, 1.10630E-03
-3.45432E-08, -1.968769E-02, -9.7584E-04, 8.9553E-04
-3.45369E-08, -1.757998E-02, -1.08123E-03, 6.0045E-04
-3.45307E-08, -1.652613E-02, -1.29200E-03, 4.3183E-04
-3.45244E-08, -1.389149E-02, -1.71354E-03, 2.2106E-04
-3.45182E-08, -1.178377E-02, -1.92431E-03, 1.029E-05
-3.45119E-08, -9.67606E-03, -2.45124E-03, -2.0048E-04
-3.45057E-08, -8.09528E-03, -2.87278E-03, -3.2694E-04
-3.44994E-08, -7.04142E-03, -3.39971E-03, -4.1125E-04
-3.44932E-08, -5.46064E-03, -4.13741E-03, -5.3771E-04
-3.44869E-08, -3.87986E-03, -4.98049E-03, -5.3771E-04
-3.44807E-08, -2.29907E-03, -5.40204E-03, -5.3771E-04
-3.44744E-08, -7.1829E-04, -6.24512E-03, -4.9556E-04
-3.44682E-08, -7.1829E-04, -7.19359E-03, -3.6910E-04
-3.44619E-08, 8.6249E-04, -8.14206E-03, -2.4263E-04
-3.44557E-08, 1.38942E-03, -8.87976E-03, -3.186E-05
-3.44494E-08, 1.91635E-03, -9.82823E-03, 1.3675E-04
-3.44432E-08, 8.6249E-04, -1.046054E-02, 4.3183E-04
-3.44369E-08, 8.6249E-04, -1.119824E-02, 7.6907E-04
-3.44307E-08, 3.3557E-04, -1.204133E-02, 1.06415E-03
-3.44244E-08, -7.1829E-04, -1.267364E-02, 1.48569E-03
-3.44182E-08, -2.29907E-03, -1.351672E-02, 1.82292E-03
-3.44119E-08, -1.77215E-03, -1.372750E-02, 2.07585E-03
-3.44057E-08, -4.40678E-03, -1.446519E-02, 2.45524E-03
-3.43994E-08, -5.46064E-03, -1.457058E-02, 2.87678E-03
-3.43932E-08, -7.56835E-03, -1.488674E-02, 3.12970E-03
-3.43869E-08, -9.14914E-03, -1.488674E-02, 3.42478E-03
-3.43807E-08, -1.125685E-02, -1.509751E-02, 3.76202E-03
-3.43744E-08, -1.231070E-02, -1.467597E-02, 3.97279E-03
-3.43682E-08, -1.494534E-02, -1.446519E-02, 4.31002E-03
-3.43619E-08, -1.705305E-02, -1.393827E-02, 4.43648E-03
-3.43557E-08, -1.863384E-02, -1.362211E-02, 4.56295E-03
-3.43494E-08, -2.074155E-02, -1.298980E-02, 4.68941E-03
-3.43432E-08, -2.284926E-02, -1.225210E-02, 4.73156E-03
-3.43369E-08, -2.390312E-02, -1.140901E-02, 4.68941E-03
-3.43307E-08, -2.548390E-02, -1.067131E-02, 4.73156E-03
-3.43244E-08, -2.759161E-02, -9.61746E-03, 4.60510E-03
-3.43182E-08, -2.917239E-02, -8.66899E-03, 4.39433E-03
-3.43119E-08, -2.969932E-02, -7.50975E-03, 4.26787E-03
-3.43057E-08, -3.180704E-02, -6.45589E-03, 4.09925E-03
-3.42994E-08, -3.128011E-02, -5.40204E-03, 3.80417E-03
-3.42932E-08, -3.286089E-02, -4.03202E-03, 3.55125E-03
-3.42869E-08, -3.286089E-02, -3.08355E-03, 3.25617E-03
-3.42807E-08, -3.391474E-02, -1.81893E-03, 3.00324E-03
-3.42744E-08, -3.496860E-02, -7.6507E-04, 2.62385E-03
-3.42682E-08, -3.549553E-02, 1.8340E-04, 2.37093E-03
-3.42619E-08, -3.496860E-02, 1.34264E-03, 2.07585E-03
-3.42557E-08, -3.444167E-02, 2.18573E-03, 1.73861E-03
-3.42494E-08, -3.602246E-02, 3.02881E-03, 1.48569E-03
-3.42432E-08, -3.602246E-02, 3.97728E-03, 1.23276E-03
-3.42369E-08, -3.602246E-02, 4.92575E-03, 9.3768E-04
-3.42307E-08, -3.654939E-02, 5.45268E-03, 7.6907E-04
-3.42244E-08, -3.707631E-02, 6.08499E-03, 5.5830E-04
-3.42182E-08, -3.654939E-02, 6.71731E-03, 4.7399E-04
-3.42119E-08, -3.654939E-02, 7.13885E-03, 2.6322E-04
-3.42057E-08, -3.760324E-02, 7.45500E-03, 2.6322E-04
-3.41994E-08, -3.813017E-02, 7.98193E-03, 2.2106E-04
-3.41932E-08, -3.918403E-02, 8.19270E-03, 1.3675E-04
-3.41869E-08, -3.971095E-02, 8.40348E-03, 2.2106E-04
-3.41807E-08, -4.181866E-02, 8.61425E-03, 3.0537E-04
-3.41744E-08, -4.181866E-02, 8.71963E-03, 2.6322E-04
-3.41682E-08, -4.287252E-02, 8.61425E-03, 4.3183E-04
-3.41619E-08, -4.339945E-02, 8.50886E-03, 5.1614E-04
-3.41557E-08, -4.445330E-02, 8.50886E-03, 6.4260E-04
-3.41494E-08, -4.550716E-02, 8.40348E-03, 8.1122E-04
-3.41432E-08, -4.708794E-02, 7.98193E-03, 1.02199E-03
-3.41369E-08, -4.708794E-02, 7.77116E-03, 1.10630E-03
-3.41307E-08, -4.761487E-02, 7.45500E-03, 1.27492E-03
-3.41244E-08, -4.919565E-02, 7.03346E-03, 1.44353E-03
-3.41182E-08, -4.972258E-02, 6.50653E-03, 1.65431E-03
-3.41119E-08, -4.866873E-02, 6.08499E-03, 1.69646E-03
-3.41057E-08, -4.972258E-02, 5.66345E-03, 1.90723E-03
-3.40994E-08, -4.919565E-02, 4.71498E-03, 1.99154E-03
-3.40932E-08, -4.972258E-02, 4.08267E-03, 2.16016E-03
-3.40869E-08, -4.814180E-02, 3.34497E-03, 2.20231E-03
-3.40807E-08, -4.708794E-02, 2.71265E-03, 2.32877E-03
-3.40744E-08, -4.656101E-02, 1.86957E-03, 2.37093E-03
-3.40682E-08, -4.445330E-02, 1.13187E-03, 2.45524E-03
-3.40619E-08, -4.287252E-02, 2.8879E-04, 2.45524E-03
-3.40557E-08, -4.076481E-02, -4.4891E-04, 2.49739E-03
-3.40494E-08, -3.654939E-02, -1.39738E-03, 2.45524E-03
-3.40432E-08, -3.549553E-02, -2.13508E-03, 2.37093E-03
-3.40369E-08, -3.233396E-02, -2.87278E-03, 2.37093E-03
-3.40307E-08, -2.759161E-02, -3.71587E-03, 2.32877E-03
-3.40244E-08, -2.443004E-02, -4.55895E-03, 2.24446E-03
-3.40182E-08, -2.126848E-02, -5.19126E-03, 2.20231E-03
-3.40119E-08, -1.547227E-02, -5.92896E-03, 2.11800E-03
-3.40057E-08, -1.178377E-02, -6.45589E-03, 2.07585E-03
-3.39994E-08, -9.14914E-03, -7.08820E-03, 1.99154E-03
-3.39932E-08, -3.87986E-03, -7.61513E-03, 1.78077E-03
-3.39869E-08, 8.6249E-04, -7.72052E-03, 1.69646E-03
-3.39807E-08, 5.60485E-03, -7.93129E-03, 1.57000E-03
-3.39744E-08, 9.29334E-03, -8.03667E-03, 1.44353E-03
-3.39682E-08, 1.403569E-02, -8.24745E-03, 1.31707E-03
-3.39619E-08, 1.772419E-02, -8.24745E-03, 1.14845E-03
-3.39557E-08, 2.088575E-02, -8.03667E-03, 9.7984E-04
-3.39494E-08, 2.457425E-02, -7.72052E-03, 7.2691E-04
-3.39432E-08, 2.773582E-02, -7.19359E-03, 6.0045E-04
-3.39369E-08, 3.089738E-02, -6.77205E-03, 3.4752E-04
-3.39307E-08, 3.300510E-02, -6.24512E-03, 1.7891E-04
-3.39244E-08, 3.511281E-02, -5.50742E-03, -7.402E-05
-3.39182E-08, 3.616666E-02, -4.87511E-03, -3.2694E-04
-3.39119E-08, 3.880130E-02, -3.92664E-03, -5.7987E-04
-3.39057E-08, 3.880130E-02, -2.97817E-03, -7.9064E-04
-3.38994E-08, 3.880130E-02, -2.02970E-03, -1.08572E-03
-3.38932E-08, 3.880130E-02, -1.18661E-03, -1.38080E-03
-3.38869E-08, 3.932823E-02, -2.3814E-04, -1.67588E-03
-3.38807E-08, 3.669359E-02, 7.1033E-04, -1.88665E-03
-3.38744E-08, 3.669359E-02, 1.65880E-03, -2.26604E-03
-3.38682E-08, 3.405895E-02, 2.60727E-03, -2.43465E-03
-3.38619E-08, 3.195124E-02, 3.66112E-03, -2.68758E-03
-3.38557E-08, 2.931660E-02, 4.29344E-03, -2.98266E-03
-3.38494E-08, 2.720889E-02, 5.03114E-03, -3.27774E-03
-3.38432E-08, 2.352039E-02, 5.87422E-03, -3.40420E-03
-3.38369E-08, 2.035883E-02, 6.50653E-03, -3.57282E-03
-3.38307E-08, 1.614340E-02, 6.82269E-03, -3.69928E-03
-3.38244E-08, 1.192798E-02, 7.24423E-03, -3.82574E-03
-3.38182E-08, 8.23948E-03, 7.45500E-03, -3.78359E-03
-3.38119E-08, 5.07792E-03, 7.77116E-03, -3.91005E-03
-3.38057E-08, -7.1829E-04, 7.66578E-03, -3.78359E-03
-3.37994E-08, -4.40678E-03, 7.56039E-03, -3.82574E-03
-3.37932E-08, -9.67606E-03, 7.24423E-03, -3.69928E-03
-3.37869E-08, -1.336456E-02, 6.92808E-03, -3.57282E-03
-3.37807E-08, -1.757998E-02, 6.40115E-03, -3.36205E-03
-3.37744E-08, -2.074155E-02, 5.76884E-03, -3.15128E-03
-3.37682E-08, -2.601083E-02, 5.03114E-03, -2.89835E-03
-3.37619E-08, -2.917239E-02, 4.29344E-03, -2.60327E-03
-3.37557E-08, -3.286089E-02, 3.55574E-03, -2.30819E-03
-3.37494E-08, -3.496860E-02, 2.71265E-03, -1.97096E-03
-3.37432E-08, -3.865710E-02, 1.76418E-03, -1.59157E-03
-3.37369E-08, -4.023788E-02, 9.2110E-04, -1.17003E-03
-3.37307E-08, -4.181866E-02, -2.3814E-04, -7.9064E-04
-3.37244E-08, -4.445330E-02, -1.18661E-03, -4.5341E-04
-3.37182E-08, -4.550716E-02, -2.34585E-03, -1.1617E-04
-3.37119E-08, -4.498023E-02, -2.87278E-03, 2.2106E-04
-3.37057E-08, -4.603409E-02, -3.82125E-03, 6.4260E-04
-3.36994E-08, -4.550716E-02, -4.76972E-03, 8.9553E-04
-3.36932E-08, -4.498023E-02, -5.19126E-03, 1.19061E-03
-3.36869E-08, -4.498023E-02, -5.71819E-03, 1.44353E-03
-3.36807E-08, -4.287252E-02, -6.24512E-03, 1.57000E-03
-3.36744E-08, -4.076481E-02, -6.45589E-03, 1.69646E-03
-3.36682E-08, -3.813017E-02, -6.66666E-03, 1.78077E-03
-3.36619E-08, -3.602246E-02, -6.56128E-03, 1.86508E-03
-3.36557E-08, -3.391474E-02, -6.35051E-03, 1.78077E-03
-3.36494E-08, -2.864547E-02, -6.03435E-03, 1.73861E-03
-3.36432E-08, -2.653776E-02, -5.82358E-03, 1.65431E-03
-3.36369E-08, -2.284926E-02, -4.87511E-03, 1.44353E-03
-3.36307E-08, -1.916077E-02, -4.24279E-03, 1.31707E-03
-3.36244E-08, -1.494534E-02, -3.50509E-03, 1.02199E-03
-3.36182E-08, -1.072992E-02, -2.34585E-03, 7.6907E-04
-3.36119E-08, -7.04142E-03, -1.18661E-03, 5.1614E-04
-3.36057E-08, -3.35293E-03, -2.737E-05, 1.7891E-04
-3.35994E-08, 3.3557E-04, 1.44803E-03, -3.186E-05
-3.35932E-08, 4.02406E-03, 2.81804E-03, -4.1125E-04
-3.35869E-08, 8.23948E-03, 4.39882E-03, -7.4849E-04
-3.35807E-08, 1.140105E-02, 5.87422E-03, -1.04357E-03
-3.35744E-08, 1.350876E-02, 7.24423E-03, -1.38080E-03
-3.35682E-08, 1.614340E-02, 8.93040E-03, -1.59157E-03
-3.35619E-08, 1.877804E-02, 1.030042E-02, -1.76019E-03
-3.35557E-08, 2.035883E-02, 1.177581E-02, -1.97096E-03
-3.35494E-08, 2.299346E-02, 1.325121E-02, -2.18173E-03
-3.35432E-08, 2.404732E-02, 1.462122E-02, -2.22388E-03
-3.35369E-08, 2.510118E-02, 1.588585E-02, -2.26604E-03
-3.35307E-08, 2.615503E-02, 1.693971E-02, -2.30819E-03
-3.35244E-08, 2.668196E-02, 1.788818E-02, -2.22388E-03
-3.35182E-08, 2.668196E-02, 1.873126E-02, -2.09742E-03
-3.35119E-08, 2.615503E-02, 1.957435E-02, -2.01311E-03
-3.35057E-08, 2.510118E-02, 1.967973E-02, -1.80234E-03
-3.34994E-08, 2.562810E-02, 1.999589E-02, -1.59157E-03
-3.34932E-08, 2.457425E-02, 2.010127E-02, -1.29649E-03
-3.34869E-08, 2.246654E-02, 2.010127E-02, -1.00141E-03
-3.34807E-08, 2.035883E-02, 1.967973E-02, -6.2202E-04
-3.34744E-08, 1.983190E-02, 1.936357E-02, -3.2694E-04
-3.34682E-08, 1.772419E-02, 1.883665E-02, 9.460E-05
-3.34619E-08, 1.614340E-02, 1.799356E-02, 5.1614E-04
-3.34557E-08, 1.403569E-02, 1.715048E-02, 9.3768E-04
-3.34494E-08, 1.192798E-02, 1.599124E-02, 1.27492E-03
-3.34432E-08, 1.034720E-02, 1.493738E-02, 1.65431E-03
-3.34369E-08, 9.29334E-03, 1.377814E-02, 2.07585E-03
-3.34307E-08, 6.13177E-03, 1.240813E-02, 2.37093E-03
-3.34244E-08, 5.60485E-03, 1.103811E-02, 2.70816E-03
-3.34182E-08, 2.97021E-03, 9.66810E-03, 3.00324E-03
-3.34119E-08, 2.44328E-03, 8.50886E-03, 3.17186E-03
-3.34057E-08, -1.9136E-04, 6.71731E-03, 3.42478E-03
-3.33994E-08, -1.24522E-03, 5.45268E-03, 3.59340E-03
-3.33932E-08, -2.29907E-03, 4.18805E-03, 3.63555E-03
-3.33869E-08, -4.40678E-03, 2.92343E-03, 3.67771E-03
-3.33807E-08, -5.46064E-03, 1.65880E-03, 3.67771E-03
-3.33744E-08, -6.51450E-03, 6.0494E-04, 3.63555E-03
-3.33682E-08, -7.56835E-03, -3.4353E-04, 3.63555E-03
-3.33619E-08, -9.67606E-03, -9.7584E-04, 3.46694E-03
-3.33557E-08, -1.020299E-02, -1.92431E-03, 3.34047E-03
-3.33494E-08, -1.231070E-02, -2.34585E-03, 3.08755E-03
-3.33432E-08, -1.336456E-02, -2.87278E-03, 2.87678E-03
-3.33369E-08, -1.336456E-02, -3.29432E-03, 2.58170E-03
-3.33307E-08, -1.547227E-02, -3.50509E-03, 2.32877E-03
-3.33244E-08, -1.652613E-02, -3.61048E-03, 2.03369E-03
-3.33182E-08, -1.810691E-02, -3.61048E-03, 1.78077E-03
-3.33119E-08, -1.916077E-02, -3.39971E-03, 1.44353E-03
-3.33057E-08, -2.126848E-02, -3.29432E-03, 1.10630E-03
-3.32994E-08, -2.179541E-02, -3.18894E-03, 8.9553E-04
-3.32932E-08, -2.337619E-02, -2.87278E-03, 5.1614E-04
-3.32869E-08, -2.548390E-02, -2.34585E-03, 2.6322E-04
-3.32807E-08, -2.548390E-02, -2.02970E-03, 1.029E-05
-3.32744E-08, -2.653776E-02, -1.71354E-03, -2.8479E-04
-3.32682E-08, -2.811854E-02, -1.18661E-03, -4.1125E-04
-3.32619E-08, -2.864547E-02, -7.6507E-04, -6.2202E-04
-3.32557E-08, -2.969932E-02, -4.4891E-04, -7.4849E-04
-3.32494E-08, -2.969932E-02, 7.801E-05, -8.3279E-04
-3.32432E-08, -2.969932E-02, 2.8879E-04, -8.7495E-04
-3.32369E-08, -2.969932E-02, 7.1033E-04, -9.1710E-04
-3.32307E-08, -2.917239E-02, 9.2110E-04, -9.5926E-04
-3.32244E-08, -2.759161E-02, 1.02648E-03, -8.3279E-04
-3.32182E-08, -2.653776E-02, 9.2110E-04, -7.4849E-04
-3.32119E-08, -2.495697E-02, 1.23726E-03, -6.6418E-04
-3.32057E-08, -2.337619E-02, 1.34264E-03, -4.1125E-04
-3.31994E-08, -2.126848E-02, 1.13187E-03, -3.2694E-04
-3.31932E-08, -1.810691E-02, 9.2110E-04, -3.186E-05
-3.31869E-08, -1.547227E-02, 9.2110E-04, 9.460E-05
-3.31807E-08, -1.231070E-02, 8.1571E-04, 4.3183E-04
-3.31744E-08, -7.56835E-03, 6.0494E-04, 6.0045E-04
-3.31682E-08, -3.87986E-03, -2.737E-05, 9.3768E-04
-3.31619E-08, -7.1829E-04, -2.3814E-04, 1.19061E-03
-3.31557E-08, 4.02406E-03, -5.5430E-04, 1.40138E-03
-3.31494E-08, 8.23948E-03, -8.7046E-04, 1.65431E-03
-3.31432E-08, 1.192798E-02, -1.39738E-03, 1.90723E-03
-3.31369E-08, 1.667033E-02, -1.50277E-03, 2.07585E-03
-3.31307E-08, 1.983190E-02, -2.13508E-03, 2.32877E-03
-3.31244E-08, 2.404732E-02, -2.34585E-03, 2.45524E-03
-3.31182E-08, 2.668196E-02, -2.87278E-03, 2.49739E-03
-3.31119E-08, 2.984353E-02, -3.18894E-03, 2.62385E-03
-3.31057E-08, 3.195124E-02, -3.61048E-03, 2.66601E-03
-3.30994E-08, 3.353202E-02, -3.82125E-03, 2.70816E-03
-3.30932E-08, 3.405895E-02, -4.13741E-03, 2.62385E-03
-3.30869E-08, 3.511281E-02, -4.34818E-03, 2.53954E-03
-3.30807E-08, 3.511281E-02, -4.66434E-03, 2.53954E-03
-3.30744E-08, 3.511281E-02, -4.98049E-03, 2.28662E-03
-3.30682E-08, 3.353202E-02, -5.29665E-03, 2.16016E-03
-3.30619E-08, 3.089738E-02, -5.71819E-03, 1.90723E-03
-3.30557E-08, 2.826274E-02, -5.82358E-03, 1.73861E-03
-3.30494E-08, 2.510118E-02, -6.03435E-03, 1.44353E-03
-3.30432E-08, 1.983190E-02, -6.35051E-03, 1.14845E-03
-3.30369E-08, 1.667033E-02, -6.45589E-03, 7.6907E-04
-3.30307E-08, 1.034720E-02, -6.77205E-03, 3.8968E-04
-3.30244E-08, 4.55099E-03, -6.98282E-03, 9.460E-05
-3.30182E-08, -7.1829E-04, -7.08820E-03, -2.0048E-04
-3.30119E-08, -6.51450E-03, -7.29898E-03, -5.7987E-04
-3.30057E-08, -1.231070E-02, -7.50975E-03, -9.1710E-04
-3.29994E-08, -2.021462E-02, -7.61513E-03, -1.25434E-03
-3.29932E-08, -2.495697E-02, -7.82590E-03, -1.59157E-03
-3.29869E-08, -3.075318E-02, -8.03667E-03, -1.97096E-03
-3.29807E-08, -3.707631E-02, -8.24745E-03, -2.13958E-03
-3.29744E-08, -4.129174E-02, -8.45822E-03, -2.47681E-03
-3.29682E-08, -4.708794E-02, -8.56360E-03, -2.64543E-03
-3.29619E-08, -5.130336E-02, -8.56360E-03, -2.85620E-03
-3.29557E-08, -5.341108E-02, -8.77437E-03, -2.98266E-03
-3.29494E-08, -5.709957E-02, -8.66899E-03, -3.10912E-03
-3.29432E-08, -5.868036E-02, -8.77437E-03, -3.10912E-03
-3.29369E-08, -5.973421E-02, -8.77437E-03, -3.10912E-03
-3.29307E-08, -5.973421E-02, -8.66899E-03, -3.10912E-03
-3.29244E-08, -5.920728E-02, -8.66899E-03, -2.94051E-03
-3.29182E-08, -5.762650E-02, -8.35283E-03, -2.85620E-03
-3.29119E-08, -5.499186E-02, -8.14206E-03, -2.72973E-03
-3.29057E-08, -5.183030E-02, -7.72052E-03, -2.56112E-03
-3.28994E-08, -4.761487E-02, -7.40436E-03, -2.35035E-03
-3.28932E-08, -4.234559E-02, -7.08820E-03, -2.13958E-03
-3.28869E-08, -3.760324E-02, -6.56128E-03, -1.80234E-03
-3.28807E-08, -3.180704E-02, -6.03435E-03, -1.46511E-03
-3.28744E-08, -2.601083E-02, -5.29665E-03, -1.29649E-03
-3.28682E-08, -2.021462E-02, -4.76972E-03, -8.3279E-04
-3.28619E-08, -1.441841E-02, -4.13741E-03, -4.5341E-04
-3.28557E-08, -7.04142E-03, -3.39971E-03, -1.5833E-04
-3.28494E-08, -1.77215E-03, -2.55662E-03, 1.3675E-04
-3.28432E-08, 4.02406E-03, -1.81893E-03, 4.7399E-04
-3.28369E-08, 1.087412E-02, -9.7584E-04, 7.6907E-04
-3.28307E-08, 1.614340E-02, -3.4353E-04, 1.10630E-03
-3.28244E-08, 2.035883E-02, 7.1033E-04, 1.40138E-03
-3.28182E-08, 2.299346E-02, 1.44803E-03, 1.65431E-03
-3.28119E-08, 2.720889E-02, 2.29111E-03, 1.82292E-03
-3.28057E-08, 2.878967E-02, 3.02881E-03, 2.03369E-03
-3.27994E-08, 2.931660E-02, 3.66112E-03, 2.24446E-03
-3.27932E-08, 2.984353E-02, 4.39882E-03, 2.41308E-03
-3.27869E-08, 2.984353E-02, 5.03114E-03, 2.45524E-03
-3.27807E-08, 2.826274E-02, 5.76884E-03, 2.49739E-03
-3.27744E-08, 2.615503E-02, 6.08499E-03, 2.58170E-03
-3.27682E-08, 2.246654E-02, 6.40115E-03, 2.62385E-03
-3.27619E-08, 1.930497E-02, 6.61192E-03, 2.66601E-03
-3.27557E-08, 1.561647E-02, 6.92808E-03, 2.62385E-03
-3.27494E-08, 8.76641E-03, 6.92808E-03, 2.49739E-03
-3.27432E-08, 3.49713E-03, 7.03346E-03, 2.45524E-03
-3.27369E-08, -1.77215E-03, 6.92808E-03, 2.41308E-03
-3.27307E-08, -9.14914E-03, 6.61192E-03, 2.32877E-03
-3.27244E-08, -1.547227E-02, 5.97961E-03, 2.24446E-03
-3.27182E-08, -2.232233E-02, 5.66345E-03, 2.11800E-03
-3.27119E-08, -2.811854E-02, 5.13652E-03, 2.03369E-03
-3.27057E-08, -3.338782E-02, 4.29344E-03, 1.94939E-03
-3.26994E-08, -3.918403E-02, 3.55574E-03, 1.78077E-03
-3.26932E-08, -4.445330E-02, 2.60727E-03, 1.65431E-03
-3.26869E-08, -4.919565E-02, 1.86957E-03, 1.52784E-03
-3.26807E-08, -5.341108E-02, 8.1571E-04, 1.48569E-03
-3.26744E-08, -5.657265E-02, -2.3814E-04, 1.35923E-03
-3.26682E-08, -5.973421E-02, -1.39738E-03, 1.27492E-03
-3.26619E-08, -6.236885E-02, -2.13508E-03, 1.23276E-03
-3.26557E-08, -6.342271E-02, -3.39971E-03, 1.06415E-03
-3.26494E-08, -6.236885E-02, -4.45356E-03, 1.06415E-03
-3.26432E-08, -6.289578E-02, -5.50742E-03, 1.02199E-03
-3.26369E-08, -6.131500E-02, -6.35051E-03, 9.3768E-04
-3.26307E-08, -5.973421E-02, -7.50975E-03, 9.3768E-04
-3.26244E-08, -5.709957E-02, -8.03667E-03, 9.3768E-04
-3.26182E-08, -5.446493E-02, -8.87976E-03, 9.3768E-04
-3.26119E-08, -5.024951E-02, -9.40669E-03, 8.9553E-04
-3.26057E-08, -4.814180E-02, -1.003900E-02, 9.7984E-04
-3.25994E-08, -4.392638E-02, -1.024977E-02, 9.7984E-04
-3.25932E-08, -3.918403E-02, -1.077670E-02, 9.3768E-04
-3.25869E-08, -3.602246E-02, -1.067131E-02, 1.02199E-03
-3.25807E-08, -3.233396E-02, -1.056593E-02, 9.7984E-04
-3.25744E-08, -2.811854E-02, -1.046054E-02, 9.7984E-04
-3.25682E-08, -2.495697E-02, -1.024977E-02, 1.02199E-03
-3.25619E-08, -2.232233E-02, -1.003900E-02, 1.14845E-03
-3.25557E-08, -2.021462E-02, -9.40669E-03, 1.14845E-03
-3.25494E-08, -1.705305E-02, -8.87976E-03, 1.14845E-03
-3.25432E-08, -1.599920E-02, -7.93129E-03, 1.23276E-03
-3.25369E-08, -1.547227E-02, -7.29898E-03, 1.23276E-03
-3.25307E-08, -1.652613E-02, -6.35051E-03, 1.27492E-03
-3.25244E-08, -1.652613E-02, -5.29665E-03, 1.23276E-03
-3.25182E-08, -1.810691E-02, -4.34818E-03, 1.19061E-03
-3.25119E-08, -2.021462E-02, -3.71587E-03, 1.23276E-03
-3.25057E-08, -2.443004E-02, -2.66201E-03, 1.23276E-03
-3.24994E-08, -2.811854E-02, -1.92431E-03, 1.23276E-03
-3.24932E-08, -3.180704E-02, -1.08123E-03, 1.10630E-03
-3.24869E-08, -3.707631E-02, -1.3276E-04, 1.06415E-03
-3.24807E-08, -4.181866E-02, 4.9956E-04, 1.10630E-03
-3.24744E-08, -4.761487E-02, 1.34264E-03, 9.7984E-04
-3.24682E-08, -5.393801E-02, 1.97495E-03, 9.3768E-04
-3.24619E-08, -5.920728E-02, 2.29111E-03, 8.9553E-04
-3.24557E-08, -6.553042E-02, 2.60727E-03, 8.1122E-04
-3.24494E-08, -6.974584E-02, 3.02881E-03, 7.6907E-04
-3.24432E-08, -7.659590E-02, 3.34497E-03, 6.4260E-04
-3.24369E-08, -8.028440E-02, 3.23958E-03, 5.5830E-04
-3.24307E-08, -8.555368E-02, 3.34497E-03, 5.5830E-04
-3.24244E-08, -8.871525E-02, 3.23958E-03, 4.7399E-04
-3.24182E-08, -9.240374E-02, 3.23958E-03, 3.8968E-04
-3.24119E-08, -9.398452E-02, 3.02881E-03, 3.4752E-04
-3.24057E-08, -9.503838E-02, 2.81804E-03, 3.4752E-04
-3.23994E-08, -9.556530E-02, 2.60727E-03, 2.6322E-04
-3.23932E-08, -9.398452E-02, 2.39650E-03, 2.2106E-04
-3.23869E-08, -9.134988E-02, 2.29111E-03, 1.3675E-04
-3.23807E-08, -8.924218E-02, 2.08034E-03, 2.6322E-04
-3.23744E-08, -8.555368E-02, 1.97495E-03, 1.3675E-04
-3.23682E-08, -8.028440E-02, 1.76418E-03, 3.0537E-04
-3.23619E-08, -7.396127E-02, 1.76418E-03, 3.0537E-04
-3.23557E-08, -6.658427E-02, 1.76418E-03, 3.8968E-04
-3.23494E-08, -5.920728E-02, 1.97495E-03, 4.3183E-04
-3.23432E-08, -5.130336E-02, 2.29111E-03, 5.5830E-04
-3.23369E-08, -4.129174E-02, 2.39650E-03, 6.8476E-04
-3.23307E-08, -3.128011E-02, 3.02881E-03, 8.9553E-04
-3.23244E-08, -2.074155E-02, 3.55574E-03, 1.06415E-03
-3.23182E-08, -1.072992E-02, 3.97728E-03, 1.19061E-03
-3.23119E-08, 8.6249E-04, 4.82037E-03, 1.40138E-03
-3.23057E-08, 1.140105E-02, 5.45268E-03, 1.69646E-03
-3.22994E-08, 2.141268E-02, 6.29576E-03, 1.82292E-03
-3.22932E-08, 3.195124E-02, 7.13885E-03, 2.03369E-03
-3.22869E-08, 4.301672E-02, 7.98193E-03, 2.24446E-03
-3.22807E-08, 5.144757E-02, 9.03579E-03, 2.53954E-03
-3.22744E-08, 6.198613E-02, 9.66810E-03, 2.66601E-03
-3.22682E-08, 6.936312E-02, 1.061657E-02, 2.91893E-03
-3.22619E-08, 7.674011E-02, 1.145966E-02, 3.08755E-03
-3.22557E-08, 8.306324E-02, 1.219736E-02, 3.25617E-03
-3.22494E-08, 8.833252E-02, 1.293505E-02, 3.42478E-03
-3.22432E-08, 9.254795E-02, 1.325121E-02, 3.50909E-03
-3.22369E-08, 9.518258E-02, 1.367275E-02, 3.50909E-03
-3.22307E-08, 9.834415E-02, 1.388352E-02, 3.71986E-03
-3.22244E-08, 9.939801E-02, 1.367275E-02, 3.63555E-03
-3.22182E-08, 9.887108E-02, 1.356737E-02, 3.63555E-03
-3.22119E-08, 9.781722E-02, 1.335660E-02, 3.55125E-03
-3.22057E-08, 9.570951E-02, 1.261890E-02, 3.55125E-03
-3.21994E-08, 9.202102E-02, 1.209197E-02, 3.29832E-03
-3.21932E-08, 8.885945E-02, 1.114350E-02, 3.12970E-03
-3.21869E-08, 8.306324E-02, 1.019503E-02, 2.87678E-03
-3.21807E-08, 7.674011E-02, 8.82502E-03, 2.75032E-03
-3.21744E-08, 6.989004E-02, 7.56039E-03, 2.37093E-03
-3.21682E-08, 6.356691E-02, 6.08499E-03, 2.07585E-03
-3.21619E-08, 5.513607E-02, 4.39882E-03, 1.78077E-03
-3.21557E-08, 4.828600E-02, 2.60727E-03, 1.40138E-03
-3.21494E-08, 4.090901E-02, 1.02648E-03, 1.10630E-03
-3.21432E-08, 3.142431E-02, -8.7046E-04, 7.2691E-04
-3.21369E-08, 2.457425E-02, -2.76740E-03, 3.8968E-04
-3.21307E-08, 1.614340E-02, -4.45356E-03, 5.244E-05
-3.21244E-08, 8.76641E-03, -6.35051E-03, -2.4263E-04
-3.21182E-08, 1.91635E-03, -8.03667E-03, -5.3771E-04
-3.21119E-08, -3.87986E-03, -9.61746E-03, -8.7495E-04
-3.21057E-08, -1.072992E-02, -1.098747E-02, -1.04357E-03
-3.20994E-08, -1.652613E-02, -1.235748E-02, -1.25434E-03
-3.20932E-08, -2.074155E-02, -1.362211E-02, -1.46511E-03
-3.20869E-08, -2.443004E-02, -1.457058E-02, -1.63372E-03
-3.20807E-08, -2.811854E-02, -1.551905E-02, -1.67588E-03
-3.20744E-08, -3.022625E-02, -1.583521E-02, -1.67588E-03
-3.20682E-08, -3.286089E-02, -1.625675E-02, -1.67588E-03
-3.20619E-08, -3.391474E-02, -1.646752E-02, -1.50726E-03
-3.20557E-08, -3.496860E-02, -1.646752E-02, -1.46511E-03
-3.20494E-08, -3.391474E-02, -1.615136E-02, -1.25434E-03
-3.20432E-08, -3.444167E-02, -1.572982E-02, -1.00141E-03
-3.20369E-08, -3.233396E-02, -1.499212E-02, -7.9064E-04
-3.20307E-08, -3.128011E-02, -1.425442E-02, -4.9556E-04
-3.20244E-08, -2.969932E-02, -1.320057E-02, -1.5833E-04
-3.20182E-08, -2.706468E-02, -1.225210E-02, 1.3675E-04
-3.20119E-08, -2.495697E-02, -1.077670E-02, 3.8968E-04
-3.20057E-08, -2.337619E-02, -9.61746E-03, 8.5338E-04
-3.19994E-08, -2.021462E-02, -8.35283E-03, 1.23276E-03
-3.19932E-08, -1.863384E-02, -6.98282E-03, 1.44353E-03
-3.19869E-08, -1.705305E-02, -5.40204E-03, 1.78077E-03
-3.19807E-08, -1.441841E-02, -4.13741E-03, 2.07585E-03
-3.19744E-08, -1.283763E-02, -2.87278E-03, 2.28662E-03
-3.19682E-08, -1.231070E-02, -1.71354E-03, 2.49739E-03
-3.19619E-08, -1.178377E-02, -6.5968E-04, 2.79247E-03
-3.19557E-08, -1.178377E-02, 1.8340E-04, 2.91893E-03
-3.19494E-08, -1.125685E-02, 1.23726E-03, 3.00324E-03
-3.19432E-08, -1.231070E-02, 1.76418E-03, 3.04540E-03
-3.19369E-08, -1.389149E-02, 2.39650E-03, 3.08755E-03
-3.19307E-08, -1.389149E-02, 2.71265E-03, 3.04540E-03
-3.19244E-08, -1.652613E-02, 2.92343E-03, 3.00324E-03
-3.19182E-08, -1.810691E-02, 2.71265E-03, 2.87678E-03
-3.19119E-08, -1.968769E-02, 2.60727E-03, 2.66601E-03
-3.19057E-08, -2.337619E-02, 2.08034E-03, 2.45524E-03
-3.18994E-08, -2.495697E-02, 1.65880E-03, 2.24446E-03
-3.18932E-08, -2.759161E-02, 1.02648E-03, 2.03369E-03
-3.18869E-08, -2.917239E-02, 1.8340E-04, 1.69646E-03
-3.18807E-08, -3.180704E-02, -8.7046E-04, 1.52784E-03
-3.18744E-08, -3.338782E-02, -1.92431E-03, 1.14845E-03
-3.18682E-08, -3.496860E-02, -2.97817E-03, 8.5338E-04
-3.18619E-08, -3.602246E-02, -4.34818E-03, 6.0045E-04
-3.18557E-08, -3.707631E-02, -5.50742E-03, 3.0537E-04
-3.18494E-08, -3.707631E-02, -6.66666E-03, 5.244E-05
-3.18432E-08, -3.707631E-02, -7.82590E-03, -1.5833E-04
-3.18369E-08, -3.496860E-02, -8.98515E-03, -3.6910E-04
-3.18307E-08, -3.496860E-02, -1.014439E-02, -5.7987E-04
-3.18244E-08, -3.286089E-02, -1.119824E-02, -7.0633E-04
-3.18182E-08, -3.022625E-02, -1.225210E-02, -7.9064E-04
-3.18119E-08, -2.653776E-02, -1.288441E-02, -9.1710E-04
-3.18057E-08, -2.390312E-02, -1.372750E-02, -8.7495E-04
-3.17994E-08, -1.968769E-02, -1.425442E-02, -9.5926E-04
-3.17932E-08, -1.494534E-02, -1.478135E-02, -9.1710E-04
-3.17869E-08, -1.020299E-02, -1.499212E-02, -7.9064E-04
-3.17807E-08, -5.98757E-03, -1.520289E-02, -7.4849E-04
-3.17744E-08, 3.3557E-04, -1.488674E-02, -7.0633E-04
-3.17682E-08, 4.55099E-03, -1.499212E-02, -5.7987E-04
-3.17619E-08, 9.29334E-03, -1.478135E-02, -3.6910E-04
-3.17557E-08, 1.403569E-02, -1.435981E-02, -2.4263E-04
-3.17494E-08, 1.877804E-02, -1.351672E-02, -7.402E-05
-3.17432E-08, 2.088575E-02, -1.309518E-02, 1.3675E-04
-3.17369E-08, 2.404732E-02, -1.235748E-02, 2.2106E-04
-3.17307E-08, 2.826274E-02, -1.161978E-02, 4.7399E-04
-3.17244E-08, 2.984353E-02, -1.056593E-02, 6.0045E-04
-3.17182E-08, 3.142431E-02, -9.82823E-03, 6.8476E-04
-3.17119E-08, 3.195124E-02, -8.77437E-03, 7.6907E-04
-3.17057E-08, 3.089738E-02, -7.93129E-03, 9.3768E-04
-3.16994E-08, 3.037046E-02, -7.08820E-03, 9.7984E-04
-3.16932E-08, 2.773582E-02, -6.24512E-03, 1.02199E-03
-3.16869E-08, 2.668196E-02, -5.19126E-03, 1.02199E-03
-3.16807E-08, 2.299346E-02, -4.45356E-03, 9.3768E-04
-3.16744E-08, 1.825111E-02, -3.39971E-03, 9.3768E-04
-3.16682E-08, 1.403569E-02, -2.97817E-03, 8.9553E-04
-3.16619E-08, 8.23948E-03, -2.34585E-03, 8.1122E-04
-3.16557E-08, 2.44328E-03, -1.60815E-03, 6.8476E-04
-3.16494E-08, -2.82600E-03, -1.18661E-03, 5.1614E-04
-3.16432E-08, -1.020299E-02, -7.6507E-04, 4.3183E-04
-3.16369E-08, -1.652613E-02, -4.4891E-04, 2.2106E-04
-3.16307E-08, -2.232233E-02, -2.3814E-04, 9.460E-05
-3.16244E-08, -2.864547E-02, -1.3276E-04, 1.029E-05
-3.16182E-08, -3.549553E-02, -1.3276E-04, -2.0048E-04
-3.16119E-08, -4.129174E-02, -2.737E-05, -2.8479E-04
-3.16057E-08, -4.656101E-02, -3.4353E-04, -4.1125E-04
-3.15994E-08, -5.235722E-02, -3.4353E-04, -4.9556E-04
-3.15932E-08, -5.657265E-02, -3.4353E-04, -5.3771E-04
-3.15869E-08, -6.026114E-02, -7.6507E-04, -6.6418E-04
-3.15807E-08, -6.289578E-02, -1.08123E-03, -6.6418E-04
-3.15744E-08, -6.605735E-02, -1.39738E-03, -7.0633E-04
-3.15682E-08, -6.816506E-02, -2.02970E-03, -6.2202E-04
-3.15619E-08, -6.974584E-02, -2.24047E-03, -5.7987E-04
-3.15557E-08, -6.869198E-02, -2.55662E-03, -4.5341E-04
-3.15494E-08, -6.869198E-02, -2.97817E-03, -2.4263E-04
-3.15432E-08, -6.711120E-02, -3.39971E-03, -7.402E-05
-3.15369E-08, -6.394964E-02, -3.82125E-03, 1.3675E-04
-3.15307E-08, -6.289578E-02, -4.24279E-03, 4.3183E-04
-3.15244E-08, -5.868036E-02, -4.66434E-03, 6.0045E-04
-3.15182E-08, -5.657265E-02, -5.19126E-03, 9.7984E-04
-3.15119E-08, -5.077644E-02, -5.50742E-03, 1.19061E-03
-3.15057E-08, -4.761487E-02, -6.24512E-03, 1.57000E-03
-3.14994E-08, -4.339945E-02, -6.45589E-03, 1.90723E-03
-3.14932E-08, -3.918403E-02, -6.77205E-03, 2.28662E-03
-3.14869E-08, -3.338782E-02, -6.98282E-03, 2.53954E-03
-3.14807E-08, -2.969932E-02, -7.50975E-03, 2.87678E-03
-3.14744E-08, -2.443004E-02, -7.72052E-03, 3.17186E-03
-3.14682E-08, -2.074155E-02, -8.03667E-03, 3.50909E-03
-3.14619E-08, -1.757998E-02, -8.45822E-03, 3.80417E-03
-3.14557E-08, -1.336456E-02, -8.45822E-03, 4.05710E-03
-3.14494E-08, -9.67606E-03, -8.66899E-03, 4.26787E-03
-3.14432E-08, -7.04142E-03, -8.87976E-03, 4.43648E-03
-3.14369E-08, -5.46064E-03, -8.98515E-03, 4.60510E-03
-3.14307E-08, -3.87986E-03, -9.19592E-03, 4.73156E-03
-3.14244E-08, -1.77215E-03, -9.19592E-03, 4.85803E-03
-3.14182E-08, -7.1829E-04, -9.09053E-03, 4.90018E-03
-3.14119E-08, -7.1829E-04, -8.98515E-03, 4.81587E-03
-3.14057E-08, -7.1829E-04, -8.98515E-03, 4.77372E-03
-3.13994E-08, -1.24522E-03, -8.66899E-03, 4.68941E-03
-3.13932E-08, -7.1829E-04, -8.77437E-03, 4.52079E-03
-3.13869E-08, -1.77215E-03, -8.35283E-03, 4.35218E-03
-3.13807E-08, -2.29907E-03, -8.03667E-03, 4.22571E-03
-3.13744E-08, -2.29907E-03, -7.72052E-03, 3.93063E-03
-3.13682E-08, -3.87986E-03, -7.08820E-03, 3.71986E-03
-3.13619E-08, -4.93371E-03, -6.98282E-03, 3.46694E-03
-3.13557E-08, -4.93371E-03, -6.13973E-03, 3.21401E-03
-3.13494E-08, -5.98757E-03, -5.71819E-03, 2.91893E-03
-3.13432E-08, -4.93371E-03, -5.08588E-03, 2.66601E-03
-3.13369E-08, -6.51450E-03, -4.24279E-03, 2.37093E-03
-3.13307E-08, -5.98757E-03, -3.50509E-03, 2.11800E-03
-3.13244E-08, -6.51450E-03, -2.97817E-03, 1.94939E-03
-3.13182E-08, -5.46064E-03, -2.34585E-03, 1.69646E-03
-3.13119E-08, -3.35293E-03, -1.50277E-03, 1.48569E-03
-3.13057E-08, -3.35293E-03, -8.7046E-04, 1.35923E-03
-3.12994E-08, -1.77215E-03, 1.8340E-04, 1.19061E-03
-3.12932E-08, 3.3557E-04, 8.1571E-04, 1.19061E-03
-3.12869E-08, 1.91635E-03, 1.55341E-03, 1.10630E-03
-3.12807E-08, 3.49713E-03, 2.18573E-03, 1.06415E-03
-3.12744E-08, 5.60485E-03, 2.81804E-03, 1.14845E-03
-3.12682E-08, 7.18563E-03, 3.34497E-03, 1.10630E-03
-3.12619E-08, 9.29334E-03, 3.97728E-03, 1.23276E-03
-3.12557E-08, 1.140105E-02, 4.50421E-03, 1.35923E-03
-3.12494E-08, 1.350876E-02, 5.13652E-03, 1.48569E-03
-3.12432E-08, 1.561647E-02, 5.66345E-03, 1.69646E-03
-3.12369E-08, 1.825111E-02, 6.08499E-03, 1.86508E-03
-3.12307E-08, 1.930497E-02, 6.29576E-03, 2.11800E-03
-3.12244E-08, 1.983190E-02, 6.71731E-03, 2.41308E-03
-3.12182E-08, 2.088575E-02, 7.13885E-03, 2.62385E-03
-3.12119E-08, 2.246654E-02, 7.34962E-03, 2.87678E-03
-3.12057E-08, 2.141268E-02, 7.56039E-03, 3.12970E-03
-3.11994E-08, 2.193961E-02, 7.66578E-03, 3.38263E-03
-3.11932E-08, 2.193961E-02, 7.66578E-03, 3.55125E-03
-3.11869E-08, 2.035883E-02, 7.87655E-03, 3.67771E-03
-3.11807E-08, 1.983190E-02, 8.08732E-03, 3.97279E-03
-3.11744E-08, 1.877804E-02, 7.87655E-03, 4.05710E-03
-3.11682E-08, 1.772419E-02, 7.98193E-03, 4.26787E-03
-3.11619E-08, 1.614340E-02, 8.08732E-03, 4.39433E-03
-3.11557E-08, 1.456262E-02, 8.19270E-03, 4.35218E-03
-3.11494E-08, 1.298183E-02, 8.08732E-03, 4.39433E-03
-3.11432E-08, 1.034720E-02, 8.08732E-03, 4.47864E-03
-3.11369E-08, 9.29334E-03, 7.98193E-03, 4.39433E-03
-3.11307E-08, 6.65870E-03, 8.08732E-03, 4.31002E-03
-3.11244E-08, 5.07792E-03, 7.87655E-03, 4.31002E-03
-3.11182E-08, 3.49713E-03, 7.77116E-03, 4.14140E-03
-3.11119E-08, 2.44328E-03, 7.77116E-03, 4.05710E-03
-3.11057E-08, -1.9136E-04, 7.56039E-03, 3.80417E-03
-3.10994E-08, -1.24522E-03, 7.45500E-03, 3.63555E-03
-3.10932E-08, -1.9136E-04, 7.45500E-03, 3.38263E-03
-3.10869E-08, -1.77215E-03, 7.34962E-03, 3.12970E-03
-3.10807E-08, -2.29907E-03, 6.92808E-03, 2.91893E-03
-3.10744E-08, -2.29907E-03, 6.71731E-03, 2.66601E-03
-3.10682E-08, -1.77215E-03, 6.29576E-03, 2.45524E-03
-3.10619E-08, -2.29907E-03, 5.97961E-03, 2.16016E-03
-3.10557E-08, -1.77215E-03, 5.55806E-03, 1.94939E-03
-3.10494E-08, -7.1829E-04, 5.24191E-03, 1.69646E-03
-3.10432E-08, 8.6249E-04, 4.60959E-03, 1.48569E-03
-3.10369E-08, 1.91635E-03, 4.08267E-03, 1.23276E-03
-3.10307E-08, 1.91635E-03, 3.45035E-03, 1.06415E-03
-3.10244E-08, 2.97021E-03, 2.60727E-03, 8.9553E-04
-3.10182E-08, 4.02406E-03, 1.97495E-03, 7.6907E-04
-3.10119E-08, 6.65870E-03, 1.13187E-03, 6.0045E-04
-3.10057E-08, 6.65870E-03, 1.8340E-04, 4.7399E-04
-3.09994E-08, 8.23948E-03, -8.7046E-04, 4.3183E-04
-3.09932E-08, 8.76641E-03, -1.71354E-03, 3.4752E-04
-3.09869E-08, 9.82027E-03, -2.87278E-03, 2.6322E-04
-3.09807E-08, 9.82027E-03, -3.71587E-03, 2.6322E-04
-3.09744E-08, 9.82027E-03, -4.87511E-03, 2.6322E-04
-3.09682E-08, 9.82027E-03, -6.03435E-03, 2.6322E-04
-3.09619E-08, 8.76641E-03, -7.29898E-03, 3.0537E-04
-3.09557E-08, 8.23948E-03, -8.35283E-03, 3.0537E-04
-3.09494E-08, 6.65870E-03, -9.19592E-03, 3.4752E-04
-3.09432E-08, 4.02406E-03, -1.056593E-02, 4.7399E-04
-3.09369E-08, 2.44328E-03, -1.172517E-02, 5.1614E-04
-3.09307E-08, -1.9136E-04, -1.277903E-02, 6.4260E-04
-3.09244E-08, -3.35293E-03, -1.362211E-02, 6.8476E-04
-3.09182E-08, -6.51450E-03, -1.467597E-02, 8.1122E-04
-3.09119E-08, -9.14914E-03, -1.541366E-02, 8.1122E-04
-3.09057E-08, -1.441841E-02, -1.646752E-02, 9.7984E-04
-3.08994E-08, -1.863384E-02, -1.720522E-02, 9.7984E-04
-3.08932E-08, -2.232233E-02, -1.783753E-02, 1.02199E-03
-3.08869E-08, -2.601083E-02, -1.836446E-02, 1.10630E-03
-3.08807E-08, -3.075318E-02, -1.899678E-02, 1.19061E-03
-3.08744E-08, -3.549553E-02, -1.931293E-02, 1.31707E-03
-3.08682E-08, -4.023788E-02, -1.962909E-02, 1.31707E-03
-3.08619E-08, -4.550716E-02, -1.973447E-02, 1.35923E-03
-3.08557E-08, -4.919565E-02, -1.983986E-02, 1.40138E-03
-3.08494E-08, -5.393801E-02, -1.973447E-02, 1.35923E-03
-3.08432E-08, -5.920728E-02, -1.962909E-02, 1.44353E-03
-3.08369E-08, -6.342271E-02, -1.931293E-02, 1.44353E-03
-3.08307E-08, -6.763813E-02, -1.889139E-02, 1.48569E-03
-3.08244E-08, -7.132663E-02, -1.836446E-02, 1.40138E-03
-3.08182E-08, -7.448819E-02, -1.804830E-02, 1.31707E-03
-3.08119E-08, -7.659590E-02, -1.709983E-02, 1.31707E-03
-3.08057E-08, -8.081133E-02, -1.636213E-02, 1.31707E-03
-3.07994E-08, -8.239211E-02, -1.551905E-02, 1.19061E-03
-3.07932E-08, -8.397289E-02, -1.457058E-02, 1.14845E-03
-3.07869E-08, -8.502675E-02, -1.351672E-02, 1.02199E-03
-3.07807E-08, -8.555368E-02, -1.267364E-02, 8.5338E-04
-3.07744E-08, -8.555368E-02, -1.140901E-02, 7.6907E-04
-3.07682E-08, -8.555368E-02, -1.035516E-02, 7.2691E-04
-3.07619E-08, -8.555368E-02, -9.19592E-03, 5.5830E-04
-3.07557E-08, -8.291904E-02, -8.14206E-03, 4.7399E-04
-3.07494E-08, -8.081133E-02, -6.98282E-03, 3.8968E-04
-3.07432E-08, -7.975747E-02, -6.03435E-03, 3.4752E-04
-3.07369E-08, -7.606898E-02, -4.87511E-03, 1.3675E-04
-3.07307E-08, -7.343434E-02, -3.92664E-03, 9.460E-05
-3.07244E-08, -7.027277E-02, -3.08355E-03, 1.029E-05
-3.07182E-08, -6.605735E-02, -2.02970E-03, -3.186E-05
-3.07119E-08, -6.131500E-02, -1.18661E-03, -1.5833E-04
-3.07057E-08, -5.815343E-02, -4.4891E-04, -1.5833E-04
-3.06994E-08, -5.235722E-02, 3.9417E-04, -1.1617E-04
-3.06932E-08, -4.708794E-02, 9.2110E-04, -2.0048E-04
-3.06869E-08, -4.181866E-02, 1.44803E-03, -1.5833E-04
-3.06807E-08, -3.707631E-02, 1.86957E-03, -1.5833E-04
-3.06744E-08, -3.233396E-02, 2.18573E-03, -1.5833E-04
-3.06682E-08, -2.811854E-02, 2.39650E-03, -7.402E-05
-3.06619E-08, -2.284926E-02, 2.50188E-03, 1.029E-05
-3.06557E-08, -1.916077E-02, 2.71265E-03, 5.244E-05
-3.06494E-08, -1.441841E-02, 2.60727E-03, 2.6322E-04
-3.06432E-08, -1.178377E-02, 2.50188E-03, 3.4752E-04
-3.06369E-08, -8.09528E-03, 2.39650E-03, 4.7399E-04
-3.06307E-08, -7.04142E-03, 2.18573E-03, 6.4260E-04
-3.06244E-08, -5.46064E-03, 1.86957E-03, 7.6907E-04
-3.06182E-08, -3.87986E-03, 1.55341E-03, 1.02199E-03
-3.06119E-08, -2.82600E-03, 1.44803E-03, 1.10630E-03
-3.06057E-08, -3.87986E-03, 1.13187E-03, 1.31707E-03
-3.05994E-08, -4.40678E-03, 4.9956E-04, 1.48569E-03
-3.05932E-08, -6.51450E-03, 2.8879E-04, 1.65431E-03
-3.05869E-08, -7.56835E-03, 1.8340E-04, 1.82292E-03
-3.05807E-08, -1.125685E-02, -3.4353E-04, 2.03369E-03
-3.05744E-08, -1.494534E-02, -6.5968E-04, 2.20231E-03
-3.05682E-08, -1.863384E-02, -9.7584E-04, 2.41308E-03
-3.05619E-08, -2.284926E-02, -1.29200E-03, 2.58170E-03
-3.05557E-08, -2.706468E-02, -1.18661E-03, 2.75032E-03
-3.05494E-08, -3.286089E-02, -1.50277E-03, 2.87678E-03
-3.05432E-08, -3.813017E-02, -1.71354E-03, 3.00324E-03
-3.05369E-08, -4.287252E-02, -1.60815E-03, 3.04540E-03
-3.05307E-08, -4.866873E-02, -1.92431E-03, 3.21401E-03
-3.05244E-08, -5.341108E-02, -2.02970E-03, 3.34047E-03
-3.05182E-08, -5.973421E-02, -2.13508E-03, 3.42478E-03
-3.05119E-08, -6.342271E-02, -2.13508E-03, 3.38263E-03
-3.05057E-08, -6.816506E-02, -2.13508E-03, 3.42478E-03
-3.04994E-08, -7.290741E-02, -2.13508E-03, 3.42478E-03
-3.04932E-08, -7.554205E-02, -2.24047E-03, 3.42478E-03
-3.04869E-08, -7.870361E-02, -2.13508E-03, 3.38263E-03
-3.04807E-08, -8.081133E-02, -2.34585E-03, 3.25617E-03
-3.04744E-08, -8.291904E-02, -2.02970E-03, 3.25617E-03
-3.04682E-08, -8.344597E-02, -2.13508E-03, 3.08755E-03
-3.04619E-08, -8.344597E-02, -2.13508E-03, 3.04540E-03
-3.04557E-08, -8.239211E-02, -2.13508E-03, 2.91893E-03
-3.04494E-08, -8.186518E-02, -2.34585E-03, 2.79247E-03
-3.04432E-08, -7.870361E-02, -2.45124E-03, 2.66601E-03
-3.04369E-08, -7.554205E-02, -2.34585E-03, 2.41308E-03
-3.04307E-08, -7.238048E-02, -2.55662E-03, 2.20231E-03
-3.04244E-08, -6.816506E-02, -2.76740E-03, 1.99154E-03
-3.04182E-08, -6.342271E-02, -3.08355E-03, 1.78077E-03
-3.04119E-08, -5.762650E-02, -3.18894E-03, 1.57000E-03
-3.04057E-08, -5.288415E-02, -3.39971E-03, 1.44353E-03
-3.03994E-08, -4.761487E-02, -3.82125E-03, 1.14845E-03
-3.03932E-08, -4.181866E-02, -3.92664E-03, 8.9553E-04
-3.03869E-08, -3.549553E-02, -4.03202E-03, 6.4260E-04
-3.03807E-08, -2.917239E-02, -4.24279E-03, 4.3183E-04
-3.03744E-08, -2.390312E-02, -4.55895E-03, 1.7891E-04
-3.03682E-08, -1.810691E-02, -4.66434E-03, 1.029E-05
-3.03619E-08, -1.283763E-02, -4.76972E-03, -1.5833E-04
-3.03557E-08, -8.62221E-03, -4.98049E-03, -3.6910E-04
-3.03494E-08, -3.87986E-03, -4.98049E-03, -5.3771E-04
-3.03432E-08, 3.3557E-04, -4.98049E-03, -7.0633E-04
-3.03369E-08, 2.97021E-03, -5.08588E-03, -8.3279E-04
-3.03307E-08, 5.07792E-03, -5.19126E-03, -9.1710E-04
-3.03244E-08, 7.18563E-03, -5.08588E-03, -1.04357E-03
-3.03182E-08, 8.23948E-03, -5.19126E-03, -1.12787E-03
-3.03119E-08, 9.29334E-03, -4.87511E-03, -1.08572E-03
-3.03057E-08, 7.71256E-03, -4.87511E-03, -1.12787E-03
-3.02994E-08, 9.29334E-03, -4.76972E-03, -1.04357E-03
-3.02932E-08, 6.13177E-03, -4.76972E-03, -1.04357E-03
-3.02869E-08, 5.60485E-03, -4.55895E-03, -9.5926E-04
-3.02807E-08, 2.97021E-03, -4.34818E-03, -8.3279E-04
-3.02744E-08, 8.6249E-04, -4.34818E-03, -7.4849E-04
-3.02682E-08, -2.29907E-03, -4.45356E-03, -5.7987E-04
-3.02619E-08, -4.93371E-03, -4.34818E-03, -3.6910E-04
-3.02557E-08, -7.04142E-03, -4.24279E-03, -1.1617E-04
-3.02494E-08, -1.020299E-02, -4.45356E-03, 9.460E-05
-3.02432E-08, -1.283763E-02, -4.34818E-03, 3.4752E-04
-3.02369E-08, -1.494534E-02, -4.45356E-03, 6.0045E-04
-3.02307E-08, -1.705305E-02, -4.76972E-03, 8.9553E-04
-3.02244E-08, -1.863384E-02, -5.19126E-03, 1.19061E-03
-3.02182E-08, -2.074155E-02, -5.61281E-03, 1.40138E-03
-3.02119E-08, -2.021462E-02, -6.03435E-03, 1.65431E-03
-3.02057E-08, -2.074155E-02, -6.56128E-03, 1.94939E-03
-3.01994E-08, -2.126848E-02, -7.19359E-03, 2.16016E-03
-3.01932E-08, -2.021462E-02, -7.72052E-03, 2.45524E-03
-3.01869E-08, -1.810691E-02, -8.45822E-03, 2.58170E-03
-3.01807E-08, -1.652613E-02, -9.09053E-03, 2.83462E-03
-3.01744E-08, -1.389149E-02, -9.72284E-03, 3.00324E-03
-3.01682E-08, -1.125685E-02, -1.067131E-02, 3.08755E-03
-3.01619E-08, -7.56835E-03, -1.130363E-02, 3.29832E-03
-3.01557E-08, -4.40678E-03, -1.214671E-02, 3.34047E-03
-3.01494E-08, 3.3557E-04, -1.288441E-02, 3.38263E-03
-3.01432E-08, 4.55099E-03, -1.341134E-02, 3.46694E-03
-3.01369E-08, 1.034720E-02, -1.393827E-02, 3.38263E-03
-3.01307E-08, 1.403569E-02, -1.446519E-02, 3.42478E-03
-3.01244E-08, 1.877804E-02, -1.509751E-02, 3.29832E-03
-3.01182E-08, 2.352039E-02, -1.541366E-02, 3.17186E-03
-3.01119E-08, 2.826274E-02, -1.551905E-02, 3.08755E-03
-3.01057E-08, 3.195124E-02, -1.562444E-02, 2.91893E-03
-3.00994E-08, 3.616666E-02, -1.541366E-02, 2.79247E-03
-3.00932E-08, 3.985516E-02, -1.541366E-02, 2.62385E-03
-3.00869E-08, 4.248980E-02, -1.499212E-02, 2.32877E-03
-3.00807E-08, 4.565137E-02, -1.457058E-02, 2.11800E-03
-3.00744E-08, 4.723215E-02, -1.393827E-02, 1.86508E-03
-3.00682E-08, 4.881293E-02, -1.320057E-02, 1.57000E-03
-3.00619E-08, 4.986679E-02, -1.214671E-02, 1.40138E-03
-3.00557E-08, 4.986679E-02, -1.109286E-02, 1.14845E-03
-3.00494E-08, 4.986679E-02, -9.61746E-03, 8.5338E-04
-3.00432E-08, 4.775907E-02, -8.45822E-03, 6.4260E-04
-3.00369E-08, 4.670522E-02, -7.19359E-03, 3.4752E-04
-3.00307E-08, 4.512443E-02, -5.61281E-03, 1.3675E-04
-3.00244E-08, 4.301672E-02, -4.03202E-03, -7.402E-05
-3.00182E-08, 3.932823E-02, -2.45124E-03, -3.2694E-04
-3.00119E-08, 3.722052E-02, -6.5968E-04, -4.9556E-04
-3.00057E-08, 3.300510E-02, 1.13187E-03, -6.2202E-04
-2.99994E-08, 3.037046E-02, 2.81804E-03, -8.3279E-04
-2.99932E-08, 2.615503E-02, 4.39882E-03, -9.1710E-04
-2.99869E-08, 2.246654E-02, 5.97961E-03, -1.04357E-03
-2.99807E-08, 1.877804E-02, 7.45500E-03, -1.12787E-03
-2.99744E-08, 1.508955E-02, 8.93040E-03, -1.25434E-03
-2.99682E-08, 1.087412E-02, 1.008964E-02, -1.21218E-03
-2.99619E-08, 8.23948E-03, 1.124889E-02, -1.25434E-03
-2.99557E-08, 5.07792E-03, 1.209197E-02, -1.29649E-03
-2.99494E-08, 2.97021E-03, 1.304044E-02, -1.25434E-03
-2.99432E-08, -1.9136E-04, 1.367275E-02, -1.25434E-03
-2.99369E-08, -7.1829E-04, 1.419968E-02, -1.17003E-03
-2.99307E-08, -2.82600E-03, 1.430507E-02, -1.08572E-03
-2.99244E-08, -3.87986E-03, 1.462122E-02, -9.5926E-04
-2.99182E-08, -4.40678E-03, 1.441045E-02, -8.3279E-04
-2.99119E-08, -4.40678E-03, 1.419968E-02, -7.9064E-04
-2.99057E-08, -4.40678E-03, 1.377814E-02, -6.2202E-04
-2.98994E-08, -4.93371E-03, 1.293505E-02, -4.9556E-04
-2.98932E-08, -2.29907E-03, 1.209197E-02, -2.8479E-04
-2.98869E-08, -1.77215E-03, 1.135427E-02, -1.5833E-04
-2.98807E-08, -7.1829E-04, 1.019503E-02, 1.3675E-04
-2.98744E-08, 8.6249E-04, 9.24656E-03, 2.2106E-04
-2.98682E-08, 2.97021E-03, 7.87655E-03, 4.7399E-04
-2.98619E-08, 3.49713E-03, 6.40115E-03, 6.8476E-04
-2.98557E-08, 6.13177E-03, 5.13652E-03, 8.5338E-04
-2.98494E-08, 6.65870E-03, 3.55574E-03, 1.06415E-03
-2.98432E-08, 7.71256E-03, 2.29111E-03, 1.31707E-03
-2.98369E-08, 8.76641E-03, 9.2110E-04, 1.48569E-03
-2.98307E-08, 8.76641E-03, -7.6507E-04, 1.65431E-03
-2.98244E-08, 8.76641E-03, -2.02970E-03, 1.86508E-03
-2.98182E-08, 8.23948E-03, -3.29432E-03, 2.07585E-03
-2.98119E-08, 8.76641E-03, -4.55895E-03, 2.20231E-03
-2.98057E-08, 7.18563E-03, -6.03435E-03, 2.41308E-03
-2.97994E-08, 6.13177E-03, -6.87743E-03, 2.49739E-03
-2.97932E-08, 4.55099E-03, -7.82590E-03, 2.75032E-03
-2.97869E-08, 2.97021E-03, -8.45822E-03, 2.79247E-03
-2.97807E-08, 8.6249E-04, -9.30130E-03, 2.96109E-03
-2.97744E-08, -1.24522E-03, -9.82823E-03, 3.00324E-03
-2.97682E-08, -4.93371E-03, -1.003900E-02, 3.12970E-03
-2.97619E-08, -8.62221E-03, -1.056593E-02, 3.17186E-03
-2.97557E-08, -1.072992E-02, -1.077670E-02, 3.25617E-03
-2.97494E-08, -1.441841E-02, -1.056593E-02, 3.21401E-03
-2.97432E-08, -1.810691E-02, -1.046054E-02, 3.21401E-03
-2.97369E-08, -2.074155E-02, -1.024977E-02, 3.21401E-03
-2.97307E-08, -2.390312E-02, -9.93362E-03, 3.17186E-03
-2.97244E-08, -2.759161E-02, -9.61746E-03, 3.12970E-03
-2.97182E-08, -2.969932E-02, -9.09053E-03, 3.00324E-03
-2.97119E-08, -3.128011E-02, -8.35283E-03, 2.91893E-03
-2.97057E-08, -3.444167E-02, -7.82590E-03, 2.87678E-03
-2.96994E-08, -3.391474E-02, -7.08820E-03, 2.66601E-03
-2.96932E-08, -3.496860E-02, -6.66666E-03, 2.58170E-03
-2.96869E-08, -3.549553E-02, -5.82358E-03, 2.41308E-03
-2.96807E-08, -3.549553E-02, -5.19126E-03, 2.28662E-03
-2.96744E-08, -3.549553E-02, -4.45356E-03, 2.11800E-03
-2.96682E-08, -3.496860E-02, -3.61048E-03, 1.86508E-03
-2.96619E-08, -3.233396E-02, -2.97817E-03, 1.78077E-03
-2.96557E-08, -3.075318E-02, -2.45124E-03, 1.48569E-03
-2.96494E-08, -2.759161E-02, -1.92431E-03, 1.27492E-03
-2.96432E-08, -2.495697E-02, -1.39738E-03, 1.06415E-03
-2.96369E-08, -2.126848E-02, -8.7046E-04, 8.5338E-04
-2.96307E-08, -1.810691E-02, -6.5968E-04, 6.4260E-04
-2.96244E-08, -1.441841E-02, -3.4353E-04, 4.3183E-04
-2.96182E-08, -1.020299E-02, -2.737E-05, 3.0537E-04
-2.96119E-08, -5.98757E-03, 7.801E-05, 5.244E-05
-2.96057E-08, -2.29907E-03, 2.8879E-04, -1.5833E-04
-2.95994E-08, 1.38942E-03, 3.9417E-04, -3.6910E-04
-2.95932E-08, 5.60485E-03, 1.8340E-04, -4.9556E-04
-2.95869E-08, 9.82027E-03, 7.801E-05, -6.6418E-04
-2.95807E-08, 1.298183E-02, -3.4353E-04, -7.9064E-04
-2.95744E-08, 1.508955E-02, -4.4891E-04, -9.5926E-04
-2.95682E-08, 1.772419E-02, -8.7046E-04, -1.00141E-03
-2.95619E-08, 2.035883E-02, -1.08123E-03, -1.04357E-03
-2.95557E-08, 2.141268E-02, -1.60815E-03, -1.12787E-03
-2.95494E-08, 2.246654E-02, -2.34585E-03, -1.21218E-03
-2.95432E-08, 2.404732E-02, -2.76740E-03, -1.12787E-03
-2.95369E-08, 2.352039E-02, -3.39971E-03, -1.12787E-03
-2.95307E-08, 2.246654E-02, -4.03202E-03, -1.08572E-03
-2.95244E-08, 2.246654E-02, -4.66434E-03, -9.5926E-04
-2.95182E-08, 2.088575E-02, -5.19126E-03, -8.3279E-04
-2.95119E-08, 1.877804E-02, -5.92896E-03, -7.0633E-04
-2.95057E-08, 1.614340E-02, -6.56128E-03, -4.5341E-04
-2.94994E-08, 1.456262E-02, -7.08820E-03, -2.8479E-04
-2.94932E-08, 1.245491E-02, -7.72052E-03, -3.186E-05
-2.94869E-08, 7.71256E-03, -8.03667E-03, 2.2106E-04
-2.94807E-08, 6.13177E-03, -8.56360E-03, 4.7399E-04
-2.94744E-08, 2.44328E-03, -9.30130E-03, 8.5338E-04
-2.94682E-08, -7.1829E-04, -9.51207E-03, 1.19061E-03
-2.94619E-08, -4.93371E-03, -9.61746E-03, 1.52784E-03
-2.94557E-08, -7.56835E-03, -9.72284E-03, 1.82292E-03
-2.94494E-08, -1.072992E-02, -9.72284E-03, 2.20231E-03
-2.94432E-08, -1.336456E-02, -9.93362E-03, 2.53954E-03
-2.94369E-08, -1.547227E-02, -9.72284E-03, 2.91893E-03
-2.94307E-08, -1.757998E-02, -9.40669E-03, 3.21401E-03
-2.94244E-08, -2.021462E-02, -8.98515E-03, 3.55125E-03
-2.94182E-08, -2.126848E-02, -8.77437E-03, 3.84633E-03
-2.94119E-08, -2.284926E-02, -8.14206E-03, 4.01494E-03
-2.94057E-08, -2.443004E-02, -7.50975E-03, 4.26787E-03
-2.93994E-08, -2.495697E-02, -6.77205E-03, 4.52079E-03
-2.93932E-08, -2.653776E-02, -5.92896E-03, 4.60510E-03
-2.93869E-08, -2.548390E-02, -5.08588E-03, 4.68941E-03
-2.93807E-08, -2.548390E-02, -4.24279E-03, 4.85803E-03
-2.93744E-08, -2.548390E-02, -3.08355E-03, 4.90018E-03
-2.93682E-08, -2.443004E-02, -2.02970E-03, 4.90018E-03
-2.93619E-08, -2.390312E-02, -8.7046E-04, 4.81587E-03
-2.93557E-08, -2.337619E-02, 7.801E-05, 4.68941E-03
-2.93494E-08, -2.126848E-02, 1.13187E-03, 4.56295E-03
-2.93432E-08, -2.021462E-02, 2.08034E-03, 4.43648E-03
-2.93369E-08, -1.968769E-02, 3.23958E-03, 4.26787E-03
-2.93307E-08, -1.863384E-02, 4.08267E-03, 4.05710E-03
-2.93244E-08, -1.757998E-02, 4.92575E-03, 3.88848E-03
-2.93182E-08, -1.652613E-02, 5.66345E-03, 3.63555E-03
-2.93119E-08, -1.494534E-02, 6.29576E-03, 3.29832E-03
-2.93057E-08, -1.547227E-02, 6.82269E-03, 3.08755E-03
-2.92994E-08, -1.441841E-02, 7.34962E-03, 2.79247E-03
-2.92932E-08, -1.283763E-02, 7.24423E-03, 2.53954E-03
-2.92869E-08, -1.336456E-02, 7.34962E-03, 2.28662E-03
-2.92807E-08, -1.231070E-02, 7.13885E-03, 2.07585E-03
-2.92744E-08, -1.125685E-02, 6.92808E-03, 1.82292E-03
-2.92682E-08, -1.125685E-02, 6.40115E-03, 1.69646E-03
-2.92619E-08, -1.178377E-02, 5.66345E-03, 1.52784E-03
-2.92557E-08, -1.178377E-02, 4.92575E-03, 1.48569E-03
-2.92494E-08, -1.125685E-02, 4.18805E-03, 1.40138E-03
-2.92432E-08, -1.125685E-02, 2.92343E-03, 1.35923E-03
-2.92369E-08, -1.178377E-02, 1.76418E-03, 1.40138E-03
-2.92307E-08, -1.231070E-02, 3.9417E-04, 1.52784E-03
-2.92244E-08, -1.178377E-02, -8.7046E-04, 1.65431E-03
-2.92182E-08, -1.125685E-02, -2.45124E-03, 1.78077E-03
-2.92119E-08, -9.67606E-03, -3.82125E-03, 1.90723E-03
-2.92057E-08, -9.67606E-03, -5.50742E-03, 2.11800E-03
-2.91994E-08, -9.14914E-03, -6.98282E-03, 2.45524E-03
-2.91932E-08, -8.09528E-03, -8.56360E-03, 2.75032E-03
-2.91869E-08, -7.56835E-03, -9.93362E-03, 3.00324E-03
-2.91807E-08, -6.51450E-03, -1.109286E-02, 3.34047E-03
-2.91744E-08, -4.40678E-03, -1.246287E-02, 3.63555E-03
-2.91682E-08, -2.82600E-03, -1.372750E-02, 3.93063E-03
-2.91619E-08, -7.1829E-04, -1.478135E-02, 4.31002E-03
-2.91557E-08, 1.38942E-03, -1.562444E-02, 4.60510E-03
-2.91494E-08, 3.49713E-03, -1.625675E-02, 4.90018E-03
-2.91432E-08, 6.65870E-03, -1.720522E-02, 5.19526E-03
-2.91369E-08, 9.29334E-03, -1.752138E-02, 5.49034E-03
-2.91307E-08, 1.245491E-02, -1.762676E-02, 5.65896E-03
-2.91244E-08, 1.614340E-02, -1.804830E-02, 5.99619E-03
-2.91182E-08, 1.930497E-02, -1.773215E-02, 5.99619E-03
-2.91119E-08, 2.299346E-02, -1.773215E-02, 6.20696E-03
-2.91057E-08, 2.720889E-02, -1.731060E-02, 6.24912E-03
-2.90994E-08, 2.931660E-02, -1.667829E-02, 6.29127E-03
-2.90932E-08, 3.300510E-02, -1.604598E-02, 6.29127E-03
-2.90869E-08, 3.669359E-02, -1.520289E-02, 6.24912E-03
-2.90807E-08, 3.932823E-02, -1.435981E-02, 6.16481E-03
-2.90744E-08, 4.301672E-02, -1.330595E-02, 5.99619E-03
-2.90682E-08, 4.723215E-02, -1.214671E-02, 5.91188E-03
-2.90619E-08, 4.986679E-02, -1.098747E-02, 5.82757E-03
-2.90557E-08, 5.197450E-02, -9.72284E-03, 5.49034E-03
-2.90494E-08, 5.566299E-02, -8.35283E-03, 5.27957E-03
-2.90432E-08, 5.724378E-02, -7.29898E-03, 5.06880E-03
-2.90369E-08, 6.040534E-02, -5.82358E-03, 4.77372E-03
-2.90307E-08, 6.145920E-02, -4.66434E-03, 4.43648E-03
-2.90244E-08, 6.251305E-02, -3.50509E-03, 4.22571E-03
-2.90182E-08, 6.356691E-02, -2.13508E-03, 3.97279E-03
-2.90119E-08, 6.514770E-02, -1.08123E-03, 3.67771E-03
-2.90057E-08, 6.514770E-02, -2.737E-05, 3.50909E-03
-2.89994E-08, 6.514770E-02, 9.2110E-04, 3.25617E-03
-2.89932E-08, 6.514770E-02, 1.76418E-03, 2.96109E-03
-2.89869E-08, 6.514770E-02, 2.71265E-03, 2.75032E-03
-2.89807E-08, 6.356691E-02, 3.55574E-03, 2.62385E-03
-2.89744E-08, 6.198613E-02, 4.18805E-03, 2.41308E-03
-2.89682E-08, 6.040534E-02, 4.82037E-03, 2.37093E-03
-2.89619E-08, 5.777070E-02, 5.45268E-03, 2.28662E-03
-2.89557E-08, 5.618992E-02, 5.87422E-03, 2.16016E-03
-2.89494E-08, 5.408221E-02, 6.40115E-03, 2.11800E-03
-2.89432E-08, 4.933986E-02, 6.82269E-03, 2.07585E-03
-2.89369E-08, 4.670522E-02, 7.03346E-03, 2.11800E-03
-2.89307E-08, 4.248980E-02, 7.34962E-03, 2.11800E-03
-2.89244E-08, 3.827437E-02, 7.87655E-03, 2.16016E-03
-2.89182E-08, 3.405895E-02, 7.87655E-03, 2.28662E-03
-2.89119E-08, 3.037046E-02, 8.19270E-03, 2.24446E-03
-2.89057E-08, 2.404732E-02, 8.29809E-03, 2.41308E-03
-2.88994E-08, 1.930497E-02, 8.50886E-03, 2.49739E-03
-2.88932E-08, 1.456262E-02, 8.50886E-03, 2.66601E-03
-2.88869E-08, 9.82027E-03, 8.71963E-03, 2.70816E-03
-2.88807E-08, 4.02406E-03, 8.82502E-03, 2.75032E-03
-2.88744E-08, -7.1829E-04, 8.71963E-03, 2.91893E-03
-2.88682E-08, -5.46064E-03, 8.82502E-03, 3.08755E-03
-2.88619E-08, -1.125685E-02, 8.93040E-03, 3.21401E-03
-2.88557E-08, -1.599920E-02, 8.71963E-03, 3.29832E-03
-2.88494E-08, -2.179541E-02, 8.71963E-03, 3.34047E-03
-2.88432E-08, -2.601083E-02, 8.61425E-03, 3.50909E-03
-2.88369E-08, -2.917239E-02, 8.40348E-03, 3.50909E-03
-2.88307E-08, -3.496860E-02, 8.19270E-03, 3.59340E-03
-2.88244E-08, -3.813017E-02, 7.77116E-03, 3.67771E-03
-2.88182E-08, -4.234559E-02, 7.34962E-03, 3.67771E-03
-2.88119E-08, -4.339945E-02, 7.03346E-03, 3.63555E-03
-2.88057E-08, -4.761487E-02, 6.29576E-03, 3.71986E-03
-2.87994E-08, -4.972258E-02, 5.87422E-03, 3.71986E-03
-2.87932E-08, -5.183030E-02, 5.03114E-03, 3.63555E-03
-2.87869E-08, -5.341108E-02, 4.50421E-03, 3.55125E-03
-2.87807E-08, -5.499186E-02, 3.45035E-03, 3.55125E-03
-2.87744E-08, -5.499186E-02, 2.71265E-03, 3.42478E-03
-2.87682E-08, -5.551879E-02, 1.65880E-03, 3.29832E-03
-2.87619E-08, -5.604572E-02, 6.0494E-04, 3.17186E-03
-2.87557E-08, -5.551879E-02, -3.4353E-04, 3.00324E-03
-2.87494E-08, -5.446493E-02, -1.39738E-03, 2.87678E-03
-2.87432E-08, -5.341108E-02, -2.55662E-03, 2.62385E-03
-2.87369E-08, -5.235722E-02, -3.39971E-03, 2.49739E-03
-2.87307E-08, -5.024951E-02, -4.66434E-03, 2.24446E-03
-2.87244E-08, -4.919565E-02, -5.71819E-03, 1.94939E-03
-2.87182E-08, -4.708794E-02, -6.77205E-03, 1.78077E-03
-2.87119E-08, -4.392638E-02, -7.61513E-03, 1.35923E-03
-2.87057E-08, -4.234559E-02, -8.66899E-03, 1.10630E-03
-2.86994E-08, -3.918403E-02, -9.51207E-03, 8.5338E-04
-2.86932E-08, -3.654939E-02, -1.024977E-02, 5.1614E-04
-2.86869E-08, -3.338782E-02, -1.088209E-02, 1.3675E-04
-2.86807E-08, -3.128011E-02, -1.172517E-02, -1.5833E-04
-2.86744E-08, -2.811854E-02, -1.204133E-02, -4.9556E-04
-2.86682E-08, -2.548390E-02, -1.256825E-02, -7.9064E-04
-2.86619E-08, -2.284926E-02, -1.277903E-02, -1.08572E-03
-2.86557E-08, -2.074155E-02, -1.288441E-02, -1.33864E-03
-2.86494E-08, -1.757998E-02, -1.288441E-02, -1.63372E-03
-2.86432E-08, -1.494534E-02, -1.256825E-02, -1.92880E-03
-2.86369E-08, -1.178377E-02, -1.246287E-02, -2.22388E-03
-2.86307E-08, -9.14914E-03, -1.204133E-02, -2.43465E-03
-2.86244E-08, -7.04142E-03, -1.130363E-02, -2.56112E-03
-2.86182E-08, -5.46064E-03, -1.088209E-02, -2.77189E-03
-2.86119E-08, -1.24522E-03, -1.003900E-02, -2.98266E-03
-2.86057E-08, -1.9136E-04, -9.30130E-03, -3.02481E-03
-2.85994E-08, 1.91635E-03, -8.35283E-03, -3.06697E-03
-2.85932E-08, 4.02406E-03, -7.40436E-03, -3.19343E-03
-2.85869E-08, 6.13177E-03, -6.24512E-03, -3.19343E-03
-2.85807E-08, 8.23948E-03, -5.19126E-03, -3.23559E-03
-2.85744E-08, 9.82027E-03, -4.13741E-03, -3.19343E-03
-2.85682E-08, 1.140105E-02, -2.97817E-03, -3.10912E-03
-2.85619E-08, 1.245491E-02, -2.02970E-03, -2.98266E-03
-2.85557E-08, 1.350876E-02, -7.6507E-04, -2.89835E-03
-2.85494E-08, 1.561647E-02, 4.9956E-04, -2.81404E-03
-2.85432E-08, 1.719726E-02, 1.13187E-03, -2.64543E-03
-2.85369E-08, 1.877804E-02, 2.39650E-03, -2.51896E-03
-2.85307E-08, 1.877804E-02, 3.23958E-03, -2.43465E-03
-2.85244E-08, 1.983190E-02, 4.29344E-03, -2.26604E-03
-2.85182E-08, 2.035883E-02, 4.82037E-03, -2.09742E-03
-2.85119E-08, 2.141268E-02, 5.45268E-03, -2.01311E-03
-2.85057E-08, 2.088575E-02, 5.97961E-03, -1.88665E-03
-2.84994E-08, 2.246654E-02, 6.40115E-03, -1.76019E-03
-2.84932E-08, 2.193961E-02, 6.92808E-03, -1.67588E-03
-2.84869E-08, 2.193961E-02, 7.24423E-03, -1.63372E-03
-2.84807E-08, 2.193961E-02, 7.45500E-03, -1.59157E-03
-2.84744E-08, 2.193961E-02, 7.56039E-03, -1.54942E-03
-2.84682E-08, 1.983190E-02, 7.45500E-03, -1.59157E-03
-2.84619E-08, 1.930497E-02, 7.24423E-03, -1.54942E-03
-2.84557E-08, 1.825111E-02, 7.13885E-03, -1.50726E-03
-2.84494E-08, 1.772419E-02, 6.82269E-03, -1.50726E-03
-2.84432E-08, 1.561647E-02, 6.50653E-03, -1.54942E-03
-2.84369E-08, 1.508955E-02, 6.08499E-03, -1.63372E-03
-2.84307E-08, 1.298183E-02, 5.66345E-03, -1.67588E-03
-2.84244E-08, 1.087412E-02, 5.03114E-03, -1.76019E-03
-2.84182E-08, 8.76641E-03, 4.29344E-03, -1.80234E-03
-2.84119E-08, 7.71256E-03, 3.97728E-03, -1.88665E-03
-2.84057E-08, 4.55099E-03, 3.34497E-03, -1.88665E-03
-2.83994E-08, 3.49713E-03, 2.81804E-03, -1.97096E-03
-2.83932E-08, 1.38942E-03, 1.97495E-03, -1.88665E-03
-2.83869E-08, -1.9136E-04, 1.55341E-03, -1.88665E-03
-2.83807E-08, -2.82600E-03, 1.13187E-03, -1.88665E-03
-2.83744E-08, -4.40678E-03, 4.9956E-04, -1.88665E-03
-2.83682E-08, -5.98757E-03, -1.3276E-04, -1.71803E-03
-2.83619E-08, -7.56835E-03, -6.5968E-04, -1.67588E-03
-2.83557E-08, -9.14914E-03, -9.7584E-04, -1.63372E-03
-2.83494E-08, -9.67606E-03, -1.39738E-03, -1.46511E-03
-2.83432E-08, -1.072992E-02, -1.71354E-03, -1.29649E-03
-2.83369E-08, -1.178377E-02, -1.81893E-03, -1.17003E-03
-2.83307E-08, -1.441841E-02, -1.81893E-03, -1.00141E-03
-2.83244E-08, -1.283763E-02, -2.13508E-03, -8.3279E-04
-2.83182E-08, -1.494534E-02, -2.24047E-03, -6.2202E-04
-2.83119E-08, -1.389149E-02, -1.92431E-03, -4.9556E-04
-2.83057E-08, -1.494534E-02, -2.02970E-03, -2.0048E-04
-2.82994E-08, -1.494534E-02, -1.71354E-03, -7.402E-05
-2.82932E-08, -1.494534E-02, -1.71354E-03, 1.7891E-04
-2.82869E-08, -1.441841E-02, -1.39738E-03, 3.4752E-04
-2.82807E-08, -1.441841E-02, -1.18661E-03, 5.1614E-04
-2.82744E-08, -1.441841E-02, -7.6507E-04, 6.4260E-04
-2.82682E-08, -1.441841E-02, -3.4353E-04, 8.9553E-04
-2.82619E-08, -1.441841E-02, -2.737E-05, 1.02199E-03
-2.82557E-08, -1.389149E-02, 4.9956E-04, 1.10630E-03
-2.82494E-08, -1.441841E-02, 8.1571E-04, 1.23276E-03
-2.82432E-08, -1.494534E-02, 1.13187E-03, 1.44353E-03
-2.82369E-08, -1.547227E-02, 1.65880E-03, 1.57000E-03
-2.82307E-08, -1.441841E-02, 1.86957E-03, 1.65431E-03
-2.82244E-08, -1.705305E-02, 2.18573E-03, 1.82292E-03
-2.82182E-08, -1.705305E-02, 2.29111E-03, 1.86508E-03
-2.82119E-08, -1.810691E-02, 2.60727E-03, 1.99154E-03
-2.82057E-08, -1.968769E-02, 2.50188E-03, 2.11800E-03
-2.81994E-08, -2.126848E-02, 2.60727E-03, 2.20231E-03
-2.81932E-08, -2.232233E-02, 2.71265E-03, 2.28662E-03
-2.81869E-08, -2.232233E-02, 2.71265E-03, 2.41308E-03
-2.81807E-08, -2.390312E-02, 2.29111E-03, 2.53954E-03
-2.81744E-08, -2.495697E-02, 2.29111E-03, 2.62385E-03
-2.81682E-08, -2.601083E-02, 1.76418E-03, 2.75032E-03
-2.81619E-08, -2.759161E-02, 1.55341E-03, 2.96109E-03
-2.81557E-08, -2.759161E-02, 8.1571E-04, 3.08755E-03
-2.81494E-08, -2.917239E-02, 7.801E-05, 3.12970E-03
-2.81432E-08, -2.917239E-02, -8.7046E-04, 3.34047E-03
-2.81369E-08, -2.969932E-02, -1.39738E-03, 3.42478E-03
-2.81307E-08, -3.022625E-02, -2.45124E-03, 3.59340E-03
-2.81244E-08, -2.969932E-02, -3.50509E-03, 3.71986E-03
-2.81182E-08, -2.969932E-02, -4.45356E-03, 3.88848E-03
-2.81119E-08, -2.811854E-02, -5.29665E-03, 3.97279E-03
-2.81057E-08, -2.759161E-02, -6.56128E-03, 4.09925E-03
-2.80994E-08, -2.601083E-02, -7.50975E-03, 4.14140E-03
-2.80932E-08, -2.443004E-02, -8.77437E-03, 4.14140E-03
-2.80869E-08, -2.337619E-02, -9.93362E-03, 4.14140E-03
-2.80807E-08, -2.126848E-02, -1.077670E-02, 4.18356E-03
-2.80744E-08, -2.021462E-02, -1.204133E-02, 4.05710E-03
-2.80682E-08, -1.757998E-02, -1.298980E-02, 4.01494E-03
-2.80619E-08, -1.599920E-02, -1.372750E-02, 3.84633E-03
-2.80557E-08, -1.389149E-02, -1.435981E-02, 3.63555E-03
-2.80494E-08, -1.231070E-02, -1.509751E-02, 3.46694E-03
-2.80432E-08, -1.020299E-02, -1.562444E-02, 3.21401E-03
-2.80369E-08, -8.62221E-03, -1.604598E-02, 2.87678E-03
-2.80307E-08, -6.51450E-03, -1.636213E-02, 2.62385E-03
-2.80244E-08, -5.98757E-03, -1.636213E-02, 2.28662E-03
-2.80182E-08, -5.98757E-03, -1.646752E-02, 1.86508E-03
-2.80119E-08, -4.40678E-03, -1.625675E-02, 1.52784E-03
-2.80057E-08, -4.93371E-03, -1.604598E-02, 1.14845E-03
-2.79994E-08, -5.46064E-03, -1.562444E-02, 8.5338E-04
-2.79932E-08, -5.46064E-03, -1.509751E-02, 3.8968E-04
-2.79869E-08, -7.04142E-03, -1.425442E-02, 9.460E-05
-2.79807E-08, -8.62221E-03, -1.372750E-02, -2.8479E-04
-2.79744E-08, -1.020299E-02, -1.277903E-02, -6.2202E-04
-2.79682E-08, -1.283763E-02, -1.204133E-02, -8.7495E-04
-2.79619E-08, -1.441841E-02, -1.109286E-02, -1.08572E-03
-2.79557E-08, -1.705305E-02, -9.82823E-03, -1.25434E-03
-2.79494E-08, -1.968769E-02, -8.87976E-03, -1.46511E-03
-2.79432E-08, -2.337619E-02, -7.93129E-03, -1.50726E-03
-2.79369E-08, -2.653776E-02, -7.08820E-03, -1.54942E-03
-2.79307E-08, -2.969932E-02, -6.03435E-03, -1.46511E-03
-2.79244E-08, -3.233396E-02, -5.40204E-03, -1.38080E-03
-2.79182E-08, -3.444167E-02, -4.66434E-03, -1.33864E-03
-2.79119E-08, -3.707631E-02, -3.61048E-03, -1.12787E-03
-2.79057E-08, -3.971095E-02, -3.08355E-03, -8.3279E-04
-2.78994E-08, -4.076481E-02, -2.55662E-03, -6.6418E-04
-2.78932E-08, -4.234559E-02, -2.24047E-03, -3.6910E-04
-2.78869E-08, -4.287252E-02, -1.92431E-03, 1.029E-05
-2.78807E-08, -4.339945E-02, -1.92431E-03, 3.4752E-04
-2.78744E-08, -4.234559E-02, -1.81893E-03, 7.2691E-04
-2.78682E-08, -4.181866E-02, -2.02970E-03, 1.06415E-03
-2.78619E-08, -4.023788E-02, -2.45124E-03, 1.44353E-03
-2.78557E-08, -3.865710E-02, -2.76740E-03, 1.86508E-03
-2.78494E-08, -3.602246E-02, -3.29432E-03, 2.20231E-03
-2.78432E-08, -3.286089E-02, -3.92664E-03, 2.53954E-03
-2.78369E-08, -2.864547E-02, -4.76972E-03, 2.75032E-03
-2.78307E-08, -2.548390E-02, -5.50742E-03, 3.00324E-03
-2.78244E-08, -2.179541E-02, -6.24512E-03, 3.21401E-03
-2.78182E-08, -1.652613E-02, -6.87743E-03, 3.42478E-03
-2.78119E-08, -1.125685E-02, -7.82590E-03, 3.50909E-03
-2.78057E-08, -5.98757E-03, -8.66899E-03, 3.67771E-03
-2.77994E-08, -7.1829E-04, -9.51207E-03, 3.63555E-03
-2.77932E-08, 4.02406E-03, -1.035516E-02, 3.63555E-03
-2.77869E-08, 8.76641E-03, -1.119824E-02, 3.55125E-03
-2.77807E-08, 1.245491E-02, -1.161978E-02, 3.46694E-03
-2.77744E-08, 1.719726E-02, -1.214671E-02, 3.29832E-03
-2.77682E-08, 2.088575E-02, -1.267364E-02, 3.08755E-03
-2.77619E-08, 2.457425E-02, -1.309518E-02, 2.87678E-03
-2.77557E-08, 2.773582E-02, -1.320057E-02, 2.53954E-03
-2.77494E-08, 3.037046E-02, -1.330595E-02, 2.28662E-03
-2.77432E-08, 3.089738E-02, -1.330595E-02, 1.99154E-03
-2.77369E-08, 3.353202E-02, -1.320057E-02, 1.78077E-03
-2.77307E-08, 3.405895E-02, -1.288441E-02, 1.40138E-03
-2.77244E-08, 3.405895E-02, -1.256825E-02, 1.10630E-03
-2.77182E-08, 3.300510E-02, -1.204133E-02, 8.5338E-04
-2.77119E-08, 3.300510E-02, -1.161978E-02, 6.0045E-04
-2.77057E-08, 3.142431E-02, -1.098747E-02, 3.0537E-04
-2.76994E-08, 2.826274E-02, -1.035516E-02, 5.244E-05
-2.76932E-08, 2.615503E-02, -9.61746E-03, -1.1617E-04
-2.76869E-08, 2.457425E-02, -8.66899E-03, -2.8479E-04
-2.76807E-08, 2.088575E-02, -8.03667E-03, -4.5341E-04
-2.76744E-08, 1.930497E-02, -7.08820E-03, -5.7987E-04
-2.76682E-08, 1.508955E-02, -6.35051E-03, -6.6418E-04
-2.76619E-08, 1.192798E-02, -5.61281E-03, -7.9064E-04
-2.76557E-08, 9.29334E-03, -4.76972E-03, -8.3279E-04
-2.76494E-08, 7.18563E-03, -4.13741E-03, -9.5926E-04
-2.76432E-08, 4.55099E-03, -3.61048E-03, -9.5926E-04
-2.76369E-08, 2.97021E-03, -2.97817E-03, -1.00141E-03
-2.76307E-08, 3.3557E-04, -2.76740E-03, -1.00141E-03
-2.76244E-08, -7.1829E-04, -2.24047E-03, -1.08572E-03
-2.76182E-08, -2.29907E-03, -1.81893E-03, -1.12787E-03
-2.76119E-08, -2.29907E-03, -1.92431E-03, -1.17003E-03
-2.76057E-08, -3.87986E-03, -1.92431E-03, -1.17003E-03
-2.75994E-08, -3.87986E-03, -1.81893E-03, -1.25434E-03
-2.75932E-08, -3.87986E-03, -2.02970E-03, -1.33864E-03
-2.75869E-08, -2.82600E-03, -2.24047E-03, -1.46511E-03
-2.75807E-08, -2.29907E-03, -2.76740E-03, -1.59157E-03
-2.75744E-08, -1.77215E-03, -2.97817E-03, -1.63372E-03
-2.75682E-08, -1.24522E-03, -3.29432E-03, -1.84450E-03
-2.75619E-08, 3.3557E-04, -4.03202E-03, -1.92880E-03
-2.75557E-08, 3.3557E-04, -4.66434E-03, -2.05527E-03
-2.75494E-08, 1.91635E-03, -5.08588E-03, -2.18173E-03
-2.75432E-08, 1.38942E-03, -5.92896E-03, -2.35035E-03
-2.75369E-08, 2.44328E-03, -6.45589E-03, -2.43465E-03
-2.75307E-08, 1.91635E-03, -7.19359E-03, -2.56112E-03
-2.75244E-08, 8.6249E-04, -7.61513E-03, -2.64543E-03
-2.75182E-08, 8.6249E-04, -8.24745E-03, -2.68758E-03
-2.75119E-08, 3.3557E-04, -8.56360E-03, -2.85620E-03
-2.75057E-08, -2.29907E-03, -9.30130E-03, -2.77189E-03
-2.74994E-08, -3.87986E-03, -9.61746E-03, -2.77189E-03
-2.74932E-08, -7.04142E-03, -1.003900E-02, -2.72973E-03
-2.74869E-08, -8.09528E-03, -1.035516E-02, -2.56112E-03
-2.74807E-08, -1.231070E-02, -1.056593E-02, -2.43465E-03
-2.74744E-08, -1.441841E-02, -1.056593E-02, -2.30819E-03
-2.74682E-08, -1.916077E-02, -1.067131E-02, -2.05527E-03
-2.74619E-08, -2.232233E-02, -1.077670E-02, -1.76019E-03
-2.74557E-08, -2.548390E-02, -1.056593E-02, -1.46511E-03
-2.74494E-08, -2.864547E-02, -1.035516E-02, -1.08572E-03
-2.74432E-08, -3.180704E-02, -9.93362E-03, -7.0633E-04
-2.74369E-08, -3.444167E-02, -9.61746E-03, -3.2694E-04
-2.74307E-08, -3.707631E-02, -9.19592E-03, 1.3675E-04
-2.74244E-08, -4.129174E-02, -8.66899E-03, 5.5830E-04
-2.74182E-08, -4.234559E-02, -7.93129E-03, 1.02199E-03
-2.74119E-08, -4.339945E-02, -7.29898E-03, 1.48569E-03
-2.74057E-08, -4.392638E-02, -6.56128E-03, 1.94939E-03
-2.73994E-08, -4.445330E-02, -5.82358E-03, 2.28662E-03
-2.73932E-08, -4.445330E-02, -4.87511E-03, 2.66601E-03
-2.73869E-08, -4.339945E-02, -3.92664E-03, 3.04540E-03
-2.73807E-08, -4.181866E-02, -3.08355E-03, 3.34047E-03
-2.73744E-08, -3.971095E-02, -2.02970E-03, 3.55125E-03
-2.73682E-08, -3.654939E-02, -1.08123E-03, 3.71986E-03
-2.73619E-08, -3.391474E-02, -2.3814E-04, 3.88848E-03
-2.73557E-08, -3.022625E-02, 8.1571E-04, 4.01494E-03
-2.73494E-08, -2.548390E-02, 1.76418E-03, 3.97279E-03
-2.73432E-08, -2.179541E-02, 2.81804E-03, 3.97279E-03
-2.73369E-08, -1.757998E-02, 3.97728E-03, 3.76202E-03
-2.73307E-08, -1.283763E-02, 4.71498E-03, 3.55125E-03
-2.73244E-08, -8.62221E-03, 5.66345E-03, 3.38263E-03
-2.73182E-08, -4.40678E-03, 6.40115E-03, 3.08755E-03
-2.73119E-08, 3.3557E-04, 7.34962E-03, 2.70816E-03
-2.73057E-08, 4.02406E-03, 8.08732E-03, 2.28662E-03
-2.72994E-08, 7.18563E-03, 8.71963E-03, 1.86508E-03
-2.72932E-08, 1.087412E-02, 9.45733E-03, 1.40138E-03
-2.72869E-08, 1.298183E-02, 1.008964E-02, 8.9553E-04
-2.72807E-08, 1.561647E-02, 1.040580E-02, 5.1614E-04
-2.72744E-08, 1.825111E-02, 1.103811E-02, 5.244E-05
-2.72682E-08, 1.877804E-02, 1.135427E-02, -3.2694E-04
-2.72619E-08, 1.930497E-02, 1.145966E-02, -6.6418E-04
-2.72557E-08, 1.930497E-02, 1.177581E-02, -1.04357E-03
-2.72494E-08, 1.877804E-02, 1.188120E-02, -1.38080E-03
-2.72432E-08, 1.877804E-02, 1.167043E-02, -1.50726E-03
-2.72369E-08, 1.772419E-02, 1.167043E-02, -1.71803E-03
-2.72307E-08, 1.508955E-02, 1.135427E-02, -1.84450E-03
-2.72244E-08, 1.350876E-02, 1.114350E-02, -1.88665E-03
-2.72182E-08, 1.192798E-02, 1.072196E-02, -1.88665E-03
-2.72119E-08, 1.034720E-02, 1.030042E-02, -1.67588E-03
-2.72057E-08, 7.18563E-03, 9.98426E-03, -1.50726E-03
-2.71994E-08, 5.07792E-03, 9.35195E-03, -1.25434E-03
-2.71932E-08, 2.44328E-03, 8.82502E-03, -9.5926E-04
-2.71869E-08, 2.44328E-03, 8.19270E-03, -6.2202E-04
-2.71807E-08, 3.3557E-04, 7.24423E-03, -1.1617E-04
-2.71744E-08, -1.24522E-03, 6.82269E-03, 2.2106E-04
-2.71682E-08, -2.82600E-03, 6.19038E-03, 7.6907E-04
-2.71619E-08, -3.35293E-03, 5.34729E-03, 1.31707E-03
-2.71557E-08, -2.82600E-03, 4.50421E-03, 1.78077E-03
-2.71494E-08, -2.82600E-03, 3.87190E-03, 2.32877E-03
-2.71432E-08, -2.82600E-03, 3.13420E-03, 2.79247E-03
-2.71369E-08, -2.82600E-03, 2.29111E-03, 3.25617E-03
-2.71307E-08, -1.24522E-03, 1.76418E-03, 3.71986E-03
-2.71244E-08, -1.9136E-04, 1.23726E-03, 4.22571E-03
-2.71182E-08, 8.6249E-04, 4.9956E-04, 4.52079E-03
-2.71119E-08, 4.02406E-03, -1.3276E-04, 4.77372E-03
-2.71057E-08, 4.55099E-03, -5.5430E-04, 5.06880E-03
-2.70994E-08, 7.18563E-03, -1.08123E-03, 5.19526E-03
-2.70932E-08, 8.23948E-03, -1.39738E-03, 5.32172E-03
-2.70869E-08, 9.29334E-03, -1.60815E-03, 5.40603E-03
-2.70807E-08, 1.034720E-02, -2.13508E-03, 5.27957E-03
-2.70744E-08, 1.245491E-02, -2.34585E-03, 5.27957E-03
-2.70682E-08, 1.245491E-02, -2.55662E-03, 5.11095E-03
-2.70619E-08, 1.298183E-02, -2.87278E-03, 4.94234E-03
-2.70557E-08, 1.245491E-02, -2.97817E-03, 4.64726E-03
-2.70494E-08, 1.350876E-02, -3.29432E-03, 4.39433E-03
-2.70432E-08, 1.192798E-02, -3.29432E-03, 4.05710E-03
-2.70369E-08, 1.140105E-02, -3.39971E-03, 3.67771E-03
-2.70307E-08, 9.82027E-03, -3.71587E-03, 3.29832E-03
-2.70244E-08, 8.76641E-03, -3.82125E-03, 2.96109E-03
-2.70182E-08, 5.60485E-03, -3.92664E-03, 2.66601E-03
-2.70119E-08, 4.55099E-03, -3.92664E-03, 2.28662E-03
-2.70057E-08, 8.6249E-04, -4.24279E-03, 1.86508E-03
-2.69994E-08, -1.77215E-03, -4.34818E-03, 1.61215E-03
-2.69932E-08, -3.87986E-03, -4.66434E-03, 1.35923E-03
-2.69869E-08, -5.98757E-03, -4.87511E-03, 1.10630E-03
-2.69807E-08, -9.14914E-03, -5.29665E-03, 8.9553E-04
-2.69744E-08, -1.072992E-02, -5.29665E-03, 6.8476E-04
-2.69682E-08, -1.283763E-02, -5.92896E-03, 6.0045E-04
-2.69619E-08, -1.441841E-02, -6.35051E-03, 5.1614E-04
-2.69557E-08, -1.599920E-02, -6.66666E-03, 5.1614E-04
-2.69494E-08, -1.599920E-02, -6.87743E-03, 4.3183E-04
-2.69432E-08, -1.705305E-02, -7.40436E-03, 5.1614E-04
-2.69369E-08, -1.705305E-02, -8.03667E-03, 6.0045E-04
-2.69307E-08, -1.652613E-02, -8.66899E-03, 6.8476E-04
-2.69244E-08, -1.599920E-02, -8.87976E-03, 7.2691E-04
-2.69182E-08, -1.494534E-02, -9.72284E-03, 8.9553E-04
-2.69119E-08, -1.231070E-02, -1.014439E-02, 9.7984E-04
-2.69057E-08, -9.67606E-03, -1.046054E-02, 1.14845E-03
-2.68994E-08, -7.56835E-03, -1.098747E-02, 1.19061E-03
-2.68932E-08, -3.87986E-03, -1.151440E-02, 1.35923E-03
-2.68869E-08, -1.24522E-03, -1.183056E-02, 1.35923E-03
-2.68807E-08, 2.44328E-03, -1.214671E-02, 1.40138E-03
-2.68744E-08, 6.13177E-03, -1.267364E-02, 1.44353E-03
-2.68682E-08, 9.82027E-03, -1.298980E-02, 1.40138E-03
-2.68619E-08, 1.350876E-02, -1.330595E-02, 1.31707E-03
-2.68557E-08, 1.719726E-02, -1.351672E-02, 1.27492E-03
-2.68494E-08, 2.088575E-02, -1.362211E-02, 1.14845E-03
-2.68432E-08, 2.352039E-02, -1.372750E-02, 9.7984E-04
-2.68369E-08, 2.668196E-02, -1.393827E-02, 8.5338E-04
-2.68307E-08, 2.984353E-02, -1.393827E-02, 6.4260E-04
-2.68244E-08, 3.142431E-02, -1.393827E-02, 3.8968E-04
-2.68182E-08, 3.405895E-02, -1.414904E-02, 2.2106E-04
-2.68119E-08, 3.563973E-02, -1.414904E-02, -7.402E-05
-2.68057E-08, 3.722052E-02, -1.414904E-02, -2.4263E-04
-2.67994E-08, 3.722052E-02, -1.393827E-02, -4.9556E-04
-2.67932E-08, 3.774745E-02, -1.404365E-02, -6.6418E-04
-2.67869E-08, 3.774745E-02, -1.393827E-02, -7.9064E-04
-2.67807E-08, 3.722052E-02, -1.393827E-02, -1.00141E-03
-2.67744E-08, 3.669359E-02, -1.383288E-02, -1.17003E-03
-2.67682E-08, 3.616666E-02, -1.372750E-02, -1.21218E-03
-2.67619E-08, 3.353202E-02, -1.372750E-02, -1.21218E-03
-2.67557E-08, 3.247816E-02, -1.362211E-02, -1.29649E-03
-2.67494E-08, 3.037046E-02, -1.351672E-02, -1.25434E-03
-2.67432E-08, 2.878967E-02, -1.362211E-02, -1.04357E-03
-2.67369E-08, 2.615503E-02, -1.351672E-02, -1.00141E-03
-2.67307E-08, 2.352039E-02, -1.351672E-02, -7.9064E-04
-2.67244E-08, 2.088575E-02, -1.362211E-02, -6.2202E-04
-2.67182E-08, 1.877804E-02, -1.351672E-02, -2.8479E-04
-2.67119E-08, 1.614340E-02, -1.320057E-02, -3.186E-05
-2.67057E-08, 1.192798E-02, -1.320057E-02, 3.4752E-04
-2.66994E-08, 9.82027E-03, -1.309518E-02, 6.8476E-04
-2.66932E-08, 6.65870E-03, -1.288441E-02, 8.9553E-04
-2.66869E-08, 4.55099E-03, -1.246287E-02, 1.19061E-03
-2.66807E-08, 8.6249E-04, -1.225210E-02, 1.52784E-03
-2.66744E-08, -1.77215E-03, -1.193594E-02, 1.86508E-03
-2.66682E-08, -5.46064E-03, -1.140901E-02, 2.11800E-03
-2.66619E-08, -8.09528E-03, -1.077670E-02, 2.41308E-03
-2.66557E-08, -1.178377E-02, -1.014439E-02, 2.62385E-03
-2.66494E-08, -1.441841E-02, -9.40669E-03, 2.83462E-03
-2.66432E-08, -1.810691E-02, -8.45822E-03, 2.87678E-03
-2.66369E-08, -2.074155E-02, -7.40436E-03, 2.96109E-03
-2.66307E-08, -2.443004E-02, -6.35051E-03, 3.00324E-03
-2.66244E-08, -2.811854E-02, -5.29665E-03, 3.04540E-03
-2.66182E-08, -3.180704E-02, -3.92664E-03, 3.04540E-03
-2.66119E-08, -3.391474E-02, -2.34585E-03, 2.87678E-03
-2.66057E-08, -3.760324E-02, -1.18661E-03, 2.75032E-03
-2.65994E-08, -4.076481E-02, 3.9417E-04, 2.58170E-03
-2.65932E-08, -4.339945E-02, 1.65880E-03, 2.32877E-03
-2.65869E-08, -4.603409E-02, 3.45035E-03, 2.16016E-03
-2.65807E-08, -4.972258E-02, 4.92575E-03, 1.90723E-03
-2.65744E-08, -5.130336E-02, 6.50653E-03, 1.61215E-03
-2.65682E-08, -5.288415E-02, 7.87655E-03, 1.35923E-03
-2.65619E-08, -5.499186E-02, 9.14117E-03, 1.19061E-03
-2.65557E-08, -5.604572E-02, 1.061657E-02, 9.3768E-04
-2.65494E-08, -5.551879E-02, 1.177581E-02, 7.2691E-04
-2.65432E-08, -5.551879E-02, 1.261890E-02, 6.0045E-04
-2.65369E-08, -5.604572E-02, 1.356737E-02, 4.3183E-04
-2.65307E-08, -5.393801E-02, 1.430507E-02, 3.4752E-04
-2.65244E-08, -5.288415E-02, 1.462122E-02, 2.6322E-04
-2.65182E-08, -5.024951E-02, 1.493738E-02, 1.7891E-04
-2.65119E-08, -4.708794E-02, 1.504277E-02, 2.2106E-04
-2.65057E-08, -4.498023E-02, 1.483199E-02, 3.8968E-04
-2.64994E-08, -4.129174E-02, 1.462122E-02, 4.3183E-04
-2.64932E-08, -3.707631E-02, 1.388352E-02, 6.4260E-04
-2.64869E-08, -3.286089E-02, 1.304044E-02, 8.1122E-04
-2.64807E-08, -2.811854E-02, 1.219736E-02, 1.02199E-03
-2.64744E-08, -2.390312E-02, 1.103811E-02, 1.31707E-03
-2.64682E-08, -1.916077E-02, 9.45733E-03, 1.65431E-03
-2.64619E-08, -1.389149E-02, 7.98193E-03, 1.94939E-03
-2.64557E-08, -8.62221E-03, 6.29576E-03, 2.32877E-03
-2.64494E-08, -3.35293E-03, 4.71498E-03, 2.62385E-03
-2.64432E-08, 1.38942E-03, 2.60727E-03, 2.87678E-03
-2.64369E-08, 6.13177E-03, 8.1571E-04, 3.21401E-03
-2.64307E-08, 9.29334E-03, -1.08123E-03, 3.46694E-03
-2.64244E-08, 1.192798E-02, -2.87278E-03, 3.67771E-03
-2.64182E-08, 1.508955E-02, -4.66434E-03, 3.93063E-03
-2.64119E-08, 1.825111E-02, -6.66666E-03, 3.97279E-03
-2.64057E-08, 1.930497E-02, -8.03667E-03, 4.14140E-03
-2.63994E-08, 1.930497E-02, -9.61746E-03, 4.22571E-03
-2.63932E-08, 2.088575E-02, -1.088209E-02, 4.22571E-03
-2.63869E-08, 2.088575E-02, -1.193594E-02, 4.14140E-03
-2.63807E-08, 1.877804E-02, -1.298980E-02, 4.01494E-03
-2.63744E-08, 1.772419E-02, -1.372750E-02, 3.76202E-03
-2.63682E-08, 1.561647E-02, -1.457058E-02, 3.55125E-03
-2.63619E-08, 1.350876E-02, -1.467597E-02, 3.25617E-03
-2.63557E-08, 8.76641E-03, -1.488674E-02, 2.96109E-03
-2.63494E-08, 6.13177E-03, -1.478135E-02, 2.53954E-03
-2.63432E-08, 1.91635E-03, -1.435981E-02, 2.16016E-03
-2.63369E-08, -1.77215E-03, -1.404365E-02, 1.73861E-03
-2.63307E-08, -6.51450E-03, -1.320057E-02, 1.27492E-03
-2.63244E-08, -9.67606E-03, -1.246287E-02, 8.1122E-04
-2.63182E-08, -1.494534E-02, -1.151440E-02, 3.4752E-04
-2.63119E-08, -1.810691E-02, -1.035516E-02, -2.0048E-04
-2.63057E-08, -2.337619E-02, -9.30130E-03, -6.6418E-04
-2.62994E-08, -2.601083E-02, -8.03667E-03, -1.00141E-03
-2.62932E-08, -2.864547E-02, -6.98282E-03, -1.46511E-03
-2.62869E-08, -3.128011E-02, -5.61281E-03, -1.76019E-03
-2.62807E-08, -3.444167E-02, -4.45356E-03, -2.18173E-03
-2.62744E-08, -3.602246E-02, -3.18894E-03, -2.43465E-03
-2.62682E-08, -3.760324E-02, -2.24047E-03, -2.56112E-03
-2.62619E-08, -3.760324E-02, -1.08123E-03, -2.68758E-03
-2.62557E-08, -3.760324E-02, -2.3814E-04, -2.81404E-03
-2.62494E-08, -3.760324E-02, 4.9956E-04, -2.81404E-03
-2.62432E-08, -3.707631E-02, 1.02648E-03, -2.85620E-03
-2.62369E-08, -3.496860E-02, 1.44803E-03, -2.64543E-03
-2.62307E-08, -3.391474E-02, 1.65880E-03, -2.51896E-03
-2.62244E-08, -3.286089E-02, 1.55341E-03, -2.26604E-03
-2.62182E-08, -3.075318E-02, 1.65880E-03, -2.05527E-03
-2.62119E-08, -2.864547E-02, 1.55341E-03, -1.67588E-03
-2.62057E-08, -2.706468E-02, 1.13187E-03, -1.29649E-03
-2.61994E-08, -2.548390E-02, 6.0494E-04, -8.7495E-04
-2.61932E-08, -2.337619E-02, -2.737E-05, -4.1125E-04
-2.61869E-08, -2.126848E-02, -6.5968E-04, 1.029E-05
-2.61807E-08, -1.968769E-02, -1.71354E-03, 4.3183E-04
-2.61744E-08, -1.916077E-02, -2.24047E-03, 9.7984E-04
-2.61682E-08, -1.705305E-02, -3.29432E-03, 1.40138E-03
-2.61619E-08, -1.757998E-02, -4.34818E-03, 1.94939E-03
-2.61557E-08, -1.652613E-02, -5.19126E-03, 2.41308E-03
-2.61494E-08, -1.599920E-02, -6.03435E-03, 2.79247E-03
-2.61432E-08, -1.705305E-02, -6.98282E-03, 3.25617E-03
-2.61369E-08, -1.757998E-02, -7.82590E-03, 3.67771E-03
-2.61307E-08, -1.757998E-02, -8.66899E-03, 4.01494E-03
-2.61244E-08, -1.810691E-02, -9.30130E-03, 4.39433E-03
-2.61182E-08, -1.968769E-02, -9.82823E-03, 4.68941E-03
-2.61119E-08, -1.968769E-02, -1.014439E-02, 4.90018E-03
-2.61057E-08, -2.179541E-02, -1.067131E-02, 5.06880E-03
-2.60994E-08, -2.337619E-02, -1.098747E-02, 5.19526E-03
-2.60932E-08, -2.337619E-02, -1.119824E-02, 5.32172E-03
-2.60869E-08, -2.443004E-02, -1.109286E-02, 5.36388E-03
-2.60807E-08, -2.443004E-02, -1.119824E-02, 5.40603E-03
-2.60744E-08, -2.495697E-02, -1.098747E-02, 5.40603E-03
-2.60682E-08, -2.495697E-02, -1.098747E-02, 5.36388E-03
-2.60619E-08, -2.337619E-02, -1.067131E-02, 5.27957E-03
-2.60557E-08, -2.232233E-02, -1.024977E-02, 5.15311E-03
-2.60494E-08, -2.126848E-02, -1.003900E-02, 5.02664E-03
-2.60432E-08, -1.916077E-02, -9.51207E-03, 4.85803E-03
-2.60369E-08, -1.652613E-02, -9.09053E-03, 4.73156E-03
-2.60307E-08, -1.336456E-02, -8.56360E-03, 4.52079E-03
-2.60244E-08, -9.14914E-03, -8.24745E-03, 4.35218E-03
-2.60182E-08, -5.46064E-03, -7.61513E-03, 4.14140E-03
-2.60119E-08, -1.24522E-03, -7.29898E-03, 3.93063E-03
-2.60057E-08, 2.97021E-03, -6.87743E-03, 3.76202E-03
-2.59994E-08, 7.71256E-03, -6.56128E-03, 3.59340E-03
-2.59932E-08, 1.298183E-02, -6.35051E-03, 3.42478E-03
-2.59869E-08, 1.825111E-02, -5.71819E-03, 3.29832E-03
-2.59807E-08, 2.404732E-02, -5.40204E-03, 3.17186E-03
-2.59744E-08, 2.931660E-02, -5.29665E-03, 2.96109E-03
-2.59682E-08, 3.353202E-02, -4.98049E-03, 2.87678E-03
-2.59619E-08, 3.827437E-02, -4.66434E-03, 2.75032E-03
-2.59557E-08, 4.354365E-02, -4.34818E-03, 2.70816E-03
-2.59494E-08, 4.723215E-02, -4.24279E-03, 2.62385E-03
-2.59432E-08, 4.986679E-02, -3.92664E-03, 2.58170E-03
-2.59369E-08, 5.408221E-02, -3.61048E-03, 2.49739E-03
-2.59307E-08, 5.566299E-02, -3.39971E-03, 2.53954E-03
-2.59244E-08, 5.671685E-02, -3.29432E-03, 2.49739E-03
-2.59182E-08, 5.777070E-02, -2.87278E-03, 2.53954E-03
-2.59119E-08, 5.935149E-02, -2.34585E-03, 2.49739E-03
-2.59057E-08, 5.777070E-02, -2.34585E-03, 2.53954E-03
-2.58994E-08, 5.777070E-02, -1.71354E-03, 2.53954E-03
-2.58932E-08, 5.618992E-02, -1.50277E-03, 2.45524E-03
-2.58869E-08, 5.408221E-02, -7.6507E-04, 2.49739E-03
-2.58807E-08, 5.197450E-02, -4.4891E-04, 2.53954E-03
-2.58744E-08, 4.723215E-02, -1.3276E-04, 2.45524E-03
-2.58682E-08, 4.512443E-02, 2.8879E-04, 2.53954E-03
-2.58619E-08, 4.038208E-02, 7.1033E-04, 2.53954E-03
-2.58557E-08, 3.616666E-02, 1.34264E-03, 2.49739E-03
-2.58494E-08, 3.142431E-02, 1.55341E-03, 2.49739E-03
-2.58432E-08, 2.615503E-02, 1.86957E-03, 2.45524E-03
-2.58369E-08, 2.035883E-02, 2.39650E-03, 2.45524E-03
-2.58307E-08, 1.561647E-02, 2.60727E-03, 2.41308E-03
-2.58244E-08, 9.82027E-03, 2.81804E-03, 2.45524E-03
-2.58182E-08, 4.55099E-03, 2.92343E-03, 2.41308E-03
-2.58119E-08, 8.6249E-04, 2.92343E-03, 2.41308E-03
-2.58057E-08, -4.93371E-03, 2.71265E-03, 2.37093E-03
-2.57994E-08, -1.125685E-02, 2.71265E-03, 2.32877E-03
-2.57932E-08, -1.547227E-02, 2.29111E-03, 2.28662E-03
-2.57869E-08, -1.863384E-02, 1.97495E-03, 2.28662E-03
-2.57807E-08, -2.284926E-02, 1.65880E-03, 2.32877E-03
-2.57744E-08, -2.653776E-02, 9.2110E-04, 2.20231E-03
-2.57682E-08, -3.075318E-02, 7.801E-05, 2.28662E-03
-2.57619E-08, -3.338782E-02, -4.4891E-04, 2.28662E-03
-2.57557E-08, -3.549553E-02, -1.50277E-03, 2.28662E-03
-2.57494E-08, -3.707631E-02, -2.34585E-03, 2.20231E-03
-2.57432E-08, -3.918403E-02, -3.39971E-03, 2.24446E-03
-2.57369E-08, -3.971095E-02, -4.03202E-03, 2.24446E-03
-2.57307E-08, -4.181866E-02, -5.40204E-03, 2.24446E-03
-2.57244E-08, -4.181866E-02, -6.45589E-03, 2.28662E-03
-2.57182E-08, -4.129174E-02, -7.40436E-03, 2.28662E-03
-2.57119E-08, -4.129174E-02, -8.24745E-03, 2.28662E-03
-2.57057E-08, -4.181866E-02, -9.40669E-03, 2.32877E-03
-2.56994E-08, -3.971095E-02, -1.014439E-02, 2.28662E-03
-2.56932E-08, -3.865710E-02, -1.077670E-02, 2.32877E-03
-2.56869E-08, -3.602246E-02, -1.151440E-02, 2.24446E-03
-2.56807E-08, -3.444167E-02, -1.193594E-02, 2.24446E-03
-2.56744E-08, -3.180704E-02, -1.235748E-02, 2.11800E-03
-2.56682E-08, -3.075318E-02, -1.267364E-02, 2.07585E-03
-2.56619E-08, -2.811854E-02, -1.267364E-02, 1.99154E-03
-2.56557E-08, -2.601083E-02, -1.267364E-02, 1.86508E-03
-2.56494E-08, -2.284926E-02, -1.235748E-02, 1.82292E-03
-2.56432E-08, -2.074155E-02, -1.193594E-02, 1.65431E-03
-2.56369E-08, -1.757998E-02, -1.151440E-02, 1.57000E-03
-2.56307E-08, -1.494534E-02, -1.088209E-02, 1.35923E-03
-2.56244E-08, -1.231070E-02, -9.93362E-03, 1.23276E-03
-2.56182E-08, -1.020299E-02, -9.19592E-03, 1.02199E-03
-2.56119E-08, -7.04142E-03, -7.93129E-03, 8.5338E-04
-2.56057E-08, -4.40678E-03, -6.77205E-03, 6.4260E-04
-2.55994E-08, -2.29907E-03, -5.50742E-03, 4.7399E-04
-2.55932E-08, -7.1829E-04, -4.03202E-03, 2.6322E-04
-2.55869E-08, 3.3557E-04, -2.76740E-03, 5.244E-05
-2.55807E-08, 1.38942E-03, -1.50277E-03, -1.5833E-04
-2.55744E-08, 4.02406E-03, -1.3276E-04, -2.4263E-04
-2.55682E-08, 3.49713E-03, 1.13187E-03, -4.1125E-04
-2.55619E-08, 5.07792E-03, 2.29111E-03, -5.3771E-04
-2.55557E-08, 5.07792E-03, 3.55574E-03, -7.4849E-04
-2.55494E-08, 5.07792E-03, 4.60959E-03, -9.5926E-04
-2.55432E-08, 4.02406E-03, 5.87422E-03, -9.1710E-04
-2.55369E-08, 3.49713E-03, 6.71731E-03, -1.00141E-03
-2.55307E-08, 2.44328E-03, 7.45500E-03, -1.04357E-03
-2.55244E-08, 8.6249E-04, 8.08732E-03, -1.17003E-03
-2.55182E-08, -1.9136E-04, 8.61425E-03, -1.08572E-03
-2.55119E-08, -2.82600E-03, 9.35195E-03, -1.04357E-03
-2.55057E-08, -4.40678E-03, 9.56272E-03, -1.00141E-03
-2.54994E-08, -4.40678E-03, 9.66810E-03, -9.1710E-04
-2.54932E-08, -8.62221E-03, 9.77349E-03, -8.7495E-04
-2.54869E-08, -1.020299E-02, 9.56272E-03, -7.0633E-04
-2.54807E-08, -1.178377E-02, 9.24656E-03, -4.9556E-04
-2.54744E-08, -1.389149E-02, 8.93040E-03, -3.6910E-04
-2.54682E-08, -1.652613E-02, 8.50886E-03, -1.5833E-04
-2.54619E-08, -1.810691E-02, 7.98193E-03, 9.460E-05
-2.54557E-08, -1.968769E-02, 7.45500E-03, 2.6322E-04
-2.54494E-08, -2.232233E-02, 6.82269E-03, 5.1614E-04
-2.54432E-08, -2.284926E-02, 6.08499E-03, 7.6907E-04
-2.54369E-08, -2.390312E-02, 5.45268E-03, 9.7984E-04
-2.54307E-08, -2.601083E-02, 4.71498E-03, 1.19061E-03
-2.54244E-08, -2.653776E-02, 3.87190E-03, 1.44353E-03
-2.54182E-08, -2.759161E-02, 3.23958E-03, 1.69646E-03
-2.54119E-08, -2.706468E-02, 2.60727E-03, 1.82292E-03
-2.54057E-08, -2.759161E-02, 2.08034E-03, 2.03369E-03
-2.53994E-08, -2.759161E-02, 1.65880E-03, 2.16016E-03
-2.53932E-08, -2.811854E-02, 1.23726E-03, 2.28662E-03
-2.53869E-08, -2.759161E-02, 8.1571E-04, 2.32877E-03
-2.53807E-08, -2.706468E-02, 2.8879E-04, 2.41308E-03
-2.53744E-08, -2.653776E-02, 7.801E-05, 2.37093E-03
-2.53682E-08, -2.653776E-02, -2.3814E-04, 2.37093E-03
-2.53619E-08, -2.548390E-02, -4.4891E-04, 2.41308E-03
-2.53557E-08, -2.548390E-02, -4.4891E-04, 2.37093E-03
-2.53494E-08, -2.390312E-02, -1.3276E-04, 2.24446E-03
-2.53432E-08, -2.284926E-02, -4.4891E-04, 2.16016E-03
-2.53369E-08, -2.179541E-02, -2.3814E-04, 1.99154E-03
-2.53307E-08, -2.179541E-02, -1.3276E-04, 1.86508E-03
-2.53244E-08, -2.074155E-02, -2.3814E-04, 1.73861E-03
-2.53182E-08, -2.021462E-02, -2.737E-05, 1.48569E-03
-2.53119E-08, -1.916077E-02, 4.9956E-04, 1.31707E-03
-2.53057E-08, -2.074155E-02, 2.8879E-04, 1.14845E-03
-2.52994E-08, -1.916077E-02, 4.9956E-04, 9.7984E-04
-2.52932E-08, -1.863384E-02, 6.0494E-04, 7.6907E-04
-2.52869E-08, -1.810691E-02, 8.1571E-04, 6.0045E-04
-2.52807E-08, -1.757998E-02, 8.1571E-04, 4.3183E-04
-2.52744E-08, -1.705305E-02, 7.1033E-04, 3.0537E-04
-2.52682E-08, -1.652613E-02, 7.1033E-04, 1.3675E-04
-2.52619E-08, -1.599920E-02, 3.9417E-04, 9.460E-05
-2.52557E-08, -1.547227E-02, 3.9417E-04, -7.402E-05
-2.52494E-08, -1.389149E-02, 7.801E-05, -1.5833E-04
-2.52432E-08, -1.389149E-02, -2.737E-05, -2.4263E-04
-2.52369E-08, -1.283763E-02, -5.5430E-04, -2.4263E-04
-2.52307E-08, -1.178377E-02, -9.7584E-04, -2.8479E-04
-2.52244E-08, -1.020299E-02, -1.29200E-03, -1.5833E-04
-2.52182E-08, -9.14914E-03, -1.71354E-03, -2.0048E-04
-2.52119E-08, -7.56835E-03, -2.45124E-03, -2.0048E-04
-2.52057E-08, -5.98757E-03, -3.18894E-03, -2.0048E-04
-2.51994E-08, -3.87986E-03, -3.71587E-03, -3.186E-05
-2.51932E-08, -1.77215E-03, -4.45356E-03, -7.402E-05
-2.51869E-08, 3.3557E-04, -4.98049E-03, -7.402E-05
-2.51807E-08, 2.44328E-03, -5.71819E-03, 9.460E-05
-2.51744E-08, 4.02406E-03, -6.35051E-03, 1.029E-05
-2.51682E-08, 7.18563E-03, -6.98282E-03, 9.460E-05
-2.51619E-08, 8.76641E-03, -7.82590E-03, 9.460E-05
-2.51557E-08, 1.034720E-02, -8.35283E-03, 9.460E-05
-2.51494E-08, 1.350876E-02, -8.77437E-03, 5.244E-05
-2.51432E-08, 1.350876E-02, -9.19592E-03, 1.029E-05
-2.51369E-08, 1.561647E-02, -9.61746E-03, -3.186E-05
-2.51307E-08, 1.667033E-02, -9.93362E-03, -1.1617E-04
-2.51244E-08, 1.772419E-02, -1.035516E-02, -2.8479E-04
-2.51182E-08, 1.719726E-02, -1.056593E-02, -4.1125E-04
-2.51119E-08, 1.772419E-02, -1.067131E-02, -6.2202E-04
-2.51057E-08, 1.719726E-02, -1.067131E-02, -8.3279E-04
-2.50994E-08, 1.667033E-02, -1.077670E-02, -1.08572E-03
-2.50932E-08, 1.456262E-02, -1.046054E-02, -1.25434E-03
-2.50869E-08, 1.298183E-02, -1.024977E-02, -1.59157E-03
-2.50807E-08, 1.087412E-02, -9.93362E-03, -1.84450E-03
-2.50744E-08, 8.76641E-03, -9.72284E-03, -2.05527E-03
-2.50682E-08, 5.60485E-03, -9.19592E-03, -2.35035E-03
-2.50619E-08, 2.44328E-03, -8.87976E-03, -2.47681E-03
-2.50557E-08, -1.9136E-04, -8.35283E-03, -2.77189E-03
-2.50494E-08, -2.82600E-03, -7.72052E-03, -3.02481E-03
-2.50432E-08, -7.56835E-03, -7.08820E-03, -3.19343E-03
-2.50369E-08, -9.67606E-03, -6.45589E-03, -3.40420E-03
-2.50307E-08, -1.441841E-02, -5.82358E-03, -3.44636E-03
-2.50244E-08, -1.810691E-02, -4.98049E-03, -3.48851E-03
-2.50182E-08, -2.126848E-02, -4.34818E-03, -3.61497E-03
-2.50119E-08, -2.390312E-02, -3.39971E-03, -3.57282E-03
-2.50057E-08, -2.811854E-02, -2.66201E-03, -3.44636E-03
-2.49994E-08, -3.022625E-02, -1.92431E-03, -3.31989E-03
-2.49932E-08, -3.128011E-02, -1.08123E-03, -3.19343E-03
-2.49869E-08, -3.233396E-02, -4.4891E-04, -2.94051E-03
-2.49807E-08, -3.496860E-02, 2.8879E-04, -2.64543E-03
-2.49744E-08, -3.444167E-02, 1.13187E-03, -2.43465E-03
-2.49682E-08, -3.391474E-02, 1.76418E-03, -2.01311E-03
-2.49619E-08, -3.338782E-02, 2.50188E-03, -1.50726E-03
-2.49557E-08, -3.128011E-02, 3.23958E-03, -1.17003E-03
-2.49494E-08, -2.811854E-02, 3.97728E-03, -7.0633E-04
-2.49432E-08, -2.548390E-02, 4.29344E-03, -1.1617E-04
-2.49369E-08, -2.179541E-02, 4.92575E-03, 2.6322E-04
-2.49307E-08, -1.810691E-02, 5.55806E-03, 8.9553E-04
-2.49244E-08, -1.389149E-02, 5.97961E-03, 1.40138E-03
-2.49182E-08, -8.09528E-03, 6.50653E-03, 1.94939E-03
-2.49119E-08, -1.77215E-03, 7.03346E-03, 2.41308E-03
-2.49057E-08, 4.02406E-03, 7.66578E-03, 2.87678E-03
-2.48994E-08, 9.82027E-03, 8.08732E-03, 3.29832E-03
-2.48932E-08, 1.719726E-02, 8.50886E-03, 3.71986E-03
-2.48869E-08, 2.352039E-02, 8.93040E-03, 4.05710E-03
-2.48807E-08, 2.931660E-02, 9.24656E-03, 4.35218E-03
-2.48744E-08, 3.616666E-02, 9.66810E-03, 4.60510E-03
-2.48682E-08, 4.196287E-02, 9.87887E-03, 4.90018E-03
-2.48619E-08, 4.828600E-02, 1.008964E-02, 5.06880E-03
-2.48557E-08, 5.250143E-02, 1.008964E-02, 5.11095E-03
-2.48494E-08, 5.777070E-02, 1.051119E-02, 5.15311E-03
-2.48432E-08, 6.198613E-02, 1.061657E-02, 5.11095E-03
-2.48369E-08, 6.514770E-02, 1.051119E-02, 5.11095E-03
-2.48307E-08, 6.830926E-02, 1.051119E-02, 5.02664E-03
-2.48244E-08, 6.989004E-02, 1.061657E-02, 4.90018E-03
-2.48182E-08, 7.094390E-02, 1.040580E-02, 4.68941E-03
-2.48119E-08, 7.252468E-02, 1.019503E-02, 4.43648E-03
-2.48057E-08, 7.094390E-02, 9.98426E-03, 4.22571E-03
-2.47994E-08, 7.041697E-02, 9.56272E-03, 3.84633E-03
-2.47932E-08, 6.830926E-02, 9.24656E-03, 3.59340E-03
-2.47869E-08, 6.514770E-02, 8.71963E-03, 3.29832E-03
-2.47807E-08, 6.198613E-02, 8.08732E-03, 3.00324E-03
-2.47744E-08, 5.724378E-02, 7.56039E-03, 2.53954E-03
-2.47682E-08, 5.250143E-02, 6.92808E-03, 2.32877E-03
-2.47619E-08, 4.670522E-02, 6.08499E-03, 1.99154E-03
-2.47557E-08, 4.143594E-02, 5.24191E-03, 1.65431E-03
-2.47494E-08, 3.616666E-02, 4.29344E-03, 1.40138E-03
-2.47432E-08, 2.931660E-02, 3.23958E-03, 1.10630E-03
-2.47369E-08, 2.246654E-02, 2.39650E-03, 9.3768E-04
-2.47307E-08, 1.614340E-02, 1.23726E-03, 6.0045E-04
-2.47244E-08, 9.29334E-03, 7.801E-05, 5.1614E-04
-2.47182E-08, 2.44328E-03, -8.7046E-04, 4.3183E-04
-2.47119E-08, -3.35293E-03, -1.81893E-03, 2.6322E-04
-2.47057E-08, -1.020299E-02, -3.08355E-03, 1.7891E-04
-2.46994E-08, -1.494534E-02, -4.24279E-03, 9.460E-05
-2.46932E-08, -1.968769E-02, -5.29665E-03, 9.460E-05
-2.46869E-08, -2.443004E-02, -6.03435E-03, 5.244E-05
-2.46807E-08, -2.864547E-02, -6.87743E-03, 5.244E-05
-2.46744E-08, -3.075318E-02, -7.82590E-03, 5.244E-05
-2.46682E-08, -3.444167E-02, -8.45822E-03, 9.460E-05
-2.46619E-08, -3.654939E-02, -8.98515E-03, 1.7891E-04
-2.46557E-08, -3.760324E-02, -9.72284E-03, 2.2106E-04
-2.46494E-08, -3.760324E-02, -9.82823E-03, 2.2106E-04
-2.46432E-08, -3.865710E-02, -1.014439E-02, 3.0537E-04
-2.46369E-08, -3.760324E-02, -1.035516E-02, 3.4752E-04
-2.46307E-08, -3.654939E-02, -1.056593E-02, 3.8968E-04
-2.46244E-08, -3.496860E-02, -1.035516E-02, 4.3183E-04
-2.46182E-08, -3.233396E-02, -1.024977E-02, 5.1614E-04
-2.46119E-08, -2.969932E-02, -9.82823E-03, 4.7399E-04
-2.46057E-08, -2.759161E-02, -9.51207E-03, 5.1614E-04
-2.45994E-08, -2.390312E-02, -8.87976E-03, 4.3183E-04
-2.45932E-08, -2.074155E-02, -8.35283E-03, 3.8968E-04
-2.45869E-08, -1.705305E-02, -7.61513E-03, 3.8968E-04
-2.45807E-08, -1.336456E-02, -6.66666E-03, 2.6322E-04
-2.45744E-08, -1.020299E-02, -5.82358E-03, 1.3675E-04
-2.45682E-08, -6.51450E-03, -5.08588E-03, 9.460E-05
-2.45619E-08, -3.87986E-03, -4.03202E-03, 1.029E-05
-2.45557E-08, -7.1829E-04, -2.97817E-03, -1.5833E-04
-2.45494E-08, 1.38942E-03, -2.13508E-03, -2.0048E-04
-2.45432E-08, 3.49713E-03, -1.08123E-03, -3.2694E-04
-2.45369E-08, 4.55099E-03, -2.737E-05, -4.9556E-04
-2.45307E-08, 5.60485E-03, 9.2110E-04, -5.3771E-04
-2.45244E-08, 7.18563E-03, 1.76418E-03, -6.2202E-04
-2.45182E-08, 6.13177E-03, 2.39650E-03, -7.0633E-04
-2.45119E-08, 6.13177E-03, 3.23958E-03, -7.4849E-04
-2.45057E-08, 4.02406E-03, 3.87190E-03, -8.7495E-04
-2.44994E-08, 2.44328E-03, 4.50421E-03, -8.7495E-04
-2.44932E-08, 3.3557E-04, 4.71498E-03, -9.5926E-04
-2.44869E-08, -2.29907E-03, 5.24191E-03, -9.5926E-04
-2.44807E-08, -5.98757E-03, 5.34729E-03, -9.1710E-04
-2.44744E-08, -9.67606E-03, 5.55806E-03, -8.7495E-04
-2.44682E-08, -1.389149E-02, 5.45268E-03, -8.7495E-04
-2.44619E-08, -1.810691E-02, 5.24191E-03, -7.9064E-04
-2.44557E-08, -2.232233E-02, 5.13652E-03, -7.4849E-04
-2.44494E-08, -2.811854E-02, 4.71498E-03, -7.0633E-04
-2.44432E-08, -3.286089E-02, 4.08267E-03, -5.3771E-04
-2.44369E-08, -3.760324E-02, 3.76651E-03, -4.5341E-04
-2.44307E-08, -4.287252E-02, 2.81804E-03, -3.2694E-04
-2.44244E-08, -4.866873E-02, 1.97495E-03, -2.4263E-04
-2.44182E-08, -5.183030E-02, 1.23726E-03, -7.402E-05
-2.44119E-08, -5.604572E-02, 3.9417E-04, 1.029E-05
-2.44057E-08, -5.973421E-02, -4.4891E-04, 9.460E-05
-2.43994E-08, -6.447656E-02, -1.29200E-03, 3.0537E-04
-2.43932E-08, -6.658427E-02, -2.45124E-03, 3.4752E-04
-2.43869E-08, -6.869198E-02, -3.29432E-03, 4.3183E-04
-2.43807E-08, -7.132663E-02, -4.34818E-03, 6.0045E-04
-2.43744E-08, -7.185356E-02, -5.19126E-03, 7.2691E-04
-2.43682E-08, -7.343434E-02, -6.13973E-03, 7.6907E-04
-2.43619E-08, -7.343434E-02, -6.87743E-03, 8.9553E-04
-2.43557E-08, -7.290741E-02, -7.29898E-03, 9.3768E-04
-2.43494E-08, -7.132663E-02, -7.93129E-03, 1.02199E-03
-2.43432E-08, -7.027277E-02, -8.45822E-03, 1.10630E-03
-2.43369E-08, -6.869198E-02, -8.66899E-03, 1.14845E-03
-2.43307E-08, -6.605735E-02, -8.98515E-03, 1.19061E-03
-2.43244E-08, -6.289578E-02, -8.98515E-03, 1.19061E-03
-2.43182E-08, -5.973421E-02, -9.09053E-03, 1.27492E-03
-2.43119E-08, -5.604572E-02, -8.77437E-03, 1.27492E-03
-2.43057E-08, -5.288415E-02, -8.45822E-03, 1.31707E-03
-2.42994E-08, -4.866873E-02, -8.03667E-03, 1.31707E-03
-2.42932E-08, -4.445330E-02, -7.61513E-03, 1.31707E-03
-2.42869E-08, -3.971095E-02, -6.98282E-03, 1.27492E-03
-2.42807E-08, -3.654939E-02, -6.24512E-03, 1.27492E-03
-2.42744E-08, -3.128011E-02, -5.50742E-03, 1.19061E-03
-2.42682E-08, -2.864547E-02, -4.76972E-03, 1.19061E-03
-2.42619E-08, -2.548390E-02, -3.82125E-03, 1.23276E-03
-2.42557E-08, -2.126848E-02, -3.08355E-03, 1.14845E-03
-2.42494E-08, -1.863384E-02, -2.02970E-03, 1.10630E-03
-2.42432E-08, -1.599920E-02, -1.08123E-03, 1.10630E-03
-2.42369E-08, -1.441841E-02, -3.4353E-04, 1.02199E-03
-2.42307E-08, -1.178377E-02, 4.9956E-04, 1.02199E-03
-2.42244E-08, -1.072992E-02, 1.34264E-03, 9.3768E-04
-2.42182E-08, -1.072992E-02, 2.08034E-03, 8.9553E-04
-2.42119E-08, -9.14914E-03, 2.92343E-03, 8.5338E-04
-2.42057E-08, -9.14914E-03, 3.23958E-03, 8.1122E-04
-2.41994E-08, -1.020299E-02, 3.87190E-03, 7.6907E-04
-2.41932E-08, -1.020299E-02, 4.18805E-03, 6.4260E-04
-2.41869E-08, -1.125685E-02, 4.39882E-03, 6.0045E-04
-2.41807E-08, -1.178377E-02, 4.39882E-03, 5.5830E-04
-2.41744E-08, -1.336456E-02, 4.50421E-03, 4.7399E-04
-2.41682E-08, -1.494534E-02, 4.39882E-03, 3.8968E-04
-2.41619E-08, -1.652613E-02, 3.97728E-03, 3.8968E-04
-2.41557E-08, -1.705305E-02, 3.76651E-03, 3.4752E-04
-2.41494E-08, -1.863384E-02, 3.34497E-03, 2.6322E-04
-2.41432E-08, -2.021462E-02, 2.92343E-03, 3.0537E-04
-2.41369E-08, -2.179541E-02, 2.50188E-03, 1.7891E-04
-2.41307E-08, -2.284926E-02, 1.76418E-03, 2.2106E-04
-2.41244E-08, -2.390312E-02, 1.02648E-03, 1.7891E-04
-2.41182E-08, -2.601083E-02, 1.8340E-04, 1.3675E-04
-2.41119E-08, -2.548390E-02, -2.3814E-04, 1.3675E-04
-2.41057E-08, -2.601083E-02, -1.18661E-03, 1.7891E-04
-2.40994E-08, -2.706468E-02, -1.71354E-03, 2.2106E-04
-2.40932E-08, -2.653776E-02, -2.45124E-03, 1.7891E-04
-2.40869E-08, -2.495697E-02, -3.08355E-03, 2.6322E-04
-2.40807E-08, -2.601083E-02, -3.50509E-03, 3.0537E-04
-2.40744E-08, -2.495697E-02, -3.82125E-03, 4.3183E-04
-2.40682E-08, -2.390312E-02, -4.45356E-03, 4.7399E-04
-2.40619E-08, -2.232233E-02, -4.66434E-03, 5.5830E-04
-2.40557E-08, -2.179541E-02, -4.66434E-03, 6.4260E-04
-2.40494E-08, -1.968769E-02, -4.66434E-03, 7.2691E-04
-2.40432E-08, -1.968769E-02, -4.76972E-03, 8.1122E-04
-2.40369E-08, -1.757998E-02, -4.55895E-03, 8.9553E-04
-2.40307E-08, -1.705305E-02, -4.55895E-03, 9.7984E-04
-2.40244E-08, -1.547227E-02, -4.34818E-03, 1.06415E-03
-2.40182E-08, -1.441841E-02, -3.82125E-03, 1.14845E-03
-2.40119E-08, -1.389149E-02, -3.39971E-03, 1.23276E-03
-2.40057E-08, -1.283763E-02, -2.97817E-03, 1.27492E-03
-2.39994E-08, -1.231070E-02, -2.34585E-03, 1.44353E-03
-2.39932E-08, -1.178377E-02, -1.92431E-03, 1.40138E-03
-2.39869E-08, -1.178377E-02, -1.29200E-03, 1.44353E-03
-2.39807E-08, -1.231070E-02, -5.5430E-04, 1.44353E-03
-2.39744E-08, -1.231070E-02, -2.737E-05, 1.48569E-03
-2.39682E-08, -1.231070E-02, 6.0494E-04, 1.48569E-03
-2.39619E-08, -1.336456E-02, 1.02648E-03, 1.52784E-03
-2.39557E-08, -1.389149E-02, 1.55341E-03, 1.52784E-03
-2.39494E-08, -1.494534E-02, 2.29111E-03, 1.48569E-03
-2.39432E-08, -1.599920E-02, 2.39650E-03, 1.48569E-03
-2.39369E-08, -1.652613E-02, 3.02881E-03, 1.48569E-03
-2.39307E-08, -1.863384E-02, 3.02881E-03, 1.52784E-03
-2.39244E-08, -1.968769E-02, 3.23958E-03, 1.52784E-03
-2.39182E-08, -2.021462E-02, 3.45035E-03, 1.52784E-03
-2.39119E-08, -2.126848E-02, 3.55574E-03, 1.52784E-03
-2.39057E-08, -2.179541E-02, 3.45035E-03, 1.61215E-03
-2.38994E-08, -2.284926E-02, 3.34497E-03, 1.65431E-03
-2.38932E-08, -2.390312E-02, 3.34497E-03, 1.73861E-03
-2.38869E-08, -2.443004E-02, 3.13420E-03, 1.73861E-03
-2.38807E-08, -2.443004E-02, 2.81804E-03, 1.86508E-03
-2.38744E-08, -2.443004E-02, 2.60727E-03, 1.94939E-03
-2.38682E-08, -2.284926E-02, 2.08034E-03, 2.11800E-03
-2.38619E-08, -2.232233E-02, 1.86957E-03, 2.28662E-03
-2.38557E-08, -2.179541E-02, 1.34264E-03, 2.37093E-03
-2.38494E-08, -2.074155E-02, 1.02648E-03, 2.53954E-03
-2.38432E-08, -1.968769E-02, 4.9956E-04, 2.70816E-03
-2.38369E-08, -1.705305E-02, 7.801E-05, 2.91893E-03
-2.38307E-08, -1.494534E-02, -2.737E-05, 3.08755E-03
-2.38244E-08, -1.336456E-02, -4.4891E-04, 3.21401E-03
-2.38182E-08, -1.125685E-02, -7.6507E-04, 3.46694E-03
-2.38119E-08, -8.09528E-03, -9.7584E-04, 3.59340E-03
-2.38057E-08, -5.46064E-03, -1.18661E-03, 3.80417E-03
-2.37994E-08, -3.35293E-03, -1.29200E-03, 3.93063E-03
-2.37932E-08, -1.24522E-03, -1.29200E-03, 3.97279E-03
-2.37869E-08, 1.38942E-03, -1.50277E-03, 4.09925E-03
-2.37807E-08, 4.02406E-03, -1.29200E-03, 4.22571E-03
-2.37744E-08, 6.13177E-03, -1.08123E-03, 4.22571E-03
-2.37682E-08, 8.23948E-03, -1.08123E-03, 4.22571E-03
-2.37619E-08, 9.82027E-03, -9.7584E-04, 4.18356E-03
-2.37557E-08, 1.192798E-02, -4.4891E-04, 4.18356E-03
-2.37494E-08, 1.298183E-02, -1.3276E-04, 4.05710E-03
-2.37432E-08, 1.403569E-02, -2.737E-05, 3.97279E-03
-2.37369E-08, 1.508955E-02, 2.8879E-04, 3.93063E-03
-2.37307E-08, 1.614340E-02, 7.1033E-04, 3.80417E-03
-2.37244E-08, 1.719726E-02, 9.2110E-04, 3.55125E-03
-2.37182E-08, 1.719726E-02, 1.34264E-03, 3.34047E-03
-2.37119E-08, 1.772419E-02, 1.55341E-03, 3.12970E-03
-2.37057E-08, 1.614340E-02, 1.76418E-03, 3.04540E-03
-2.36994E-08, 1.667033E-02, 2.08034E-03, 2.75032E-03
-2.36932E-08, 1.614340E-02, 2.39650E-03, 2.45524E-03
-2.36869E-08, 1.561647E-02, 2.60727E-03, 2.32877E-03
-2.36807E-08, 1.561647E-02, 2.60727E-03, 2.07585E-03
-2.36744E-08, 1.508955E-02, 3.02881E-03, 1.86508E-03
-2.36682E-08, 1.403569E-02, 2.92343E-03, 1.73861E-03
-2.36619E-08, 1.350876E-02, 2.81804E-03, 1.48569E-03
-2.36557E-08, 1.298183E-02, 2.81804E-03, 1.31707E-03
-2.36494E-08, 1.298183E-02, 2.81804E-03, 1.19061E-03
-2.36432E-08, 1.192798E-02, 2.60727E-03, 1.10630E-03
-2.36369E-08, 1.245491E-02, 2.39650E-03, 1.06415E-03
-2.36307E-08, 1.298183E-02, 1.97495E-03, 9.7984E-04
-2.36244E-08, 1.298183E-02, 1.76418E-03, 1.02199E-03
-2.36182E-08, 1.245491E-02, 1.44803E-03, 1.06415E-03
-2.36119E-08, 1.403569E-02, 1.34264E-03, 1.06415E-03
-2.36057E-08, 1.403569E-02, 7.1033E-04, 1.06415E-03
-2.35994E-08, 1.456262E-02, 4.9956E-04, 1.27492E-03
-2.35932E-08, 1.456262E-02, -1.3276E-04, 1.40138E-03
-2.35869E-08, 1.614340E-02, -3.4353E-04, 1.48569E-03
-2.35807E-08, 1.667033E-02, -8.7046E-04, 1.65431E-03
-2.35744E-08, 1.719726E-02, -1.29200E-03, 1.82292E-03
-2.35682E-08, 1.719726E-02, -1.71354E-03, 1.99154E-03
-2.35619E-08, 1.877804E-02, -2.02970E-03, 2.16016E-03
-2.35557E-08, 1.825111E-02, -2.24047E-03, 2.28662E-03
-2.35494E-08, 1.930497E-02, -2.45124E-03, 2.45524E-03
-2.35432E-08, 1.877804E-02, -2.76740E-03, 2.66601E-03
-2.35369E-08, 1.877804E-02, -2.76740E-03, 2.70816E-03
-2.35307E-08, 1.772419E-02, -2.55662E-03, 2.87678E-03
-2.35244E-08, 1.719726E-02, -2.55662E-03, 3.04540E-03
-2.35182E-08, 1.667033E-02, -2.66201E-03, 3.08755E-03
-2.35119E-08, 1.719726E-02, -2.34585E-03, 3.17186E-03
-2.35057E-08, 1.456262E-02, -2.24047E-03, 3.12970E-03
-2.34994E-08, 1.350876E-02, -1.92431E-03, 3.08755E-03
-2.34932E-08, 1.140105E-02, -1.60815E-03, 3.08755E-03
-2.34869E-08, 9.82027E-03, -1.18661E-03, 3.00324E-03
-2.34807E-08, 7.18563E-03, -9.7584E-04, 2.87678E-03
-2.34744E-08, 5.07792E-03, -2.3814E-04, 2.79247E-03
-2.34682E-08, 2.97021E-03, 2.8879E-04, 2.66601E-03
-2.34619E-08, 8.6249E-04, 7.1033E-04, 2.58170E-03
-2.34557E-08, -1.77215E-03, 1.23726E-03, 2.32877E-03
-2.34494E-08, -3.87986E-03, 2.08034E-03, 2.07585E-03
-2.34432E-08, -5.98757E-03, 2.50188E-03, 1.99154E-03
-2.34369E-08, -7.56835E-03, 3.13420E-03, 1.73861E-03
-2.34307E-08, -8.62221E-03, 3.45035E-03, 1.52784E-03
-2.34244E-08, -1.072992E-02, 4.08267E-03, 1.31707E-03
-2.34182E-08, -1.283763E-02, 4.50421E-03, 1.14845E-03
-2.34119E-08, -1.178377E-02, 4.92575E-03, 8.1122E-04
-2.34057E-08, -1.178377E-02, 5.34729E-03, 6.8476E-04
-2.33994E-08, -1.283763E-02, 5.45268E-03, 4.3183E-04
-2.33932E-08, -1.283763E-02, 5.87422E-03, 3.0537E-04
-2.33869E-08, -1.125685E-02, 6.08499E-03, 9.460E-05
-2.33807E-08, -1.072992E-02, 6.19038E-03, -7.402E-05
-2.33744E-08, -9.67606E-03, 6.08499E-03, -2.0048E-04
-2.33682E-08, -8.09528E-03, 5.97961E-03, -3.2694E-04
-2.33619E-08, -5.98757E-03, 5.76884E-03, -4.1125E-04
-2.33557E-08, -3.35293E-03, 5.76884E-03, -5.7987E-04
-2.33494E-08, -1.77215E-03, 5.45268E-03, -6.6418E-04
-2.33432E-08, 8.6249E-04, 5.03114E-03, -7.0633E-04
-2.33369E-08, 3.49713E-03, 4.82037E-03, -7.0633E-04
-2.33307E-08, 6.13177E-03, 4.29344E-03, -7.9064E-04
-2.33244E-08, 8.76641E-03, 3.66112E-03, -7.9064E-04
-2.33182E-08, 1.140105E-02, 3.34497E-03, -8.3279E-04
-2.33119E-08, 1.403569E-02, 2.92343E-03, -8.3279E-04
-2.33057E-08, 1.667033E-02, 2.39650E-03, -8.3279E-04
-2.32994E-08, 1.877804E-02, 1.97495E-03, -8.3279E-04
-2.32932E-08, 2.088575E-02, 1.44803E-03, -7.9064E-04
-2.32869E-08, 2.299346E-02, 1.13187E-03, -7.4849E-04
-2.32807E-08, 2.457425E-02, 7.1033E-04, -7.0633E-04
-2.32744E-08, 2.615503E-02, 3.9417E-04, -6.6418E-04
-2.32682E-08, 2.668196E-02, -2.737E-05, -6.2202E-04
-2.32619E-08, 2.720889E-02, 7.801E-05, -5.3771E-04
-2.32557E-08, 2.720889E-02, -3.4353E-04, -5.3771E-04
-2.32494E-08, 2.773582E-02, -2.3814E-04, -4.5341E-04
-2.32432E-08, 2.668196E-02, -2.737E-05, -3.2694E-04
-2.32369E-08, 2.720889E-02, -1.3276E-04, -2.8479E-04
-2.32307E-08, 2.562810E-02, -2.737E-05, -2.0048E-04
-2.32244E-08, 2.457425E-02, 3.9417E-04, -1.1617E-04
-2.32182E-08, 2.299346E-02, 4.9956E-04, 1.029E-05
-2.32119E-08, 2.246654E-02, 8.1571E-04, 9.460E-05
-2.32057E-08, 1.983190E-02, 1.23726E-03, 2.2106E-04
-2.31994E-08, 1.877804E-02, 1.65880E-03, 3.0537E-04
-2.31932E-08, 1.667033E-02, 1.97495E-03, 3.8968E-04
-2.31869E-08, 1.508955E-02, 2.71265E-03, 4.3183E-04
-2.31807E-08, 1.298183E-02, 3.13420E-03, 6.0045E-04
-2.31744E-08, 1.034720E-02, 3.55574E-03, 7.2691E-04
-2.31682E-08, 9.29334E-03, 4.29344E-03, 8.5338E-04
-2.31619E-08, 7.18563E-03, 4.50421E-03, 1.02199E-03
-2.31557E-08, 5.60485E-03, 5.03114E-03, 1.10630E-03
-2.31494E-08, 4.02406E-03, 5.45268E-03, 1.19061E-03
-2.31432E-08, 2.44328E-03, 5.66345E-03, 1.35923E-03
-2.31369E-08, 1.38942E-03, 6.19038E-03, 1.44353E-03
-2.31307E-08, -1.9136E-04, 5.97961E-03, 1.65431E-03
-2.31244E-08, -1.24522E-03, 6.50653E-03, 1.69646E-03
-2.31182E-08, -2.29907E-03, 6.29576E-03, 1.82292E-03
-2.31119E-08, -3.35293E-03, 6.19038E-03, 1.94939E-03
-2.31057E-08, -3.35293E-03, 6.29576E-03, 2.03369E-03
-2.30994E-08, -5.46064E-03, 5.97961E-03, 2.16016E-03
-2.30932E-08, -6.51450E-03, 5.34729E-03, 2.24446E-03
-2.30869E-08, -5.46064E-03, 5.03114E-03, 2.24446E-03
-2.30807E-08, -5.98757E-03, 4.60959E-03, 2.32877E-03
-2.30744E-08, -7.56835E-03, 3.97728E-03, 2.28662E-03
-2.30682E-08, -7.04142E-03, 3.23958E-03, 2.32877E-03
-2.30619E-08, -7.56835E-03, 2.39650E-03, 2.41308E-03
-2.30557E-08, -7.56835E-03, 1.65880E-03, 2.37093E-03
-2.30494E-08, -7.56835E-03, 6.0494E-04, 2.37093E-03
-2.30432E-08, -7.56835E-03, -2.737E-05, 2.41308E-03
-2.30369E-08, -7.56835E-03, -1.08123E-03, 2.16016E-03
-2.30307E-08, -7.56835E-03, -2.02970E-03, 2.20231E-03
-2.30244E-08, -6.51450E-03, -3.08355E-03, 2.20231E-03
-2.30182E-08, -5.98757E-03, -4.13741E-03, 2.11800E-03
-2.30119E-08, -4.93371E-03, -5.08588E-03, 2.03369E-03
-2.30057E-08, -4.93371E-03, -5.82358E-03, 2.03369E-03
-2.29994E-08, -3.35293E-03, -6.77205E-03, 1.90723E-03
-2.29932E-08, -2.82600E-03, -7.61513E-03, 1.82292E-03
-2.29869E-08, -1.24522E-03, -8.45822E-03, 1.69646E-03
-2.29807E-08, -1.9136E-04, -8.98515E-03, 1.61215E-03
-2.29744E-08, 8.6249E-04, -9.61746E-03, 1.52784E-03
-2.29682E-08, 1.91635E-03, -1.014439E-02, 1.44353E-03
-2.29619E-08, 4.02406E-03, -1.046054E-02, 1.35923E-03
-2.29557E-08, 5.07792E-03, -1.088209E-02, 1.19061E-03
-2.29494E-08, 6.65870E-03, -1.088209E-02, 1.14845E-03
-2.29432E-08, 8.23948E-03, -1.077670E-02, 9.7984E-04
-2.29369E-08, 9.29334E-03, -1.067131E-02, 9.7984E-04
-2.29307E-08, 9.82027E-03, -1.056593E-02, 7.6907E-04
-2.29244E-08, 1.192798E-02, -9.93362E-03, 7.6907E-04
-2.29182E-08, 1.192798E-02, -9.51207E-03, 6.8476E-04
-2.29119E-08, 1.298183E-02, -8.87976E-03, 5.5830E-04
-2.29057E-08, 1.350876E-02, -8.24745E-03, 4.3183E-04
-2.28994E-08, 1.350876E-02, -7.29898E-03, 3.4752E-04
-2.28932E-08, 1.350876E-02, -6.13973E-03, 1.7891E-04
-2.28869E-08, 1.298183E-02, -5.19126E-03, 5.244E-05
-2.28807E-08, 1.140105E-02, -4.13741E-03, -7.402E-05
-2.28744E-08, 1.192798E-02, -2.97817E-03, -1.5833E-04
-2.28682E-08, 9.29334E-03, -1.81893E-03, -2.4263E-04
-2.28619E-08, 8.23948E-03, -7.6507E-04, -4.9556E-04
-2.28557E-08, 6.13177E-03, 4.9956E-04, -5.7987E-04
-2.28494E-08, 2.44328E-03, 1.55341E-03, -7.9064E-04
-2.28432E-08, 3.3557E-04, 2.81804E-03, -9.5926E-04
-2.28369E-08, -3.35293E-03, 3.87190E-03, -1.12787E-03
-2.28307E-08, -6.51450E-03, 4.92575E-03, -1.33864E-03
-2.28244E-08, -1.020299E-02, 5.87422E-03, -1.38080E-03
-2.28182E-08, -1.389149E-02, 6.61192E-03, -1.54942E-03
-2.28119E-08, -1.652613E-02, 7.45500E-03, -1.88665E-03
-2.28057E-08, -2.074155E-02, 7.77116E-03, -1.97096E-03
-2.27994E-08, -2.443004E-02, 8.50886E-03, -2.13958E-03
-2.27932E-08, -2.811854E-02, 8.82502E-03, -2.22388E-03
-2.27869E-08, -3.128011E-02, 9.03579E-03, -2.47681E-03
-2.27807E-08, -3.496860E-02, 9.14117E-03, -2.51896E-03
-2.27744E-08, -3.707631E-02, 9.03579E-03, -2.77189E-03
-2.27682E-08, -4.076481E-02, 8.71963E-03, -2.81404E-03
-2.27619E-08, -4.234559E-02, 8.50886E-03, -2.85620E-03
-2.27557E-08, -4.392638E-02, 7.87655E-03, -2.98266E-03
-2.27494E-08, -4.550716E-02, 7.56039E-03, -3.02481E-03
-2.27432E-08, -4.656101E-02, 7.03346E-03, -3.02481E-03
-2.27369E-08, -4.761487E-02, 6.29576E-03, -3.06697E-03
-2.27307E-08, -4.708794E-02, 5.34729E-03, -2.98266E-03
-2.27244E-08, -4.761487E-02, 4.60959E-03, -2.98266E-03
-2.27182E-08, -4.656101E-02, 3.66112E-03, -2.81404E-03
-2.27119E-08, -4.445330E-02, 2.60727E-03, -2.77189E-03
-2.27057E-08, -4.287252E-02, 1.65880E-03, -2.64543E-03
-2.26994E-08, -4.129174E-02, 6.0494E-04, -2.51896E-03
-2.26932E-08, -3.865710E-02, -1.3276E-04, -2.35035E-03
-2.26869E-08, -3.602246E-02, -9.7584E-04, -2.22388E-03
-2.26807E-08, -3.391474E-02, -2.02970E-03, -1.97096E-03
-2.26744E-08, -2.969932E-02, -2.66201E-03, -1.84450E-03
-2.26682E-08, -2.653776E-02, -3.61048E-03, -1.63372E-03
-2.26619E-08, -2.337619E-02, -4.13741E-03, -1.42295E-03
-2.26557E-08, -2.021462E-02, -4.55895E-03, -1.17003E-03
-2.26494E-08, -1.652613E-02, -5.08588E-03, -1.00141E-03
-2.26432E-08, -1.441841E-02, -5.61281E-03, -7.4849E-04
-2.26369E-08, -1.020299E-02, -5.71819E-03, -5.3771E-04
-2.26307E-08, -8.62221E-03, -6.13973E-03, -3.6910E-04
-2.26244E-08, -4.93371E-03, -6.35051E-03, -1.1617E-04
-2.26182E-08, -3.87986E-03, -6.24512E-03, 1.3675E-04
-2.26119E-08, -7.1829E-04, -6.13973E-03, 2.6322E-04
-2.26057E-08, 8.6249E-04, -6.24512E-03, 4.3183E-04
-2.25994E-08, 1.91635E-03, -6.03435E-03, 6.0045E-04
-2.25932E-08, 3.49713E-03, -5.92896E-03, 6.0045E-04
-2.25869E-08, 4.02406E-03, -5.71819E-03, 7.2691E-04
-2.25807E-08, 4.55099E-03, -5.40204E-03, 8.5338E-04
-2.25744E-08, 4.55099E-03, -5.08588E-03, 8.5338E-04
-2.25682E-08, 4.55099E-03, -4.76972E-03, 9.3768E-04
-2.25619E-08, 3.49713E-03, -4.45356E-03, 9.7984E-04
-2.25557E-08, 3.49713E-03, -4.34818E-03, 1.02199E-03
-2.25494E-08, 3.49713E-03, -4.03202E-03, 9.3768E-04
-2.25432E-08, 1.38942E-03, -3.82125E-03, 1.02199E-03
-2.25369E-08, 3.3557E-04, -3.82125E-03, 9.7984E-04
-2.25307E-08, -7.1829E-04, -3.39971E-03, 9.7984E-04
-2.25244E-08, -1.77215E-03, -3.50509E-03, 9.3768E-04
-2.25182E-08, -3.35293E-03, -3.39971E-03, 8.5338E-04
-2.25119E-08, -3.35293E-03, -3.39971E-03, 8.1122E-04
-2.25057E-08, -4.93371E-03, -3.61048E-03, 7.2691E-04
-2.24994E-08, -6.51450E-03, -3.71587E-03, 7.2691E-04
-2.24932E-08, -7.56835E-03, -3.71587E-03, 7.2691E-04
-2.24869E-08, -8.09528E-03, -3.71587E-03, 6.4260E-04
-2.24807E-08, -8.62221E-03, -3.92664E-03, 6.4260E-04
-2.24744E-08, -9.14914E-03, -3.92664E-03, 5.5830E-04
-2.24682E-08, -9.67606E-03, -4.24279E-03, 5.5830E-04
-2.24619E-08, -9.14914E-03, -4.34818E-03, 5.1614E-04
-2.24557E-08, -9.14914E-03, -4.45356E-03, 4.7399E-04
-2.24494E-08, -8.09528E-03, -4.45356E-03, 3.8968E-04
-2.24432E-08, -8.09528E-03, -4.55895E-03, 3.8968E-04
-2.24369E-08, -7.04142E-03, -4.24279E-03, 3.0537E-04
-2.24307E-08, -5.98757E-03, -4.45356E-03, 3.0537E-04
-2.24244E-08, -3.87986E-03, -4.45356E-03, 2.6322E-04
-2.24182E-08, -2.82600E-03, -4.13741E-03, 2.6322E-04
-2.24119E-08, 3.3557E-04, -3.82125E-03, 1.3675E-04
-2.24057E-08, 1.38942E-03, -3.71587E-03, 1.3675E-04
-2.23994E-08, 4.02406E-03, -3.39971E-03, 9.460E-05
-2.23932E-08, 5.60485E-03, -3.08355E-03, 9.460E-05
-2.23869E-08, 8.76641E-03, -2.45124E-03, 1.029E-05
-2.23807E-08, 1.087412E-02, -2.13508E-03, -3.186E-05
-2.23744E-08, 1.298183E-02, -1.81893E-03, -7.402E-05
-2.23682E-08, 1.561647E-02, -1.18661E-03, -7.402E-05
-2.23619E-08, 1.825111E-02, -7.6507E-04, -2.0048E-04
-2.23557E-08, 2.035883E-02, -2.3814E-04, -2.0048E-04
-2.23494E-08, 2.246654E-02, 1.8340E-04, -2.8479E-04
-2.23432E-08, 2.404732E-02, 7.1033E-04, -2.8479E-04
-2.23369E-08, 2.668196E-02, 1.13187E-03, -3.2694E-04
-2.23307E-08, 2.878967E-02, 1.44803E-03, -3.6910E-04
-2.23244E-08, 2.984353E-02, 1.76418E-03, -3.2694E-04
-2.23182E-08, 3.142431E-02, 1.97495E-03, -4.1125E-04
-2.23119E-08, 3.300510E-02, 2.39650E-03, -4.9556E-04
-2.23057E-08, 3.247816E-02, 2.39650E-03, -4.5341E-04
-2.22994E-08, 3.405895E-02, 2.39650E-03, -5.3771E-04
-2.22932E-08, 3.405895E-02, 2.29111E-03, -5.3771E-04
-2.22869E-08, 3.405895E-02, 2.18573E-03, -4.5341E-04
-2.22807E-08, 3.458588E-02, 1.97495E-03, -4.9556E-04
-2.22744E-08, 3.405895E-02, 1.76418E-03, -4.5341E-04
-2.22682E-08, 3.300510E-02, 1.34264E-03, -3.6910E-04
-2.22619E-08, 3.247816E-02, 7.1033E-04, -2.4263E-04
-2.22557E-08, 3.089738E-02, 2.8879E-04, -2.0048E-04
-2.22494E-08, 2.984353E-02, -1.3276E-04, -2.0048E-04
-2.22432E-08, 2.878967E-02, -1.08123E-03, -3.186E-05
-2.22369E-08, 2.668196E-02, -1.39738E-03, 1.3675E-04
-2.22307E-08, 2.510118E-02, -2.45124E-03, 2.2106E-04
-2.22244E-08, 2.352039E-02, -2.87278E-03, 3.0537E-04
-2.22182E-08, 2.246654E-02, -3.82125E-03, 5.1614E-04
-2.22119E-08, 1.983190E-02, -4.34818E-03, 5.5830E-04
-2.22057E-08, 1.825111E-02, -4.98049E-03, 8.1122E-04
-2.21994E-08, 1.667033E-02, -5.61281E-03, 8.5338E-04
-2.21932E-08, 1.508955E-02, -6.24512E-03, 1.02199E-03
-2.21869E-08, 1.403569E-02, -6.87743E-03, 1.10630E-03
-2.21807E-08, 1.350876E-02, -7.40436E-03, 1.27492E-03
-2.21744E-08, 1.192798E-02, -7.93129E-03, 1.44353E-03
-2.21682E-08, 1.087412E-02, -8.45822E-03, 1.61215E-03
-2.21619E-08, 1.087412E-02, -8.56360E-03, 1.69646E-03
-2.21557E-08, 1.034720E-02, -9.19592E-03, 1.73861E-03
-2.21494E-08, 9.82027E-03, -9.40669E-03, 1.86508E-03
-2.21432E-08, 9.82027E-03, -9.61746E-03, 1.99154E-03
-2.21369E-08, 1.087412E-02, -9.93362E-03, 2.03369E-03
-2.21307E-08, 1.087412E-02, -1.003900E-02, 2.16016E-03
-2.21244E-08, 1.140105E-02, -1.024977E-02, 2.28662E-03
-2.21182E-08, 1.192798E-02, -1.035516E-02, 2.28662E-03
-2.21119E-08, 1.350876E-02, -1.067131E-02, 2.28662E-03
-2.21057E-08, 1.456262E-02, -1.088209E-02, 2.32877E-03
-2.20994E-08, 1.508955E-02, -1.088209E-02, 2.32877E-03
-2.20932E-08, 1.719726E-02, -1.109286E-02, 2.32877E-03
-2.20869E-08, 1.825111E-02, -1.109286E-02, 2.37093E-03
-2.20807E-08, 1.877804E-02, -1.140901E-02, 2.37093E-03
-2.20744E-08, 1.930497E-02, -1.161978E-02, 2.37093E-03
-2.20682E-08, 2.035883E-02, -1.161978E-02, 2.37093E-03
-2.20619E-08, 2.141268E-02, -1.204133E-02, 2.45524E-03
-2.20557E-08, 2.246654E-02, -1.214671E-02, 2.37093E-03
-2.20494E-08, 2.299346E-02, -1.246287E-02, 2.32877E-03
-2.20432E-08, 2.299346E-02, -1.246287E-02, 2.28662E-03
-2.20369E-08, 2.246654E-02, -1.267364E-02, 2.24446E-03
-2.20307E-08, 2.404732E-02, -1.288441E-02, 2.28662E-03
-2.20244E-08, 2.299346E-02, -1.298980E-02, 2.20231E-03
-2.20182E-08, 2.299346E-02, -1.309518E-02, 2.16016E-03
-2.20119E-08, 2.352039E-02, -1.309518E-02, 2.11800E-03
-2.20057E-08, 2.193961E-02, -1.309518E-02, 2.11800E-03
-2.19994E-08, 2.141268E-02, -1.320057E-02, 2.07585E-03
-2.19932E-08, 2.088575E-02, -1.298980E-02, 2.07585E-03
-2.19869E-08, 1.930497E-02, -1.277903E-02, 1.99154E-03
-2.19807E-08, 1.825111E-02, -1.256825E-02, 1.90723E-03
-2.19744E-08, 1.719726E-02, -1.235748E-02, 1.86508E-03
-2.19682E-08, 1.561647E-02, -1.183056E-02, 1.86508E-03
-2.19619E-08, 1.403569E-02, -1.161978E-02, 1.73861E-03
-2.19557E-08, 1.298183E-02, -1.088209E-02, 1.73861E-03
-2.19494E-08, 1.298183E-02, -1.024977E-02, 1.65431E-03
-2.19432E-08, 1.192798E-02, -9.51207E-03, 1.65431E-03
-2.19369E-08, 1.245491E-02, -8.87976E-03, 1.57000E-03
-2.19307E-08, 1.140105E-02, -8.24745E-03, 1.52784E-03
-2.19244E-08, 1.034720E-02, -7.40436E-03, 1.44353E-03
-2.19182E-08, 1.087412E-02, -6.56128E-03, 1.52784E-03
-2.19119E-08, 1.192798E-02, -5.92896E-03, 1.40138E-03
-2.19057E-08, 1.140105E-02, -4.98049E-03, 1.48569E-03
-2.18994E-08, 1.245491E-02, -4.45356E-03, 1.44353E-03
-2.18932E-08, 1.350876E-02, -3.71587E-03, 1.48569E-03
-2.18869E-08, 1.456262E-02, -3.08355E-03, 1.52784E-03
-2.18807E-08, 1.508955E-02, -2.45124E-03, 1.61215E-03
-2.18744E-08, 1.561647E-02, -2.13508E-03, 1.69646E-03
-2.18682E-08, 1.719726E-02, -1.71354E-03, 1.82292E-03
-2.18619E-08, 1.772419E-02, -1.50277E-03, 1.90723E-03
-2.18557E-08, 1.825111E-02, -1.18661E-03, 1.99154E-03
-2.18494E-08, 2.035883E-02, -1.08123E-03, 2.20231E-03
-2.18432E-08, 2.035883E-02, -1.08123E-03, 2.37093E-03
-2.18369E-08, 2.088575E-02, -1.18661E-03, 2.58170E-03
-2.18307E-08, 2.088575E-02, -1.71354E-03, 2.75032E-03
-2.18244E-08, 2.088575E-02, -1.92431E-03, 3.08755E-03
-2.18182E-08, 2.141268E-02, -2.24047E-03, 3.34047E-03
-2.18119E-08, 2.088575E-02, -2.76740E-03, 3.50909E-03
-2.18057E-08, 2.035883E-02, -3.39971E-03, 3.84633E-03
-2.17994E-08, 1.983190E-02, -4.13741E-03, 4.09925E-03
-2.17932E-08, 1.877804E-02, -4.76972E-03, 4.35218E-03
-2.17869E-08, 1.772419E-02, -5.40204E-03, 4.64726E-03
-2.17807E-08, 1.614340E-02, -6.35051E-03, 4.85803E-03
-2.17744E-08, 1.298183E-02, -6.87743E-03, 5.15311E-03
-2.17682E-08, 1.140105E-02, -7.61513E-03, 5.32172E-03
-2.17619E-08, 9.82027E-03, -8.14206E-03, 5.53249E-03
-2.17557E-08, 7.18563E-03, -8.87976E-03, 5.70111E-03
-2.17494E-08, 5.60485E-03, -9.30130E-03, 5.78542E-03
-2.17432E-08, 2.97021E-03, -9.61746E-03, 5.99619E-03
-2.17369E-08, 1.38942E-03, -9.93362E-03, 6.03834E-03
-2.17307E-08, -1.77215E-03, -1.035516E-02, 6.08050E-03
-2.17244E-08, -3.87986E-03, -1.035516E-02, 6.12265E-03
-2.17182E-08, -5.46064E-03, -1.046054E-02, 5.99619E-03
-2.17119E-08, -6.51450E-03, -1.014439E-02, 5.86973E-03
-2.17057E-08, -9.14914E-03, -1.003900E-02, 5.74327E-03
-2.16994E-08, -9.67606E-03, -9.72284E-03, 5.57465E-03
-2.16932E-08, -1.125685E-02, -8.98515E-03, 5.36388E-03
-2.16869E-08, -1.125685E-02, -8.35283E-03, 5.19526E-03
-2.16807E-08, -1.178377E-02, -7.93129E-03, 4.81587E-03
-2.16744E-08, -1.178377E-02, -6.87743E-03, 4.43648E-03
-2.16682E-08, -1.231070E-02, -6.35051E-03, 4.22571E-03
-2.16619E-08, -1.125685E-02, -5.50742E-03, 3.80417E-03
-2.16557E-08, -1.072992E-02, -4.45356E-03, 3.42478E-03
-2.16494E-08, -9.67606E-03, -3.61048E-03, 3.04540E-03
-2.16432E-08, -8.62221E-03, -2.66201E-03, 2.66601E-03
-2.16369E-08, -7.04142E-03, -1.71354E-03, 2.28662E-03
-2.16307E-08, -4.93371E-03, -9.7584E-04, 1.94939E-03
-2.16244E-08, -3.87986E-03, -2.737E-05, 1.57000E-03
-2.16182E-08, -1.77215E-03, 6.0494E-04, 1.35923E-03
-2.16119E-08, -7.1829E-04, 1.44803E-03, 9.7984E-04
-2.16057E-08, 1.38942E-03, 2.18573E-03, 8.1122E-04
-2.15994E-08, 2.97021E-03, 2.60727E-03, 6.4260E-04
-2.15932E-08, 4.55099E-03, 3.13420E-03, 3.4752E-04
-2.15869E-08, 6.65870E-03, 3.45035E-03, 3.0537E-04
-2.15807E-08, 7.18563E-03, 3.76651E-03, 2.2106E-04
-2.15744E-08, 9.82027E-03, 4.08267E-03, 1.7891E-04
-2.15682E-08, 1.087412E-02, 4.08267E-03, 3.0537E-04
-2.15619E-08, 1.034720E-02, 3.97728E-03, 3.4752E-04
-2.15557E-08, 1.192798E-02, 3.87190E-03, 3.8968E-04
-2.15494E-08, 1.298183E-02, 3.76651E-03, 6.0045E-04
-2.15432E-08, 1.350876E-02, 3.76651E-03, 8.1122E-04
-2.15369E-08, 1.456262E-02, 3.34497E-03, 1.10630E-03
-2.15307E-08, 1.403569E-02, 3.02881E-03, 1.40138E-03
-2.15244E-08, 1.508955E-02, 2.60727E-03, 1.73861E-03
-2.15182E-08, 1.456262E-02, 2.29111E-03, 1.94939E-03
-2.15119E-08, 1.508955E-02, 1.76418E-03, 2.32877E-03
-2.15057E-08, 1.456262E-02, 1.34264E-03, 2.75032E-03
-2.14994E-08, 1.456262E-02, 1.02648E-03, 3.08755E-03
-2.14932E-08, 1.456262E-02, 8.1571E-04, 3.50909E-03
-2.14869E-08, 1.350876E-02, 1.8340E-04, 3.71986E-03
-2.14807E-08, 1.350876E-02, -1.3276E-04, 4.09925E-03
-2.14744E-08, 1.350876E-02, -3.4353E-04, 4.31002E-03
-2.14682E-08, 1.403569E-02, -7.6507E-04, 4.52079E-03
-2.14619E-08, 1.245491E-02, -9.7584E-04, 4.77372E-03
-2.14557E-08, 1.298183E-02, -1.29200E-03, 4.98449E-03
-2.14494E-08, 1.350876E-02, -1.39738E-03, 5.06880E-03
-2.14432E-08, 1.298183E-02, -1.50277E-03, 5.19526E-03
-2.14369E-08, 1.403569E-02, -1.60815E-03, 5.11095E-03
-2.14307E-08, 1.350876E-02, -1.71354E-03, 5.15311E-03
-2.14244E-08, 1.245491E-02, -1.92431E-03, 5.11095E-03
-2.14182E-08, 1.350876E-02, -2.13508E-03, 4.90018E-03
-2.14119E-08, 1.403569E-02, -1.81893E-03, 4.73156E-03
-2.14057E-08, 1.192798E-02, -1.92431E-03, 4.47864E-03
-2.13994E-08, 1.245491E-02, -2.02970E-03, 4.26787E-03
-2.13932E-08, 1.192798E-02, -1.81893E-03, 3.93063E-03
-2.13869E-08, 1.245491E-02, -1.92431E-03, 3.46694E-03
-2.13807E-08, 1.087412E-02, -1.92431E-03, 3.12970E-03
-2.13744E-08, 1.034720E-02, -1.81893E-03, 2.70816E-03
-2.13682E-08, 8.23948E-03, -1.81893E-03, 2.24446E-03
-2.13619E-08, 7.71256E-03, -1.71354E-03, 1.90723E-03
-2.13557E-08, 7.18563E-03, -1.71354E-03, 1.44353E-03
-2.13494E-08, 5.60485E-03, -1.60815E-03, 1.02199E-03
-2.13432E-08, 4.02406E-03, -1.71354E-03, 5.5830E-04
-2.13369E-08, 2.44328E-03, -1.50277E-03, 2.2106E-04
-2.13307E-08, 8.6249E-04, -1.50277E-03, -1.1617E-04
-2.13244E-08, 3.3557E-04, -1.60815E-03, -4.5341E-04
-2.13182E-08, -7.1829E-04, -1.29200E-03, -7.0633E-04
-2.13119E-08, -1.24522E-03, -1.39738E-03, -1.00141E-03
-2.13057E-08, -3.35293E-03, -1.18661E-03, -1.21218E-03
-2.12994E-08, -3.35293E-03, -1.18661E-03, -1.38080E-03
-2.12932E-08, -3.35293E-03, -1.08123E-03, -1.42295E-03
-2.12869E-08, -3.35293E-03, -8.7046E-04, -1.50726E-03
-2.12807E-08, -3.87986E-03, -8.7046E-04, -1.42295E-03
-2.12744E-08, -2.82600E-03, -7.6507E-04, -1.38080E-03
-2.12682E-08, -2.82600E-03, -8.7046E-04, -1.29649E-03
-2.12619E-08, -7.1829E-04, -6.5968E-04, -1.00141E-03
-2.12557E-08, 3.3557E-04, -6.5968E-04, -7.9064E-04
-2.12494E-08, 1.91635E-03, -3.4353E-04, -5.7987E-04
-2.12432E-08, 4.02406E-03, -5.5430E-04, -2.8479E-04
-2.12369E-08, 6.13177E-03, -3.4353E-04, 9.460E-05
-2.12307E-08, 8.76641E-03, -4.4891E-04, 5.5830E-04
-2.12244E-08, 1.087412E-02, -4.4891E-04, 9.3768E-04
-2.12182E-08, 1.456262E-02, -4.4891E-04, 1.35923E-03
-2.12119E-08, 1.877804E-02, -4.4891E-04, 1.78077E-03
-2.12057E-08, 2.088575E-02, -5.5430E-04, 2.24446E-03
-2.11994E-08, 2.457425E-02, -8.7046E-04, 2.66601E-03
-2.11932E-08, 2.773582E-02, -1.18661E-03, 3.17186E-03
-2.11869E-08, 3.142431E-02, -1.18661E-03, 3.55125E-03
-2.11807E-08, 3.353202E-02, -1.60815E-03, 3.97279E-03
-2.11744E-08, 3.722052E-02, -1.71354E-03, 4.35218E-03
-2.11682E-08, 3.827437E-02, -2.45124E-03, 4.68941E-03
-2.11619E-08, 4.143594E-02, -2.55662E-03, 5.02664E-03
-2.11557E-08, 4.301672E-02, -3.18894E-03, 5.27957E-03
-2.11494E-08, 4.512443E-02, -3.61048E-03, 5.44819E-03
-2.11432E-08, 4.617829E-02, -3.92664E-03, 5.70111E-03
-2.11369E-08, 4.723215E-02, -4.76972E-03, 5.70111E-03
-2.11307E-08, 4.723215E-02, -5.40204E-03, 5.78542E-03
-2.11244E-08, 4.723215E-02, -5.82358E-03, 5.78542E-03
-2.11182E-08, 4.723215E-02, -6.56128E-03, 5.78542E-03
-2.11119E-08, 4.723215E-02, -6.98282E-03, 5.61680E-03
-2.11057E-08, 4.512443E-02, -7.72052E-03, 5.53249E-03
-2.10994E-08, 4.407058E-02, -8.45822E-03, 5.32172E-03
-2.10932E-08, 4.143594E-02, -8.77437E-03, 5.02664E-03
-2.10869E-08, 4.038208E-02, -9.19592E-03, 4.77372E-03
-2.10807E-08, 3.774745E-02, -9.72284E-03, 4.47864E-03
-2.10744E-08, 3.563973E-02, -1.024977E-02, 4.14140E-03
-2.10682E-08, 3.247816E-02, -1.046054E-02, 3.76202E-03
-2.10619E-08, 3.089738E-02, -1.098747E-02, 3.29832E-03
-2.10557E-08, 2.773582E-02, -1.119824E-02, 2.96109E-03
-2.10494E-08, 2.562810E-02, -1.130363E-02, 2.49739E-03
-2.10432E-08, 2.246654E-02, -1.130363E-02, 2.11800E-03
-2.10369E-08, 2.035883E-02, -1.119824E-02, 1.65431E-03
-2.10307E-08, 1.825111E-02, -1.130363E-02, 1.27492E-03
-2.10244E-08, 1.614340E-02, -1.119824E-02, 8.5338E-04
-2.10182E-08, 1.456262E-02, -1.098747E-02, 4.7399E-04
-2.10119E-08, 1.245491E-02, -1.035516E-02, 5.244E-05
-2.10057E-08, 1.034720E-02, -1.014439E-02, -1.5833E-04
-2.09994E-08, 8.76641E-03, -9.72284E-03, -5.3771E-04
-2.09932E-08, 7.71256E-03, -9.19592E-03, -7.9064E-04
-2.09869E-08, 7.18563E-03, -8.66899E-03, -1.04357E-03
-2.09807E-08, 6.13177E-03, -8.03667E-03, -1.33864E-03
-2.09744E-08, 5.60485E-03, -7.08820E-03, -1.46511E-03
-2.09682E-08, 4.55099E-03, -6.56128E-03, -1.50726E-03
-2.09619E-08, 4.55099E-03, -5.71819E-03, -1.59157E-03
-2.09557E-08, 4.02406E-03, -5.08588E-03, -1.63372E-03
-2.09494E-08, 4.55099E-03, -4.34818E-03, -1.71803E-03
-2.09432E-08, 3.49713E-03, -3.39971E-03, -1.63372E-03
-2.09369E-08, 2.44328E-03, -2.55662E-03, -1.63372E-03
-2.09307E-08, 2.44328E-03, -1.71354E-03, -1.54942E-03
-2.09244E-08, 2.44328E-03, -9.7584E-04, -1.46511E-03
-2.09182E-08, 1.91635E-03, -3.4353E-04, -1.29649E-03
-2.09119E-08, 1.38942E-03, 6.0494E-04, -1.25434E-03
-2.09057E-08, 8.6249E-04, 1.44803E-03, -9.5926E-04
-2.08994E-08, -7.1829E-04, 1.97495E-03, -8.7495E-04
-2.08932E-08, -1.24522E-03, 2.81804E-03, -7.4849E-04
-2.08869E-08, -1.77215E-03, 3.34497E-03, -5.7987E-04
-2.08807E-08, -3.87986E-03, 3.97728E-03, -4.1125E-04
-2.08744E-08, -5.46064E-03, 4.50421E-03, -2.8479E-04
-2.08682E-08, -6.51450E-03, 5.03114E-03, -7.402E-05
-2.08619E-08, -8.09528E-03, 5.45268E-03, 1.3675E-04
-2.08557E-08, -1.020299E-02, 5.76884E-03, 2.6322E-04
-2.08494E-08, -1.072992E-02, 6.40115E-03, 3.0537E-04
-2.08432E-08, -1.283763E-02, 6.40115E-03, 5.1614E-04
-2.08369E-08, -1.389149E-02, 6.50653E-03, 5.5830E-04
-2.08307E-08, -1.599920E-02, 6.50653E-03, 6.8476E-04
-2.08244E-08, -1.757998E-02, 6.92808E-03, 7.2691E-04
-2.08182E-08, -1.968769E-02, 6.61192E-03, 7.6907E-04
-2.08119E-08, -2.021462E-02, 6.50653E-03, 7.6907E-04
-2.08057E-08, -2.232233E-02, 6.08499E-03, 7.6907E-04
-2.07994E-08, -2.337619E-02, 5.97961E-03, 8.1122E-04
-2.07932E-08, -2.443004E-02, 5.34729E-03, 7.2691E-04
-2.07869E-08, -2.601083E-02, 5.03114E-03, 6.8476E-04
-2.07807E-08, -2.653776E-02, 4.39882E-03, 6.8476E-04
-2.07744E-08, -2.759161E-02, 3.66112E-03, 7.2691E-04
-2.07682E-08, -2.864547E-02, 2.92343E-03, 6.4260E-04
-2.07619E-08, -2.969932E-02, 1.97495E-03, 6.0045E-04
-2.07557E-08, -2.969932E-02, 1.02648E-03, 5.1614E-04
-2.07494E-08, -3.022625E-02, 1.8340E-04, 3.4752E-04
-2.07432E-08, -3.022625E-02, -8.7046E-04, 3.0537E-04
-2.07369E-08, -3.075318E-02, -1.92431E-03, 1.7891E-04
-2.07307E-08, -3.075318E-02, -2.87278E-03, 1.7891E-04
-2.07244E-08, -3.075318E-02, -4.13741E-03, 9.460E-05
-2.07182E-08, -3.075318E-02, -5.40204E-03, 1.029E-05
-2.07119E-08, -3.075318E-02, -6.45589E-03, -1.1617E-04
-2.07057E-08, -3.180704E-02, -7.50975E-03, -1.5833E-04
-2.06994E-08, -3.075318E-02, -8.45822E-03, -1.5833E-04
-2.06932E-08, -3.128011E-02, -9.61746E-03, -2.8479E-04
-2.06869E-08, -3.075318E-02, -1.035516E-02, -3.6910E-04
-2.06807E-08, -3.022625E-02, -1.119824E-02, -3.2694E-04
-2.06744E-08, -3.075318E-02, -1.214671E-02, -4.9556E-04
-2.06682E-08, -3.022625E-02, -1.277903E-02, -5.3771E-04
-2.06619E-08, -3.022625E-02, -1.330595E-02, -5.3771E-04
-2.06557E-08, -2.969932E-02, -1.372750E-02, -5.7987E-04
-2.06494E-08, -2.969932E-02, -1.393827E-02, -7.0633E-04
-2.06432E-08, -3.022625E-02, -1.414904E-02, -7.9064E-04
-2.06369E-08, -2.917239E-02, -1.404365E-02, -7.9064E-04
-2.06307E-08, -2.864547E-02, -1.393827E-02, -7.4849E-04
-2.06244E-08, -2.864547E-02, -1.372750E-02, -8.3279E-04
-2.06182E-08, -2.811854E-02, -1.320057E-02, -8.3279E-04
-2.06119E-08, -2.706468E-02, -1.267364E-02, -9.1710E-04
-2.06057E-08, -2.706468E-02, -1.204133E-02, -9.5926E-04
-2.05994E-08, -2.653776E-02, -1.109286E-02, -9.5926E-04
-2.05932E-08, -2.548390E-02, -1.035516E-02, -1.00141E-03
-2.05869E-08, -2.548390E-02, -9.30130E-03, -1.12787E-03
-2.05807E-08, -2.443004E-02, -8.35283E-03, -1.12787E-03
-2.05744E-08, -2.390312E-02, -7.29898E-03, -1.21218E-03
-2.05682E-08, -2.337619E-02, -6.35051E-03, -1.17003E-03
-2.05619E-08, -2.232233E-02, -5.08588E-03, -1.29649E-03
-2.05557E-08, -2.126848E-02, -4.13741E-03, -1.25434E-03
-2.05494E-08, -2.021462E-02, -2.76740E-03, -1.29649E-03
-2.05432E-08, -1.968769E-02, -1.92431E-03, -1.38080E-03
-2.05369E-08, -1.863384E-02, -9.7584E-04, -1.38080E-03
-2.05307E-08, -1.757998E-02, -2.3814E-04, -1.50726E-03
-2.05244E-08, -1.705305E-02, 7.1033E-04, -1.50726E-03
-2.05182E-08, -1.599920E-02, 1.23726E-03, -1.54942E-03
-2.05119E-08, -1.494534E-02, 1.86957E-03, -1.63372E-03
-2.05057E-08, -1.494534E-02, 1.97495E-03, -1.63372E-03
-2.04994E-08, -1.283763E-02, 2.39650E-03, -1.67588E-03
-2.04932E-08, -1.231070E-02, 2.18573E-03, -1.71803E-03
-2.04869E-08, -1.178377E-02, 2.18573E-03, -1.76019E-03
-2.04807E-08, -1.020299E-02, 1.97495E-03, -1.80234E-03
-2.04744E-08, -9.67606E-03, 1.55341E-03, -1.76019E-03
-2.04682E-08, -8.62221E-03, 1.02648E-03, -1.71803E-03
-2.04619E-08, -8.09528E-03, 2.8879E-04, -1.76019E-03
-2.04557E-08, -7.04142E-03, -7.6507E-04, -1.67588E-03
-2.04494E-08, -6.51450E-03, -1.39738E-03, -1.71803E-03
-2.04432E-08, -5.46064E-03, -2.55662E-03, -1.63372E-03
-2.04369E-08, -4.93371E-03, -3.71587E-03, -1.71803E-03
-2.04307E-08, -3.87986E-03, -4.87511E-03, -1.54942E-03
-2.04244E-08, -2.29907E-03, -5.92896E-03, -1.54942E-03
-2.04182E-08, -7.1829E-04, -7.29898E-03, -1.46511E-03
-2.04119E-08, 8.6249E-04, -8.56360E-03, -1.33864E-03
-2.04057E-08, 1.38942E-03, -9.72284E-03, -1.29649E-03
-2.03994E-08, 2.44328E-03, -1.109286E-02, -1.25434E-03
-2.03932E-08, 2.97021E-03, -1.225210E-02, -1.12787E-03
-2.03869E-08, 5.07792E-03, -1.330595E-02, -1.12787E-03
-2.03807E-08, 6.65870E-03, -1.414904E-02, -9.5926E-04
-2.03744E-08, 7.71256E-03, -1.509751E-02, -8.7495E-04
-2.03682E-08, 8.23948E-03, -1.594059E-02, -7.4849E-04
-2.03619E-08, 9.82027E-03, -1.667829E-02, -7.0633E-04
-2.03557E-08, 1.034720E-02, -1.720522E-02, -6.2202E-04
-2.03494E-08, 1.192798E-02, -1.752138E-02, -5.3771E-04
-2.03432E-08, 1.298183E-02, -1.794292E-02, -5.3771E-04
-2.03369E-08, 1.350876E-02, -1.794292E-02, -4.5341E-04
-2.03307E-08, 1.298183E-02, -1.794292E-02, -4.9556E-04
-2.03244E-08, 1.456262E-02, -1.783753E-02, -3.2694E-04
-2.03182E-08, 1.403569E-02, -1.752138E-02, -3.6910E-04
-2.03119E-08, 1.508955E-02, -1.699445E-02, -4.1125E-04
-2.03057E-08, 1.403569E-02, -1.646752E-02, -4.1125E-04
-2.02994E-08, 1.298183E-02, -1.594059E-02, -4.1125E-04
-2.02932E-08, 1.298183E-02, -1.509751E-02, -4.5341E-04
-2.02869E-08, 1.140105E-02, -1.425442E-02, -5.7987E-04
-2.02807E-08, 1.034720E-02, -1.330595E-02, -5.7987E-04
-2.02744E-08, 8.76641E-03, -1.225210E-02, -6.6418E-04
-2.02682E-08, 6.65870E-03, -1.130363E-02, -6.6418E-04
-2.02619E-08, 5.07792E-03, -1.046054E-02, -7.0633E-04
-2.02557E-08, 2.44328E-03, -8.98515E-03, -8.3279E-04
-2.02494E-08, -1.9136E-04, -7.93129E-03, -9.1710E-04
-2.02432E-08, -2.82600E-03, -6.87743E-03, -8.7495E-04
-2.02369E-08, -5.98757E-03, -5.82358E-03, -1.00141E-03
-2.02307E-08, -8.09528E-03, -4.76972E-03, -9.5926E-04
-2.02244E-08, -1.231070E-02, -3.71587E-03, -1.04357E-03
-2.02182E-08, -1.441841E-02, -2.87278E-03, -1.04357E-03
-2.02119E-08, -1.652613E-02, -1.71354E-03, -1.00141E-03
-2.02057E-08, -2.021462E-02, -9.7584E-04, -9.5926E-04
-2.01994E-08, -2.232233E-02, -2.3814E-04, -7.9064E-04
-2.01932E-08, -2.495697E-02, 4.9956E-04, -7.4849E-04
-2.01869E-08, -2.653776E-02, 1.13187E-03, -6.6418E-04
-2.01807E-08, -2.917239E-02, 1.76418E-03, -5.3771E-04
-2.01744E-08, -3.022625E-02, 2.29111E-03, -3.6910E-04
-2.01682E-08, -3.180704E-02, 2.60727E-03, -2.4263E-04
-2.01619E-08, -3.286089E-02, 3.13420E-03, 5.244E-05
-2.01557E-08, -3.338782E-02, 3.23958E-03, 2.2106E-04
-2.01494E-08, -3.233396E-02, 3.55574E-03, 4.7399E-04
-2.01432E-08, -3.286089E-02, 3.55574E-03, 6.8476E-04
-2.01369E-08, -3.128011E-02, 3.76651E-03, 9.3768E-04
-2.01307E-08, -3.022625E-02, 3.66112E-03, 1.19061E-03
-2.01244E-08, -2.864547E-02, 3.66112E-03, 1.52784E-03
-2.01182E-08, -2.706468E-02, 3.55574E-03, 1.61215E-03
-2.01119E-08, -2.390312E-02, 3.45035E-03, 1.94939E-03
-2.01057E-08, -2.232233E-02, 3.34497E-03, 2.07585E-03
-2.00994E-08, -1.916077E-02, 3.23958E-03, 2.32877E-03
-2.00932E-08, -1.547227E-02, 2.81804E-03, 2.49739E-03
-2.00869E-08, -1.178377E-02, 2.71265E-03, 2.70816E-03
-2.00807E-08, -8.62221E-03, 2.60727E-03, 2.83462E-03
-2.00744E-08, -4.40678E-03, 2.29111E-03, 2.91893E-03
-2.00682E-08, -7.1829E-04, 2.08034E-03, 2.96109E-03
-2.00619E-08, 2.44328E-03, 1.86957E-03, 3.04540E-03
-2.00557E-08, 7.18563E-03, 1.55341E-03, 3.08755E-03
-2.00494E-08, 1.034720E-02, 1.44803E-03, 3.08755E-03
-2.00432E-08, 1.298183E-02, 1.34264E-03, 3.12970E-03
-2.00369E-08, 1.667033E-02, 1.13187E-03, 3.04540E-03
-2.00307E-08, 1.930497E-02, 9.2110E-04, 3.00324E-03
-2.00244E-08, 2.141268E-02, 8.1571E-04, 2.96109E-03
-2.00182E-08, 2.246654E-02, 8.1571E-04, 2.83462E-03
-2.00119E-08, 2.510118E-02, 7.1033E-04, 2.75032E-03
-2.00057E-08, 2.510118E-02, 6.0494E-04, 2.62385E-03
-1.99994E-08, 2.510118E-02, 7.1033E-04, 2.53954E-03
-1.99932E-08, 2.615503E-02, 4.9956E-04, 2.45524E-03
-1.99869E-08, 2.457425E-02, 4.9956E-04, 2.45524E-03
-1.99807E-08, 2.457425E-02, 4.9956E-04, 2.32877E-03
-1.99744E-08, 2.193961E-02, 7.1033E-04, 2.28662E-03
-1.99682E-08, 2.088575E-02, 6.0494E-04, 2.28662E-03
-1.99619E-08, 1.772419E-02, 6.0494E-04, 2.28662E-03
-1.99557E-08, 1.561647E-02, 6.0494E-04, 2.24446E-03
-1.99494E-08, 1.140105E-02, 8.1571E-04, 2.24446E-03
-1.99432E-08, 7.71256E-03, 9.2110E-04, 2.28662E-03
-1.99369E-08, 4.55099E-03, 8.1571E-04, 2.28662E-03
-1.99307E-08, 3.3557E-04, 8.1571E-04, 2.37093E-03
-1.99244E-08, -3.87986E-03, 9.2110E-04, 2.49739E-03
-1.99182E-08, -1.020299E-02, 9.2110E-04, 2.58170E-03
-1.99119E-08, -1.336456E-02, 9.2110E-04, 2.66601E-03
-1.99057E-08, -1.810691E-02, 1.13187E-03, 2.79247E-03
-1.98994E-08, -2.232233E-02, 9.2110E-04, 2.91893E-03
-1.98932E-08, -2.653776E-02, 1.02648E-03, 3.00324E-03
-1.98869E-08, -3.022625E-02, 9.2110E-04, 3.04540E-03
-1.98807E-08, -3.444167E-02, 9.2110E-04, 3.12970E-03
-1.98744E-08, -3.865710E-02, 8.1571E-04, 3.17186E-03
-1.98682E-08, -4.129174E-02, 6.0494E-04, 3.25617E-03
-1.98619E-08, -4.498023E-02, 4.9956E-04, 3.29832E-03
-1.98557E-08, -4.761487E-02, 4.9956E-04, 3.25617E-03
-1.98494E-08, -4.866873E-02, 3.9417E-04, 3.17186E-03
-1.98432E-08, -4.972258E-02, 1.8340E-04, 3.17186E-03
-1.98369E-08, -5.130336E-02, 7.801E-05, 3.00324E-03
-1.98307E-08, -5.235722E-02, -2.737E-05, 2.87678E-03
-1.98244E-08, -5.235722E-02, -2.737E-05, 2.75032E-03
-1.98182E-08, -5.235722E-02, -2.3814E-04, 2.62385E-03
-1.98119E-08, -5.024951E-02, 7.801E-05, 2.28662E-03
-1.98057E-08, -5.024951E-02, -1.3276E-04, 2.16016E-03
-1.97994E-08, -4.814180E-02, -1.3276E-04, 1.78077E-03
-1.97932E-08, -4.656101E-02, -2.737E-05, 1.57000E-03
-1.97869E-08, -4.392638E-02, -1.3276E-04, 1.19061E-03
-1.97807E-08, -4.234559E-02, -1.3276E-04, 8.9553E-04
-1.97744E-08, -3.865710E-02, 7.801E-05, 5.5830E-04
-1.97682E-08, -3.707631E-02, 7.801E-05, 2.2106E-04
-1.97619E-08, -3.444167E-02, 1.8340E-04, -1.1617E-04
-1.97557E-08, -3.128011E-02, 3.9417E-04, -4.1125E-04
-1.97494E-08, -2.706468E-02, 8.1571E-04, -7.0633E-04
-1.97432E-08, -2.443004E-02, 8.1571E-04, -9.5926E-04
-1.97369E-08, -2.179541E-02, 1.13187E-03, -1.25434E-03
-1.97307E-08, -1.968769E-02, 1.02648E-03, -1.46511E-03
-1.97244E-08, -1.652613E-02, 1.34264E-03, -1.67588E-03
-1.97182E-08, -1.389149E-02, 1.44803E-03, -1.76019E-03
-1.97119E-08, -1.020299E-02, 1.76418E-03, -1.92880E-03
-1.97057E-08, -9.14914E-03, 1.97495E-03, -1.88665E-03
-1.96994E-08, -6.51450E-03, 2.08034E-03, -1.97096E-03
-1.96932E-08, -4.40678E-03, 2.18573E-03, -2.05527E-03
-1.96869E-08, -2.82600E-03, 2.50188E-03, -1.97096E-03
-1.96807E-08, -1.77215E-03, 2.39650E-03, -1.92880E-03
-1.96744E-08, -7.1829E-04, 2.50188E-03, -1.71803E-03
-1.96682E-08, -1.9136E-04, 2.71265E-03, -1.59157E-03
-1.96619E-08, 8.6249E-04, 2.60727E-03, -1.33864E-03
-1.96557E-08, 1.38942E-03, 2.71265E-03, -1.17003E-03
-1.96494E-08, 1.91635E-03, 2.50188E-03, -9.1710E-04
-1.96432E-08, 2.97021E-03, 2.39650E-03, -6.2202E-04
-1.96369E-08, 1.91635E-03, 2.39650E-03, -3.2694E-04
-1.96307E-08, 2.44328E-03, 2.08034E-03, 1.029E-05
-1.96244E-08, 1.91635E-03, 1.76418E-03, 3.4752E-04
-1.96182E-08, 1.91635E-03, 1.44803E-03, 6.4260E-04
-1.96119E-08, 2.44328E-03, 1.34264E-03, 9.7984E-04
-1.96057E-08, 1.91635E-03, 9.2110E-04, 1.40138E-03
-1.95994E-08, 1.91635E-03, 6.0494E-04, 1.73861E-03
-1.95932E-08, 2.44328E-03, 4.9956E-04, 1.94939E-03
-1.95869E-08, 2.97021E-03, 7.801E-05, 2.24446E-03
-1.95807E-08, 1.91635E-03, -1.3276E-04, 2.58170E-03
-1.95744E-08, 3.49713E-03, -5.5430E-04, 2.83462E-03
-1.95682E-08, 2.97021E-03, -9.7584E-04, 3.12970E-03
-1.95619E-08, 3.49713E-03, -1.18661E-03, 3.34047E-03
-1.95557E-08, 3.49713E-03, -1.50277E-03, 3.59340E-03
-1.95494E-08, 4.02406E-03, -1.71354E-03, 3.71986E-03
-1.95432E-08, 4.02406E-03, -2.02970E-03, 3.80417E-03
-1.95369E-08, 5.07792E-03, -1.92431E-03, 3.88848E-03
-1.95307E-08, 5.60485E-03, -2.24047E-03, 4.01494E-03
-1.95244E-08, 5.07792E-03, -2.34585E-03, 4.09925E-03
-1.95182E-08, 4.55099E-03, -2.45124E-03, 4.05710E-03
-1.95119E-08, 6.13177E-03, -2.45124E-03, 3.97279E-03
-1.95057E-08, 5.07792E-03, -2.76740E-03, 3.97279E-03
-1.94994E-08, 5.07792E-03, -2.55662E-03, 3.84633E-03
-1.94932E-08, 4.02406E-03, -2.66201E-03, 3.67771E-03
-1.94869E-08, 4.02406E-03, -2.97817E-03, 3.46694E-03
-1.94807E-08, 2.44328E-03, -2.97817E-03, 3.25617E-03
-1.94744E-08, 1.38942E-03, -3.08355E-03, 3.17186E-03
-1.94682E-08, -1.9136E-04, -3.18894E-03, 2.83462E-03
-1.94619E-08, -2.29907E-03, -3.29432E-03, 2.62385E-03
-1.94557E-08, -3.87986E-03, -3.39971E-03, 2.37093E-03
-1.94494E-08, -6.51450E-03, -3.61048E-03, 2.03369E-03
-1.94432E-08, -8.62221E-03, -3.82125E-03, 1.69646E-03
-1.94369E-08, -1.178377E-02, -4.03202E-03, 1.35923E-03
-1.94307E-08, -1.441841E-02, -4.34818E-03, 1.06415E-03
-1.94244E-08, -1.863384E-02, -4.66434E-03, 7.6907E-04
-1.94182E-08, -2.126848E-02, -4.98049E-03, 3.8968E-04
-1.94119E-08, -2.390312E-02, -5.08588E-03, 1.029E-05
-1.94057E-08, -2.864547E-02, -5.82358E-03, -2.8479E-04
-1.93994E-08, -3.233396E-02, -6.03435E-03, -5.7987E-04
-1.93932E-08, -3.654939E-02, -6.35051E-03, -7.9064E-04
-1.93869E-08, -3.918403E-02, -6.56128E-03, -1.17003E-03
-1.93807E-08, -4.287252E-02, -7.08820E-03, -1.38080E-03
-1.93744E-08, -4.603409E-02, -7.29898E-03, -1.71803E-03
-1.93682E-08, -4.919565E-02, -7.50975E-03, -1.84450E-03
-1.93619E-08, -5.130336E-02, -8.03667E-03, -2.05527E-03
-1.93557E-08, -5.393801E-02, -8.14206E-03, -2.22388E-03
-1.93494E-08, -5.551879E-02, -8.14206E-03, -2.26604E-03
-1.93432E-08, -5.815343E-02, -8.35283E-03, -2.43465E-03
-1.93369E-08, -5.920728E-02, -8.35283E-03, -2.43465E-03
-1.93307E-08, -6.184192E-02, -8.03667E-03, -2.56112E-03
-1.93244E-08, -6.184192E-02, -7.72052E-03, -2.51896E-03
-1.93182E-08, -6.236885E-02, -7.40436E-03, -2.43465E-03
-1.93119E-08, -6.184192E-02, -6.98282E-03, -2.43465E-03
-1.93057E-08, -6.289578E-02, -6.56128E-03, -2.26604E-03
-1.92994E-08, -6.236885E-02, -5.82358E-03, -2.18173E-03
-1.92932E-08, -6.131500E-02, -5.08588E-03, -2.05527E-03
-1.92869E-08, -6.026114E-02, -4.34818E-03, -1.88665E-03
-1.92807E-08, -5.815343E-02, -3.39971E-03, -1.67588E-03
-1.92744E-08, -5.709957E-02, -2.34585E-03, -1.46511E-03
-1.92682E-08, -5.446493E-02, -1.39738E-03, -1.25434E-03
-1.92619E-08, -5.288415E-02, -1.3276E-04, -1.08572E-03
-1.92557E-08, -5.183030E-02, 1.02648E-03, -9.1710E-04
-1.92494E-08, -4.866873E-02, 2.08034E-03, -7.0633E-04
-1.92432E-08, -4.708794E-02, 3.45035E-03, -4.5341E-04
-1.92369E-08, -4.392638E-02, 4.71498E-03, -2.8479E-04
-1.92307E-08, -4.234559E-02, 5.76884E-03, -1.1617E-04
-1.92244E-08, -4.023788E-02, 6.92808E-03, 9.460E-05
-1.92182E-08, -3.918403E-02, 8.08732E-03, 2.2106E-04
-1.92119E-08, -3.602246E-02, 9.24656E-03, 3.0537E-04
-1.92057E-08, -3.602246E-02, 1.030042E-02, 3.8968E-04
-1.91994E-08, -3.338782E-02, 1.135427E-02, 4.7399E-04
-1.91932E-08, -3.233396E-02, 1.198658E-02, 4.7399E-04
-1.91869E-08, -3.180704E-02, 1.304044E-02, 4.3183E-04
-1.91807E-08, -3.022625E-02, 1.367275E-02, 3.8968E-04
-1.91744E-08, -2.917239E-02, 1.451584E-02, 3.8968E-04
-1.91682E-08, -2.917239E-02, 1.472661E-02, 3.0537E-04
-1.91619E-08, -2.864547E-02, 1.525354E-02, 1.7891E-04
-1.91557E-08, -2.811854E-02, 1.567508E-02, 5.244E-05
-1.91494E-08, -2.759161E-02, 1.599124E-02, -1.1617E-04
-1.91432E-08, -2.706468E-02, 1.620201E-02, -2.8479E-04
-1.91369E-08, -2.759161E-02, 1.641278E-02, -5.7987E-04
-1.91307E-08, -2.759161E-02, 1.620201E-02, -7.0633E-04
-1.91244E-08, -2.811854E-02, 1.651816E-02, -9.1710E-04
-1.91182E-08, -2.864547E-02, 1.620201E-02, -1.04357E-03
-1.91119E-08, -2.759161E-02, 1.630739E-02, -1.29649E-03
-1.91057E-08, -2.864547E-02, 1.620201E-02, -1.54942E-03
-1.90994E-08, -2.864547E-02, 1.599124E-02, -1.67588E-03
-1.90932E-08, -2.811854E-02, 1.567508E-02, -1.80234E-03
-1.90869E-08, -2.811854E-02, 1.556969E-02, -1.88665E-03
-1.90807E-08, -2.759161E-02, 1.525354E-02, -2.01311E-03
-1.90744E-08, -2.759161E-02, 1.493738E-02, -2.09742E-03
-1.90682E-08, -2.759161E-02, 1.462122E-02, -2.09742E-03
-1.90619E-08, -2.706468E-02, 1.430507E-02, -2.09742E-03
-1.90557E-08, -2.601083E-02, 1.409430E-02, -2.01311E-03
-1.90494E-08, -2.495697E-02, 1.377814E-02, -1.97096E-03
-1.90432E-08, -2.443004E-02, 1.346198E-02, -1.71803E-03
-1.90369E-08, -2.337619E-02, 1.314583E-02, -1.54942E-03
-1.90307E-08, -2.337619E-02, 1.251351E-02, -1.33864E-03
-1.90244E-08, -2.179541E-02, 1.230274E-02, -1.04357E-03
-1.90182E-08, -2.074155E-02, 1.177581E-02, -6.6418E-04
-1.90119E-08, -1.916077E-02, 1.135427E-02, -4.1125E-04
-1.90057E-08, -1.916077E-02, 1.072196E-02, 5.244E-05
-1.89994E-08, -1.810691E-02, 1.008964E-02, 4.3183E-04
-1.89932E-08, -1.652613E-02, 9.24656E-03, 7.6907E-04
-1.89869E-08, -1.652613E-02, 8.71963E-03, 1.19061E-03
-1.89807E-08, -1.547227E-02, 7.98193E-03, 1.69646E-03
-1.89744E-08, -1.599920E-02, 6.92808E-03, 2.03369E-03
-1.89682E-08, -1.652613E-02, 6.29576E-03, 2.45524E-03
-1.89619E-08, -1.652613E-02, 5.13652E-03, 2.91893E-03
-1.89557E-08, -1.705305E-02, 4.08267E-03, 3.25617E-03
-1.89494E-08, -1.652613E-02, 3.02881E-03, 3.50909E-03
-1.89432E-08, -1.757998E-02, 1.97495E-03, 3.93063E-03
-1.89369E-08, -1.757998E-02, 8.1571E-04, 4.14140E-03
-1.89307E-08, -1.968769E-02, -5.5430E-04, 4.22571E-03
-1.89244E-08, -2.074155E-02, -1.60815E-03, 4.43648E-03
-1.89182E-08, -2.179541E-02, -2.66201E-03, 4.56295E-03
-1.89119E-08, -2.232233E-02, -3.82125E-03, 4.56295E-03
-1.89057E-08, -2.495697E-02, -4.98049E-03, 4.52079E-03
-1.88994E-08, -2.548390E-02, -6.13973E-03, 4.35218E-03
-1.88932E-08, -2.706468E-02, -7.08820E-03, 4.22571E-03
-1.88869E-08, -2.811854E-02, -8.14206E-03, 4.05710E-03
-1.88807E-08, -3.022625E-02, -8.66899E-03, 3.76202E-03
-1.88744E-08, -3.022625E-02, -9.51207E-03, 3.46694E-03
-1.88682E-08, -3.233396E-02, -1.003900E-02, 3.00324E-03
-1.88619E-08, -3.444167E-02, -1.056593E-02, 2.53954E-03
-1.88557E-08, -3.444167E-02, -1.098747E-02, 2.07585E-03
-1.88494E-08, -3.391474E-02, -1.109286E-02, 1.57000E-03
-1.88432E-08, -3.444167E-02, -1.109286E-02, 9.7984E-04
-1.88369E-08, -3.444167E-02, -1.088209E-02, 4.3183E-04
-1.88307E-08, -3.391474E-02, -1.077670E-02, -1.1617E-04
-1.88244E-08, -3.286089E-02, -1.003900E-02, -7.0633E-04
-1.88182E-08, -3.286089E-02, -9.61746E-03, -1.21218E-03
-1.88119E-08, -3.128011E-02, -8.87976E-03, -1.76019E-03
-1.88057E-08, -3.022625E-02, -7.93129E-03, -2.35035E-03
-1.87994E-08, -2.811854E-02, -7.08820E-03, -2.89835E-03
-1.87932E-08, -2.706468E-02, -6.03435E-03, -3.31989E-03
-1.87869E-08, -2.443004E-02, -4.98049E-03, -3.82574E-03
-1.87807E-08, -2.284926E-02, -3.92664E-03, -4.24729E-03
-1.87744E-08, -1.916077E-02, -2.76740E-03, -4.58452E-03
-1.87682E-08, -1.810691E-02, -1.60815E-03, -4.92175E-03
-1.87619E-08, -1.547227E-02, -3.4353E-04, -5.21683E-03
-1.87557E-08, -1.336456E-02, 9.2110E-04, -5.42761E-03
-1.87494E-08, -1.178377E-02, 1.97495E-03, -5.72268E-03
-1.87432E-08, -1.020299E-02, 3.02881E-03, -5.80699E-03
-1.87369E-08, -7.04142E-03, 4.08267E-03, -5.89130E-03
-1.87307E-08, -6.51450E-03, 5.13652E-03, -5.93346E-03
-1.87244E-08, -4.93371E-03, 5.87422E-03, -5.93346E-03
-1.87182E-08, -3.35293E-03, 6.71731E-03, -5.84915E-03
-1.87119E-08, -2.29907E-03, 7.13885E-03, -5.84915E-03
-1.87057E-08, -2.82600E-03, 7.56039E-03, -5.68053E-03
-1.86994E-08, -2.29907E-03, 7.98193E-03, -5.55407E-03
-1.86932E-08, -1.77215E-03, 7.98193E-03, -5.46976E-03
-1.86869E-08, -3.35293E-03, 8.19270E-03, -5.30114E-03
-1.86807E-08, -4.40678E-03, 8.08732E-03, -5.00606E-03
-1.86744E-08, -4.93371E-03, 7.98193E-03, -4.79529E-03
-1.86682E-08, -5.98757E-03, 7.66578E-03, -4.58452E-03
-1.86619E-08, -8.09528E-03, 7.34962E-03, -4.16298E-03
-1.86557E-08, -8.62221E-03, 6.71731E-03, -3.99436E-03
-1.86494E-08, -1.072992E-02, 6.29576E-03, -3.74144E-03
-1.86432E-08, -1.283763E-02, 5.66345E-03, -3.48851E-03
-1.86369E-08, -1.547227E-02, 5.03114E-03, -3.15128E-03
-1.86307E-08, -1.652613E-02, 4.29344E-03, -2.85620E-03
-1.86244E-08, -1.810691E-02, 3.34497E-03, -2.64543E-03
-1.86182E-08, -2.021462E-02, 2.60727E-03, -2.26604E-03
-1.86119E-08, -2.126848E-02, 1.97495E-03, -2.05527E-03
-1.86057E-08, -2.284926E-02, 1.44803E-03, -1.71803E-03
-1.85994E-08, -2.443004E-02, 6.0494E-04, -1.33864E-03
-1.85932E-08, -2.495697E-02, -1.3276E-04, -1.12787E-03
-1.85869E-08, -2.495697E-02, -6.5968E-04, -7.9064E-04
-1.85807E-08, -2.548390E-02, -1.08123E-03, -5.3771E-04
-1.85744E-08, -2.495697E-02, -1.50277E-03, -2.4263E-04
-1.85682E-08, -2.390312E-02, -2.02970E-03, 9.460E-05
-1.85619E-08, -2.443004E-02, -2.13508E-03, 3.4752E-04
-1.85557E-08, -2.232233E-02, -2.45124E-03, 7.2691E-04
-1.85494E-08, -2.074155E-02, -2.55662E-03, 9.7984E-04
-1.85432E-08, -1.916077E-02, -2.45124E-03, 1.31707E-03
-1.85369E-08, -1.757998E-02, -2.34585E-03, 1.48569E-03
-1.85307E-08, -1.494534E-02, -2.13508E-03, 1.73861E-03
-1.85244E-08, -1.336456E-02, -1.71354E-03, 1.99154E-03
-1.85182E-08, -1.178377E-02, -1.29200E-03, 2.20231E-03
-1.85119E-08, -8.62221E-03, -8.7046E-04, 2.41308E-03
-1.85057E-08, -7.04142E-03, -4.4891E-04, 2.58170E-03
-1.84994E-08, -4.40678E-03, 2.8879E-04, 2.70816E-03
-1.84932E-08, -2.82600E-03, 7.1033E-04, 2.70816E-03
-1.84869E-08, -1.24522E-03, 1.44803E-03, 2.75032E-03
-1.84807E-08, -1.9136E-04, 2.18573E-03, 2.75032E-03
-1.84744E-08, 8.6249E-04, 2.71265E-03, 2.75032E-03
-1.84682E-08, 1.91635E-03, 3.55574E-03, 2.62385E-03
-1.84619E-08, 1.38942E-03, 4.08267E-03, 2.58170E-03
-1.84557E-08, 2.44328E-03, 4.82037E-03, 2.32877E-03
-1.84494E-08, 2.97021E-03, 5.66345E-03, 2.16016E-03
-1.84432E-08, 1.38942E-03, 6.08499E-03, 1.86508E-03
-1.84369E-08, 8.6249E-04, 6.71731E-03, 1.61215E-03
-1.84307E-08, -1.77215E-03, 7.13885E-03, 1.23276E-03
-1.84244E-08, -3.35293E-03, 7.45500E-03, 9.7984E-04
-1.84182E-08, -5.98757E-03, 7.87655E-03, 6.0045E-04
-1.84119E-08, -5.98757E-03, 8.29809E-03, 1.7891E-04
-1.84057E-08, -1.020299E-02, 8.40348E-03, -2.0048E-04
-1.83994E-08, -1.231070E-02, 8.40348E-03, -4.9556E-04
-1.83932E-08, -1.547227E-02, 8.40348E-03, -9.5926E-04
-1.83869E-08, -1.652613E-02, 8.29809E-03, -1.38080E-03
-1.83807E-08, -1.968769E-02, 8.08732E-03, -1.63372E-03
-1.83744E-08, -2.284926E-02, 7.87655E-03, -1.97096E-03
-1.83682E-08, -2.548390E-02, 7.56039E-03, -2.13958E-03
-1.83619E-08, -2.706468E-02, 7.03346E-03, -2.35035E-03
-1.83557E-08, -2.864547E-02, 6.40115E-03, -2.51896E-03
-1.83494E-08, -3.075318E-02, 5.87422E-03, -2.60327E-03
-1.83432E-08, -3.233396E-02, 5.03114E-03, -2.60327E-03
-1.83369E-08, -3.391474E-02, 4.39882E-03, -2.56112E-03
-1.83307E-08, -3.391474E-02, 3.66112E-03, -2.43465E-03
-1.83244E-08, -3.602246E-02, 2.71265E-03, -2.18173E-03
-1.83182E-08, -3.602246E-02, 1.97495E-03, -1.97096E-03
-1.83119E-08, -3.496860E-02, 1.23726E-03, -1.71803E-03
-1.83057E-08, -3.654939E-02, 1.8340E-04, -1.17003E-03
-1.82994E-08, -3.602246E-02, -8.7046E-04, -7.9064E-04
-1.82932E-08, -3.496860E-02, -1.50277E-03, -2.8479E-04
-1.82869E-08, -3.444167E-02, -2.34585E-03, 1.7891E-04
-1.82807E-08, -3.338782E-02, -3.08355E-03, 7.6907E-04
-1.82744E-08, -3.233396E-02, -3.61048E-03, 1.35923E-03
-1.82682E-08, -3.128011E-02, -4.45356E-03, 2.03369E-03
-1.82619E-08, -3.075318E-02, -4.98049E-03, 2.62385E-03
-1.82557E-08, -2.917239E-02, -5.29665E-03, 3.21401E-03
-1.82494E-08, -2.759161E-02, -5.82358E-03, 3.71986E-03
-1.82432E-08, -2.706468E-02, -6.03435E-03, 4.26787E-03
-1.82369E-08, -2.548390E-02, -6.03435E-03, 4.81587E-03
-1.82307E-08, -2.443004E-02, -6.13973E-03, 5.23741E-03
-1.82244E-08, -2.548390E-02, -5.92896E-03, 5.74327E-03
-1.82182E-08, -2.495697E-02, -6.03435E-03, 5.99619E-03
-1.82119E-08, -2.337619E-02, -5.61281E-03, 6.24912E-03
-1.82057E-08, -2.390312E-02, -5.19126E-03, 6.50204E-03
-1.81994E-08, -2.390312E-02, -4.55895E-03, 6.58635E-03
-1.81932E-08, -2.443004E-02, -4.13741E-03, 6.54420E-03
-1.81869E-08, -2.443004E-02, -3.50509E-03, 6.58635E-03
-1.81807E-08, -2.443004E-02, -2.66201E-03, 6.45989E-03
-1.81744E-08, -2.548390E-02, -2.02970E-03, 6.20696E-03
-1.81682E-08, -2.601083E-02, -1.08123E-03, 5.91188E-03
-1.81619E-08, -2.706468E-02, -4.4891E-04, 5.61680E-03
-1.81557E-08, -2.706468E-02, 4.9956E-04, 5.19526E-03
-1.81494E-08, -2.811854E-02, 1.23726E-03, 4.73156E-03
-1.81432E-08, -2.969932E-02, 2.08034E-03, 4.26787E-03
-1.81369E-08, -2.864547E-02, 3.13420E-03, 3.76202E-03
-1.81307E-08, -2.864547E-02, 3.66112E-03, 3.25617E-03
-1.81244E-08, -2.969932E-02, 4.18805E-03, 2.70816E-03
-1.81182E-08, -3.022625E-02, 4.71498E-03, 2.16016E-03
-1.81119E-08, -2.864547E-02, 5.34729E-03, 1.65431E-03
-1.81057E-08, -2.969932E-02, 5.66345E-03, 1.14845E-03
-1.80994E-08, -2.917239E-02, 6.19038E-03, 7.6907E-04
-1.80932E-08, -2.811854E-02, 6.19038E-03, 2.2106E-04
-1.80869E-08, -2.601083E-02, 6.40115E-03, -1.1617E-04
-1.80807E-08, -2.601083E-02, 6.40115E-03, -4.1125E-04
-1.80744E-08, -2.390312E-02, 6.50653E-03, -7.4849E-04
-1.80682E-08, -2.179541E-02, 6.08499E-03, -9.1710E-04
-1.80619E-08, -2.074155E-02, 5.87422E-03, -1.04357E-03
-1.80557E-08, -1.863384E-02, 5.24191E-03, -1.17003E-03
-1.80494E-08, -1.652613E-02, 5.13652E-03, -1.17003E-03
-1.80432E-08, -1.336456E-02, 4.50421E-03, -1.17003E-03
-1.80369E-08, -1.283763E-02, 4.08267E-03, -1.08572E-03
-1.80307E-08, -1.072992E-02, 3.34497E-03, -9.5926E-04
-1.80244E-08, -8.62221E-03, 2.71265E-03, -7.9064E-04
-1.80182E-08, -6.51450E-03, 2.18573E-03, -5.7987E-04
-1.80119E-08, -4.40678E-03, 1.55341E-03, -3.6910E-04
-1.80057E-08, -3.87986E-03, 7.1033E-04, -3.186E-05
-1.79994E-08, -1.77215E-03, 7.801E-05, 1.7891E-04
-1.79932E-08, -1.24522E-03, -3.4353E-04, 3.8968E-04
-1.79869E-08, 3.3557E-04, -8.7046E-04, 6.4260E-04
-1.79807E-08, -1.9136E-04, -1.71354E-03, 8.9553E-04
-1.79744E-08, 8.6249E-04, -1.92431E-03, 1.10630E-03
-1.79682E-08, -1.9136E-04, -2.34585E-03, 1.27492E-03
-1.79619E-08, -7.1829E-04, -2.66201E-03, 1.44353E-03
-1.79557E-08, -1.77215E-03, -3.08355E-03, 1.52784E-03
-1.79494E-08, -2.82600E-03, -3.18894E-03, 1.52784E-03
-1.79432E-08, -4.40678E-03, -3.61048E-03, 1.57000E-03
-1.79369E-08, -4.40678E-03, -3.50509E-03, 1.48569E-03
-1.79307E-08, -7.04142E-03, -3.71587E-03, 1.52784E-03
-1.79244E-08, -9.14914E-03, -3.71587E-03, 1.44353E-03
-1.79182E-08, -1.178377E-02, -3.82125E-03, 1.31707E-03
-1.79119E-08, -1.231070E-02, -3.50509E-03, 1.19061E-03
-1.79057E-08, -1.547227E-02, -3.71587E-03, 9.7984E-04
-1.78994E-08, -1.705305E-02, -3.29432E-03, 8.5338E-04
-1.78932E-08, -1.968769E-02, -3.50509E-03, 6.8476E-04
-1.78869E-08, -2.126848E-02, -3.08355E-03, 4.3183E-04
-1.78807E-08, -2.284926E-02, -2.87278E-03, 2.2106E-04
-1.78744E-08, -2.390312E-02, -2.87278E-03, 5.244E-05
-1.78682E-08, -2.495697E-02, -2.76740E-03, -1.1617E-04
-1.78619E-08, -2.653776E-02, -2.55662E-03, -2.4263E-04
-1.78557E-08, -2.601083E-02, -2.45124E-03, -3.6910E-04
-1.78494E-08, -2.811854E-02, -2.24047E-03, -4.5341E-04
-1.78432E-08, -2.759161E-02, -2.13508E-03, -4.5341E-04
-1.78369E-08, -2.706468E-02, -2.02970E-03, -4.5341E-04
-1.78307E-08, -2.601083E-02, -2.02970E-03, -3.6910E-04
-1.78244E-08, -2.548390E-02, -1.92431E-03, -2.0048E-04
-1.78182E-08, -2.390312E-02, -1.92431E-03, 1.029E-05
-1.78119E-08, -2.179541E-02, -1.60815E-03, 2.2106E-04
-1.78057E-08, -2.074155E-02, -1.81893E-03, 4.3183E-04
-1.77994E-08, -1.916077E-02, -1.60815E-03, 8.1122E-04
-1.77932E-08, -1.652613E-02, -1.60815E-03, 1.06415E-03
-1.77869E-08, -1.389149E-02, -1.39738E-03, 1.48569E-03
-1.77807E-08, -1.072992E-02, -1.39738E-03, 1.86508E-03
-1.77744E-08, -9.14914E-03, -1.08123E-03, 2.24446E-03
-1.77682E-08, -7.04142E-03, -1.39738E-03, 2.75032E-03
-1.77619E-08, -4.93371E-03, -1.29200E-03, 3.12970E-03
-1.77557E-08, -1.77215E-03, -8.7046E-04, 3.55125E-03
-1.77494E-08, -1.9136E-04, -9.7584E-04, 3.97279E-03
-1.77432E-08, 1.38942E-03, -8.7046E-04, 4.26787E-03
-1.77369E-08, 3.49713E-03, -8.7046E-04, 4.64726E-03
-1.77307E-08, 3.49713E-03, -7.6507E-04, 4.90018E-03
-1.77244E-08, 4.02406E-03, -5.5430E-04, 5.11095E-03
-1.77182E-08, 4.02406E-03, -4.4891E-04, 5.27957E-03
-1.77119E-08, 4.55099E-03, -2.3814E-04, 5.36388E-03
-1.77057E-08, 3.49713E-03, -4.4891E-04, 5.44819E-03
-1.76994E-08, 2.44328E-03, -4.4891E-04, 5.40603E-03
-1.76932E-08, 8.6249E-04, -4.4891E-04, 5.40603E-03
-1.76869E-08, -7.1829E-04, -5.5430E-04, 5.15311E-03
-1.76807E-08, -2.82600E-03, -4.4891E-04, 4.94234E-03
-1.76744E-08, -4.40678E-03, -6.5968E-04, 4.64726E-03
-1.76682E-08, -7.56835E-03, -8.7046E-04, 4.31002E-03
-1.76619E-08, -1.072992E-02, -9.7584E-04, 3.93063E-03
-1.76557E-08, -1.441841E-02, -1.29200E-03, 3.50909E-03
-1.76494E-08, -1.705305E-02, -1.60815E-03, 3.00324E-03
-1.76432E-08, -2.074155E-02, -2.13508E-03, 2.58170E-03
-1.76369E-08, -2.284926E-02, -2.34585E-03, 2.07585E-03
-1.76307E-08, -2.601083E-02, -2.87278E-03, 1.57000E-03
-1.76244E-08, -2.969932E-02, -3.29432E-03, 1.06415E-03
-1.76182E-08, -3.233396E-02, -3.82125E-03, 5.5830E-04
-1.76119E-08, -3.391474E-02, -4.34818E-03, 5.244E-05
-1.76057E-08, -3.602246E-02, -4.66434E-03, -3.2694E-04
-1.75994E-08, -3.813017E-02, -4.98049E-03, -7.0633E-04
-1.75932E-08, -3.971095E-02, -5.61281E-03, -1.04357E-03
-1.75869E-08, -4.129174E-02, -6.03435E-03, -1.38080E-03
-1.75807E-08, -4.129174E-02, -6.45589E-03, -1.59157E-03
-1.75744E-08, -4.234559E-02, -6.98282E-03, -1.80234E-03
-1.75682E-08, -4.181866E-02, -7.08820E-03, -1.84450E-03
-1.75619E-08, -4.181866E-02, -7.40436E-03, -1.88665E-03
-1.75557E-08, -4.076481E-02, -7.50975E-03, -1.84450E-03
-1.75494E-08, -4.023788E-02, -7.61513E-03, -1.76019E-03
-1.75432E-08, -3.865710E-02, -7.61513E-03, -1.54942E-03
-1.75369E-08, -3.654939E-02, -7.61513E-03, -1.42295E-03
-1.75307E-08, -3.444167E-02, -7.50975E-03, -1.12787E-03
-1.75244E-08, -3.233396E-02, -7.19359E-03, -7.4849E-04
-1.75182E-08, -3.128011E-02, -7.08820E-03, -3.2694E-04
-1.75119E-08, -2.811854E-02, -6.66666E-03, -3.186E-05
-1.75057E-08, -2.601083E-02, -6.13973E-03, 4.7399E-04
-1.74994E-08, -2.495697E-02, -5.61281E-03, 8.9553E-04
-1.74932E-08, -2.179541E-02, -5.19126E-03, 1.35923E-03
-1.74869E-08, -2.074155E-02, -4.66434E-03, 1.78077E-03
-1.74807E-08, -1.916077E-02, -4.13741E-03, 2.24446E-03
-1.74744E-08, -1.757998E-02, -3.39971E-03, 2.62385E-03
-1.74682E-08, -1.705305E-02, -2.87278E-03, 3.00324E-03
-1.74619E-08, -1.652613E-02, -2.24047E-03, 3.38263E-03
-1.74557E-08, -1.652613E-02, -1.71354E-03, 3.71986E-03
-1.74494E-08, -1.652613E-02, -1.18661E-03, 4.01494E-03
-1.74432E-08, -1.599920E-02, -5.5430E-04, 4.26787E-03
-1.74369E-08, -1.705305E-02, -1.3276E-04, 4.39433E-03
-1.74307E-08, -1.757998E-02, 7.801E-05, 4.52079E-03
-1.74244E-08, -1.916077E-02, 3.9417E-04, 4.60510E-03
-1.74182E-08, -2.074155E-02, 7.1033E-04, 4.56295E-03
-1.74119E-08, -2.179541E-02, 9.2110E-04, 4.47864E-03
-1.74057E-08, -2.284926E-02, 8.1571E-04, 4.43648E-03
-1.73994E-08, -2.495697E-02, 7.1033E-04, 4.22571E-03
-1.73932E-08, -2.601083E-02, 8.1571E-04, 4.01494E-03
-1.73869E-08, -2.653776E-02, 4.9956E-04, 3.84633E-03
-1.73807E-08, -2.759161E-02, 7.801E-05, 3.59340E-03
-1.73744E-08, -2.759161E-02, -1.3276E-04, 3.21401E-03
-1.73682E-08, -2.864547E-02, -6.5968E-04, 2.96109E-03
-1.73619E-08, -2.864547E-02, -1.08123E-03, 2.62385E-03
-1.73557E-08, -2.864547E-02, -1.81893E-03, 2.32877E-03
-1.73494E-08, -2.653776E-02, -2.34585E-03, 2.07585E-03
-1.73432E-08, -2.548390E-02, -3.08355E-03, 1.78077E-03
-1.73369E-08, -2.284926E-02, -3.71587E-03, 1.52784E-03
-1.73307E-08, -2.179541E-02, -4.45356E-03, 1.35923E-03
-1.73244E-08, -1.863384E-02, -5.29665E-03, 1.10630E-03
-1.73182E-08, -1.494534E-02, -5.92896E-03, 1.02199E-03
-1.73119E-08, -9.67606E-03, -6.56128E-03, 9.3768E-04
-1.73057E-08, -6.51450E-03, -7.19359E-03, 9.3768E-04
-1.72994E-08, -1.77215E-03, -7.82590E-03, 8.9553E-04
-1.72932E-08, 4.02406E-03, -8.45822E-03, 1.06415E-03
-1.72869E-08, 9.82027E-03, -8.66899E-03, 1.23276E-03
-1.72807E-08, 1.403569E-02, -9.40669E-03, 1.40138E-03
-1.72744E-08, 1.930497E-02, -9.51207E-03, 1.65431E-03
-1.72682E-08, 2.457425E-02, -9.82823E-03, 1.94939E-03
-1.72619E-08, 2.878967E-02, -1.014439E-02, 2.32877E-03
-1.72557E-08, 3.353202E-02, -1.014439E-02, 2.66601E-03
-1.72494E-08, 3.880130E-02, -1.014439E-02, 3.12970E-03
-1.72432E-08, 4.248980E-02, -9.82823E-03, 3.55125E-03
-1.72369E-08, 4.617829E-02, -9.82823E-03, 4.05710E-03
-1.72307E-08, 4.986679E-02, -9.51207E-03, 4.52079E-03
-1.72244E-08, 5.197450E-02, -8.98515E-03, 5.02664E-03
-1.72182E-08, 5.302835E-02, -8.45822E-03, 5.49034E-03
-1.72119E-08, 5.566299E-02, -7.72052E-03, 5.91188E-03
-1.72057E-08, 5.566299E-02, -7.08820E-03, 6.33342E-03
-1.71994E-08, 5.566299E-02, -6.56128E-03, 6.71281E-03
-1.71932E-08, 5.618992E-02, -5.71819E-03, 7.05005E-03
-1.71869E-08, 5.460914E-02, -4.87511E-03, 7.26082E-03
-1.71807E-08, 5.355528E-02, -3.92664E-03, 7.51374E-03
-1.71744E-08, 5.092064E-02, -2.76740E-03, 7.64021E-03
-1.71682E-08, 4.828600E-02, -1.81893E-03, 7.72451E-03
-1.71619E-08, 4.670522E-02, -8.7046E-04, 7.72451E-03
-1.71557E-08, 4.301672E-02, 7.801E-05, 7.59805E-03
-1.71494E-08, 3.932823E-02, 1.02648E-03, 7.51374E-03
-1.71432E-08, 3.669359E-02, 2.08034E-03, 7.30297E-03
-1.71369E-08, 3.353202E-02, 3.13420E-03, 7.00789E-03
-1.71307E-08, 3.037046E-02, 3.97728E-03, 6.62850E-03
-1.71244E-08, 2.668196E-02, 5.03114E-03, 6.20696E-03
-1.71182E-08, 2.352039E-02, 5.87422E-03, 5.74327E-03
-1.71119E-08, 2.246654E-02, 6.50653E-03, 5.23741E-03
-1.71057E-08, 1.930497E-02, 7.24423E-03, 4.68941E-03
-1.70994E-08, 1.772419E-02, 7.87655E-03, 4.05710E-03
-1.70932E-08, 1.667033E-02, 8.29809E-03, 3.38263E-03
-1.70869E-08, 1.561647E-02, 8.82502E-03, 2.70816E-03
-1.70807E-08, 1.508955E-02, 9.03579E-03, 2.07585E-03
-1.70744E-08, 1.508955E-02, 9.35195E-03, 1.40138E-03
-1.70682E-08, 1.456262E-02, 9.45733E-03, 7.6907E-04
-1.70619E-08, 1.561647E-02, 9.66810E-03, 1.7891E-04
-1.70557E-08, 1.667033E-02, 9.35195E-03, -5.3771E-04
-1.70494E-08, 1.825111E-02, 9.45733E-03, -1.08572E-03
-1.70432E-08, 1.983190E-02, 9.14117E-03, -1.54942E-03
-1.70369E-08, 2.088575E-02, 8.93040E-03, -2.13958E-03
-1.70307E-08, 2.246654E-02, 8.40348E-03, -2.60327E-03
-1.70244E-08, 2.457425E-02, 8.08732E-03, -2.85620E-03
-1.70182E-08, 2.668196E-02, 7.45500E-03, -3.19343E-03
-1.70119E-08, 2.826274E-02, 6.92808E-03, -3.48851E-03
-1.70057E-08, 2.826274E-02, 6.19038E-03, -3.61497E-03
-1.69994E-08, 2.984353E-02, 5.76884E-03, -3.78359E-03
-1.69932E-08, 3.037046E-02, 4.82037E-03, -3.82574E-03
-1.69869E-08, 2.984353E-02, 4.29344E-03, -3.82574E-03
-1.69807E-08, 2.931660E-02, 3.55574E-03, -3.78359E-03
-1.69744E-08, 2.826274E-02, 2.71265E-03, -3.61497E-03
-1.69682E-08, 2.668196E-02, 1.97495E-03, -3.44636E-03
-1.69619E-08, 2.457425E-02, 1.34264E-03, -3.27774E-03
-1.69557E-08, 2.141268E-02, 4.9956E-04, -3.02481E-03
-1.69494E-08, 1.772419E-02, -2.737E-05, -2.72973E-03
-1.69432E-08, 1.508955E-02, -5.5430E-04, -2.39250E-03
-1.69369E-08, 1.087412E-02, -1.18661E-03, -2.09742E-03
-1.69307E-08, 6.13177E-03, -1.60815E-03, -1.76019E-03
-1.69244E-08, 3.3557E-04, -2.24047E-03, -1.38080E-03
-1.69182E-08, -4.93371E-03, -2.66201E-03, -1.00141E-03
-1.69119E-08, -9.14914E-03, -2.87278E-03, -7.4849E-04
-1.69057E-08, -1.494534E-02, -3.29432E-03, -4.5341E-04
-1.68994E-08, -2.021462E-02, -3.50509E-03, -1.5833E-04
-1.68932E-08, -2.601083E-02, -3.82125E-03, 1.3675E-04
-1.68869E-08, -3.075318E-02, -3.92664E-03, 3.4752E-04
-1.68807E-08, -3.707631E-02, -3.82125E-03, 6.4260E-04
-1.68744E-08, -4.181866E-02, -4.03202E-03, 7.6907E-04
-1.68682E-08, -4.498023E-02, -4.03202E-03, 9.3768E-04
-1.68619E-08, -4.972258E-02, -3.82125E-03, 1.10630E-03
-1.68557E-08, -5.288415E-02, -3.71587E-03, 1.14845E-03
-1.68494E-08, -5.604572E-02, -3.61048E-03, 1.19061E-03
-1.68432E-08, -5.815343E-02, -3.61048E-03, 1.27492E-03
-1.68369E-08, -5.920728E-02, -3.29432E-03, 1.14845E-03
-1.68307E-08, -6.026114E-02, -2.97817E-03, 1.14845E-03
-1.68244E-08, -6.131500E-02, -2.76740E-03, 1.14845E-03
-1.68182E-08, -6.131500E-02, -2.87278E-03, 1.02199E-03
-1.68119E-08, -5.973421E-02, -2.34585E-03, 9.7984E-04
-1.68057E-08, -5.920728E-02, -2.24047E-03, 8.9553E-04
-1.67994E-08, -5.762650E-02, -2.24047E-03, 8.1122E-04
-1.67932E-08, -5.551879E-02, -2.13508E-03, 6.8476E-04
-1.67869E-08, -5.235722E-02, -2.13508E-03, 6.0045E-04
-1.67807E-08, -5.077644E-02, -2.02970E-03, 5.5830E-04
-1.67744E-08, -4.708794E-02, -2.24047E-03, 3.8968E-04
-1.67682E-08, -4.445330E-02, -2.34585E-03, 3.4752E-04
-1.67619E-08, -4.181866E-02, -2.55662E-03, 3.0537E-04
-1.67557E-08, -3.813017E-02, -2.87278E-03, 9.460E-05
-1.67494E-08, -3.496860E-02, -3.18894E-03, 1.3675E-04
-1.67432E-08, -3.286089E-02, -3.39971E-03, 1.3675E-04
-1.67369E-08, -2.969932E-02, -3.92664E-03, 9.460E-05
-1.67307E-08, -2.811854E-02, -4.55895E-03, 5.244E-05
-1.67244E-08, -2.601083E-02, -5.19126E-03, 1.7891E-04
-1.67182E-08, -2.495697E-02, -5.82358E-03, 2.2106E-04
-1.67119E-08, -2.232233E-02, -6.56128E-03, 3.0537E-04
-1.67057E-08, -2.179541E-02, -7.19359E-03, 3.0537E-04
-1.66994E-08, -2.126848E-02, -8.35283E-03, 3.4752E-04
-1.66932E-08, -2.074155E-02, -9.09053E-03, 4.7399E-04
-1.66869E-08, -2.074155E-02, -1.003900E-02, 4.3183E-04
-1.66807E-08, -2.179541E-02, -1.067131E-02, 5.5830E-04
-1.66744E-08, -2.232233E-02, -1.172517E-02, 6.0045E-04
-1.66682E-08, -2.284926E-02, -1.246287E-02, 6.8476E-04
-1.66619E-08, -2.495697E-02, -1.341134E-02, 6.8476E-04
-1.66557E-08, -2.653776E-02, -1.414904E-02, 7.6907E-04
-1.66494E-08, -2.811854E-02, -1.478135E-02, 7.2691E-04
-1.66432E-08, -2.969932E-02, -1.541366E-02, 7.2691E-04
-1.66369E-08, -3.128011E-02, -1.594059E-02, 7.2691E-04
-1.66307E-08, -3.233396E-02, -1.636213E-02, 6.4260E-04
-1.66244E-08, -3.496860E-02, -1.657291E-02, 5.5830E-04
-1.66182E-08, -3.602246E-02, -1.688906E-02, 3.8968E-04
-1.66119E-08, -3.707631E-02, -1.688906E-02, 2.2106E-04
-1.66057E-08, -4.023788E-02, -1.667829E-02, 9.460E-05
-1.65994E-08, -3.971095E-02, -1.657291E-02, -1.1617E-04
-1.65932E-08, -4.129174E-02, -1.594059E-02, -2.8479E-04
-1.65869E-08, -4.076481E-02, -1.541366E-02, -6.2202E-04
-1.65807E-08, -4.076481E-02, -1.488674E-02, -8.3279E-04
-1.65744E-08, -4.129174E-02, -1.393827E-02, -1.08572E-03
-1.65682E-08, -4.023788E-02, -1.298980E-02, -1.33864E-03
-1.65619E-08, -3.971095E-02, -1.204133E-02, -1.67588E-03
-1.65557E-08, -3.865710E-02, -1.088209E-02, -1.97096E-03
-1.65494E-08, -3.707631E-02, -9.40669E-03, -2.30819E-03
-1.65432E-08, -3.444167E-02, -8.24745E-03, -2.56112E-03
-1.65369E-08, -3.233396E-02, -6.66666E-03, -2.85620E-03
-1.65307E-08, -2.969932E-02, -5.29665E-03, -3.10912E-03
-1.65244E-08, -2.653776E-02, -3.71587E-03, -3.31989E-03
-1.65182E-08, -2.390312E-02, -2.24047E-03, -3.44636E-03
-1.65119E-08, -2.021462E-02, -5.5430E-04, -3.69928E-03
-1.65057E-08, -1.705305E-02, 6.0494E-04, -3.86790E-03
-1.64994E-08, -1.283763E-02, 2.08034E-03, -3.95221E-03
-1.64932E-08, -9.67606E-03, 3.23958E-03, -4.07867E-03
-1.64869E-08, -4.93371E-03, 4.71498E-03, -4.16298E-03
-1.64807E-08, -7.1829E-04, 5.55806E-03, -4.20513E-03
-1.64744E-08, 3.49713E-03, 6.71731E-03, -4.20513E-03
-1.64682E-08, 7.71256E-03, 7.45500E-03, -4.07867E-03
-1.64619E-08, 1.245491E-02, 8.08732E-03, -3.99436E-03
-1.64557E-08, 1.614340E-02, 8.82502E-03, -3.86790E-03
-1.64494E-08, 2.035883E-02, 9.14117E-03, -3.74144E-03
-1.64432E-08, 2.510118E-02, 9.45733E-03, -3.48851E-03
-1.64369E-08, 2.878967E-02, 9.45733E-03, -3.31989E-03
-1.64307E-08, 3.195124E-02, 9.35195E-03, -2.98266E-03
-1.64244E-08, 3.563973E-02, 9.14117E-03, -2.77189E-03
-1.64182E-08, 3.932823E-02, 8.61425E-03, -2.43465E-03
-1.64119E-08, 4.301672E-02, 8.40348E-03, -2.13958E-03
-1.64057E-08, 4.512443E-02, 7.77116E-03, -1.76019E-03
-1.63994E-08, 4.670522E-02, 6.92808E-03, -1.46511E-03
-1.63932E-08, 4.933986E-02, 6.08499E-03, -1.08572E-03
-1.63869E-08, 5.144757E-02, 5.24191E-03, -7.9064E-04
-1.63807E-08, 5.355528E-02, 4.08267E-03, -4.5341E-04
-1.63744E-08, 5.408221E-02, 3.34497E-03, -1.5833E-04
-1.63682E-08, 5.460914E-02, 2.29111E-03, 2.2106E-04
-1.63619E-08, 5.566299E-02, 1.23726E-03, 6.0045E-04
-1.63557E-08, 5.460914E-02, 2.8879E-04, 8.1122E-04
-1.63494E-08, 5.513607E-02, -5.5430E-04, 1.02199E-03
-1.63432E-08, 5.355528E-02, -1.39738E-03, 1.31707E-03
-1.63369E-08, 5.250143E-02, -2.02970E-03, 1.48569E-03
-1.63307E-08, 5.144757E-02, -2.66201E-03, 1.61215E-03
-1.63244E-08, 4.986679E-02, -3.29432E-03, 1.82292E-03
-1.63182E-08, 4.775907E-02, -3.71587E-03, 1.82292E-03
-1.63119E-08, 4.565137E-02, -4.03202E-03, 1.82292E-03
-1.63057E-08, 4.248980E-02, -4.34818E-03, 1.90723E-03
-1.62994E-08, 3.932823E-02, -4.13741E-03, 1.90723E-03
-1.62932E-08, 3.774745E-02, -4.24279E-03, 1.82292E-03
-1.62869E-08, 3.405895E-02, -3.82125E-03, 1.69646E-03
-1.62807E-08, 3.089738E-02, -3.39971E-03, 1.65431E-03
-1.62744E-08, 2.826274E-02, -2.76740E-03, 1.44353E-03
-1.62682E-08, 2.510118E-02, -2.24047E-03, 1.27492E-03
-1.62619E-08, 2.193961E-02, -1.50277E-03, 1.10630E-03
-1.62557E-08, 2.035883E-02, -7.6507E-04, 8.9553E-04
-1.62494E-08, 1.667033E-02, 1.8340E-04, 6.4260E-04
-1.62432E-08, 1.403569E-02, 1.13187E-03, 4.3183E-04
-1.62369E-08, 1.192798E-02, 2.29111E-03, 1.3675E-04
-1.62307E-08, 9.29334E-03, 3.13420E-03, -1.1617E-04
-1.62244E-08, 7.71256E-03, 4.50421E-03, -3.6910E-04
-1.62182E-08, 5.60485E-03, 5.34729E-03, -6.2202E-04
-1.62119E-08, 4.02406E-03, 6.61192E-03, -9.1710E-04
-1.62057E-08, 2.44328E-03, 7.56039E-03, -1.12787E-03
-1.61994E-08, 1.38942E-03, 8.40348E-03, -1.33864E-03
-1.61932E-08, 3.3557E-04, 9.14117E-03, -1.59157E-03
-1.61869E-08, 3.3557E-04, 9.87887E-03, -1.76019E-03
-1.61807E-08, -7.1829E-04, 1.061657E-02, -1.92880E-03
-1.61744E-08, -1.77215E-03, 1.114350E-02, -2.09742E-03
-1.61682E-08, -1.24522E-03, 1.145966E-02, -2.18173E-03
-1.61619E-08, -2.29907E-03, 1.177581E-02, -2.26604E-03
-1.61557E-08, -2.82600E-03, 1.167043E-02, -2.35035E-03
-1.61494E-08, -1.77215E-03, 1.156504E-02, -2.35035E-03
-1.61432E-08, -2.29907E-03, 1.124889E-02, -2.35035E-03
-1.61369E-08, -2.82600E-03, 1.093273E-02, -2.30819E-03
-1.61307E-08, -2.82600E-03, 1.019503E-02, -2.22388E-03
-1.61244E-08, -4.40678E-03, 9.66810E-03, -2.09742E-03
-1.61182E-08, -4.93371E-03, 8.71963E-03, -1.88665E-03
-1.61119E-08, -5.98757E-03, 7.87655E-03, -1.80234E-03
-1.61057E-08, -6.51450E-03, 6.71731E-03, -1.59157E-03
-1.60994E-08, -8.62221E-03, 5.55806E-03, -1.38080E-03
-1.60932E-08, -1.072992E-02, 4.39882E-03, -1.12787E-03
-1.60869E-08, -1.231070E-02, 3.13420E-03, -9.1710E-04
-1.60807E-08, -1.389149E-02, 1.65880E-03, -5.7987E-04
-1.60744E-08, -1.599920E-02, 7.1033E-04, -3.2694E-04
-1.60682E-08, -1.810691E-02, -5.5430E-04, -3.186E-05
-1.60619E-08, -2.021462E-02, -1.92431E-03, 2.2106E-04
-1.60557E-08, -2.232233E-02, -2.97817E-03, 3.8968E-04
-1.60494E-08, -2.548390E-02, -4.24279E-03, 6.8476E-04
-1.60432E-08, -2.759161E-02, -5.08588E-03, 8.9553E-04
-1.60369E-08, -2.917239E-02, -5.92896E-03, 1.06415E-03
-1.60307E-08, -3.180704E-02, -6.66666E-03, 1.35923E-03
-1.60244E-08, -3.444167E-02, -7.19359E-03, 1.52784E-03
-1.60182E-08, -3.549553E-02, -7.82590E-03, 1.69646E-03
-1.60119E-08, -3.602246E-02, -8.03667E-03, 1.73861E-03
-1.60057E-08, -3.813017E-02, -8.24745E-03, 1.90723E-03
-1.59994E-08, -3.865710E-02, -8.14206E-03, 1.90723E-03
-1.59932E-08, -4.023788E-02, -8.03667E-03, 1.90723E-03
-1.59869E-08, -3.918403E-02, -7.50975E-03, 1.94939E-03
-1.59807E-08, -3.918403E-02, -6.98282E-03, 1.90723E-03
-1.59744E-08, -3.707631E-02, -6.66666E-03, 1.82292E-03
-1.59682E-08, -3.760324E-02, -5.82358E-03, 1.78077E-03
-1.59619E-08, -3.549553E-02, -4.98049E-03, 1.73861E-03
-1.59557E-08, -3.338782E-02, -3.92664E-03, 1.57000E-03
-1.59494E-08, -3.180704E-02, -2.87278E-03, 1.44353E-03
-1.59432E-08, -2.811854E-02, -2.02970E-03, 1.27492E-03
-1.59369E-08, -2.548390E-02, -7.6507E-04, 1.14845E-03
-1.59307E-08, -2.284926E-02, 1.8340E-04, 9.3768E-04
-1.59244E-08, -1.916077E-02, 1.23726E-03, 8.1122E-04
-1.59182E-08, -1.547227E-02, 2.08034E-03, 6.8476E-04
-1.59119E-08, -1.125685E-02, 3.13420E-03, 5.5830E-04
-1.59057E-08, -8.09528E-03, 3.76651E-03, 4.7399E-04
-1.58994E-08, -3.87986E-03, 4.50421E-03, 3.4752E-04
-1.58932E-08, -7.1829E-04, 4.92575E-03, 1.7891E-04
-1.58869E-08, 2.97021E-03, 5.55806E-03, 9.460E-05
-1.58807E-08, 6.65870E-03, 5.87422E-03, 9.460E-05
-1.58744E-08, 9.82027E-03, 5.76884E-03, 1.3675E-04
-1.58682E-08, 1.192798E-02, 5.66345E-03, 5.244E-05
-1.58619E-08, 1.508955E-02, 5.45268E-03, 1.3675E-04
-1.58557E-08, 1.772419E-02, 5.13652E-03, 2.2106E-04
-1.58494E-08, 1.983190E-02, 4.50421E-03, 3.0537E-04
-1.58432E-08, 2.088575E-02, 3.97728E-03, 4.7399E-04
-1.58369E-08, 2.246654E-02, 3.34497E-03, 5.5830E-04
-1.58307E-08, 2.246654E-02, 2.18573E-03, 7.6907E-04
-1.58244E-08, 2.299346E-02, 1.13187E-03, 9.7984E-04
-1.58182E-08, 2.299346E-02, -2.737E-05, 1.14845E-03
-1.58119E-08, 2.352039E-02, -9.7584E-04, 1.35923E-03
-1.58057E-08, 2.246654E-02, -2.13508E-03, 1.61215E-03
-1.57994E-08, 2.035883E-02, -3.29432E-03, 1.82292E-03
-1.57932E-08, 1.930497E-02, -4.34818E-03, 2.11800E-03
-1.57869E-08, 1.877804E-02, -5.40204E-03, 2.24446E-03
-1.57807E-08, 1.667033E-02, -6.45589E-03, 2.49739E-03
-1.57744E-08, 1.456262E-02, -7.40436E-03, 2.75032E-03
-1.57682E-08, 1.245491E-02, -8.35283E-03, 2.87678E-03
-1.57619E-08, 1.034720E-02, -9.09053E-03, 3.04540E-03
-1.57557E-08, 8.76641E-03, -9.61746E-03, 3.21401E-03
-1.57494E-08, 6.65870E-03, -9.93362E-03, 3.29832E-03
-1.57432E-08, 4.55099E-03, -1.035516E-02, 3.46694E-03
-1.57369E-08, 2.44328E-03, -1.035516E-02, 3.38263E-03
-1.57307E-08, 3.3557E-04, -1.035516E-02, 3.42478E-03
-1.57244E-08, -7.1829E-04, -1.024977E-02, 3.38263E-03
-1.57182E-08, -2.29907E-03, -9.82823E-03, 3.29832E-03
-1.57119E-08, -3.87986E-03, -9.51207E-03, 3.04540E-03
-1.57057E-08, -4.93371E-03, -8.87976E-03, 3.00324E-03
-1.56994E-08, -7.04142E-03, -8.14206E-03, 2.79247E-03
-1.56932E-08, -8.09528E-03, -7.08820E-03, 2.53954E-03
-1.56869E-08, -9.14914E-03, -6.24512E-03, 2.20231E-03
-1.56807E-08, -9.67606E-03, -5.40204E-03, 1.86508E-03
-1.56744E-08, -1.072992E-02, -4.13741E-03, 1.48569E-03
-1.56682E-08, -1.178377E-02, -2.97817E-03, 1.19061E-03
-1.56619E-08, -1.283763E-02, -2.02970E-03, 8.5338E-04
-1.56557E-08, -1.336456E-02, -8.7046E-04, 3.8968E-04
-1.56494E-08, -1.389149E-02, 2.8879E-04, -7.402E-05
-1.56432E-08, -1.547227E-02, 1.34264E-03, -4.9556E-04
-1.56369E-08, -1.652613E-02, 2.29111E-03, -9.5926E-04
-1.56307E-08, -1.757998E-02, 3.23958E-03, -1.42295E-03
-1.56244E-08, -1.916077E-02, 4.08267E-03, -1.80234E-03
-1.56182E-08, -2.126848E-02, 4.92575E-03, -2.18173E-03
-1.56119E-08, -2.179541E-02, 5.66345E-03, -2.60327E-03
-1.56057E-08, -2.443004E-02, 5.97961E-03, -2.98266E-03
-1.55994E-08, -2.601083E-02, 6.50653E-03, -3.27774E-03
-1.55932E-08, -2.811854E-02, 6.82269E-03, -3.65713E-03
-1.55869E-08, -2.917239E-02, 6.92808E-03, -3.95221E-03
-1.55807E-08, -3.233396E-02, 7.03346E-03, -4.16298E-03
-1.55744E-08, -3.444167E-02, 7.34962E-03, -4.33159E-03
-1.55682E-08, -3.654939E-02, 7.03346E-03, -4.45806E-03
-1.55619E-08, -3.813017E-02, 7.03346E-03, -4.54237E-03
-1.55557E-08, -4.076481E-02, 6.92808E-03, -4.62667E-03
-1.55494E-08, -4.339945E-02, 6.61192E-03, -4.62667E-03
-1.55432E-08, -4.445330E-02, 6.29576E-03, -4.45806E-03
-1.55369E-08, -4.603409E-02, 6.08499E-03, -4.37375E-03
-1.55307E-08, -4.866873E-02, 5.55806E-03, -4.24729E-03
-1.55244E-08, -4.919565E-02, 5.34729E-03, -3.95221E-03
-1.55182E-08, -5.130336E-02, 5.03114E-03, -3.65713E-03
-1.55119E-08, -5.183030E-02, 5.03114E-03, -3.40420E-03
-1.55057E-08, -5.235722E-02, 4.50421E-03, -2.94051E-03
-1.54994E-08, -5.235722E-02, 4.39882E-03, -2.68758E-03
-1.54932E-08, -5.288415E-02, 4.08267E-03, -2.18173E-03
-1.54869E-08, -5.235722E-02, 4.18805E-03, -1.71803E-03
-1.54807E-08, -5.235722E-02, 3.87190E-03, -1.29649E-03
-1.54744E-08, -5.077644E-02, 3.97728E-03, -7.9064E-04
-1.54682E-08, -4.972258E-02, 3.97728E-03, -2.4263E-04
-1.54619E-08, -4.814180E-02, 3.97728E-03, 2.2106E-04
-1.54557E-08, -4.708794E-02, 4.08267E-03, 7.6907E-04
-1.54494E-08, -4.498023E-02, 4.39882E-03, 1.23276E-03
-1.54432E-08, -4.287252E-02, 4.29344E-03, 1.78077E-03
-1.54369E-08, -4.023788E-02, 4.60959E-03, 2.28662E-03
-1.54307E-08, -3.760324E-02, 4.71498E-03, 2.70816E-03
-1.54244E-08, -3.549553E-02, 4.92575E-03, 3.04540E-03
-1.54182E-08, -3.233396E-02, 5.13652E-03, 3.46694E-03
-1.54119E-08, -2.864547E-02, 5.45268E-03, 3.76202E-03
-1.54057E-08, -2.548390E-02, 5.55806E-03, 4.09925E-03
-1.53994E-08, -2.337619E-02, 5.66345E-03, 4.31002E-03
-1.53932E-08, -1.863384E-02, 5.76884E-03, 4.64726E-03
-1.53869E-08, -1.547227E-02, 5.66345E-03, 4.73156E-03
-1.53807E-08, -1.231070E-02, 5.66345E-03, 4.81587E-03
-1.53744E-08, -9.14914E-03, 5.55806E-03, 4.81587E-03
-1.53682E-08, -4.40678E-03, 5.34729E-03, 4.85803E-03
-1.53619E-08, -1.24522E-03, 5.45268E-03, 4.81587E-03
-1.53557E-08, 1.38942E-03, 5.13652E-03, 4.81587E-03
-1.53494E-08, 5.60485E-03, 4.82037E-03, 4.64726E-03
-1.53432E-08, 8.76641E-03, 4.39882E-03, 4.52079E-03
-1.53369E-08, 1.298183E-02, 3.87190E-03, 4.31002E-03
-1.53307E-08, 1.561647E-02, 3.55574E-03, 4.14140E-03
-1.53244E-08, 1.877804E-02, 2.92343E-03, 3.93063E-03
-1.53182E-08, 2.246654E-02, 2.29111E-03, 3.71986E-03
-1.53119E-08, 2.615503E-02, 1.55341E-03, 3.38263E-03
-1.53057E-08, 2.826274E-02, 9.2110E-04, 3.12970E-03
-1.52994E-08, 3.195124E-02, 1.8340E-04, 2.91893E-03
-1.52932E-08, 3.458588E-02, -5.5430E-04, 2.58170E-03
-1.52869E-08, 3.669359E-02, -1.08123E-03, 2.41308E-03
-1.52807E-08, 3.985516E-02, -1.92431E-03, 2.11800E-03
-1.52744E-08, 4.196287E-02, -2.66201E-03, 1.99154E-03
-1.52682E-08, 4.407058E-02, -3.39971E-03, 1.78077E-03
-1.52619E-08, 4.459751E-02, -3.92664E-03, 1.69646E-03
-1.52557E-08, 4.617829E-02, -4.76972E-03, 1.52784E-03
-1.52494E-08, 4.670522E-02, -5.19126E-03, 1.44353E-03
-1.52432E-08, 4.617829E-02, -5.71819E-03, 1.44353E-03
-1.52369E-08, 4.670522E-02, -6.35051E-03, 1.35923E-03
-1.52307E-08, 4.565137E-02, -6.77205E-03, 1.44353E-03
-1.52244E-08, 4.407058E-02, -7.29898E-03, 1.48569E-03
-1.52182E-08, 4.143594E-02, -7.61513E-03, 1.61215E-03
-1.52119E-08, 3.932823E-02, -7.50975E-03, 1.65431E-03
-1.52057E-08, 3.458588E-02, -7.93129E-03, 1.90723E-03
-1.51994E-08, 3.089738E-02, -8.03667E-03, 1.94939E-03
-1.51932E-08, 2.720889E-02, -8.14206E-03, 2.11800E-03
-1.51869E-08, 2.193961E-02, -8.14206E-03, 2.32877E-03
-1.51807E-08, 1.614340E-02, -8.24745E-03, 2.53954E-03
-1.51744E-08, 1.087412E-02, -8.03667E-03, 2.70816E-03
-1.51682E-08, 3.49713E-03, -8.14206E-03, 2.87678E-03
-1.51619E-08, -3.87986E-03, -8.14206E-03, 3.08755E-03
-1.51557E-08, -1.125685E-02, -7.82590E-03, 3.25617E-03
-1.51494E-08, -1.916077E-02, -7.61513E-03, 3.38263E-03
-1.51432E-08, -2.706468E-02, -7.50975E-03, 3.55125E-03
-1.51369E-08, -3.444167E-02, -7.19359E-03, 3.71986E-03
-1.51307E-08, -4.287252E-02, -6.98282E-03, 3.80417E-03
-1.51244E-08, -4.972258E-02, -6.98282E-03, 3.84633E-03
-1.51182E-08, -5.815343E-02, -6.77205E-03, 3.97279E-03
-1.51119E-08, -6.447656E-02, -6.66666E-03, 3.88848E-03
-1.51057E-08, -7.132663E-02, -6.66666E-03, 3.88848E-03
-1.50994E-08, -7.817668E-02, -6.35051E-03, 3.84633E-03
-1.50932E-08, -8.291904E-02, -6.24512E-03, 3.71986E-03
-1.50869E-08, -8.713446E-02, -6.13973E-03, 3.59340E-03
-1.50807E-08, -9.134988E-02, -6.35051E-03, 3.50909E-03
-1.50744E-08, -9.398452E-02, -6.24512E-03, 3.29832E-03
-1.50682E-08, -9.609224E-02, -6.35051E-03, 3.21401E-03
-1.50619E-08, -9.714609E-02, -6.35051E-03, 3.00324E-03
-1.50557E-08, -9.714609E-02, -6.66666E-03, 2.83462E-03
-1.50494E-08, -9.661917E-02, -6.66666E-03, 2.62385E-03
-1.50432E-08, -9.503838E-02, -7.08820E-03, 2.32877E-03
-1.50369E-08, -9.134988E-02, -7.19359E-03, 2.20231E-03
-1.50307E-08, -8.713446E-02, -7.50975E-03, 1.99154E-03
-1.50244E-08, -8.344597E-02, -7.93129E-03, 1.82292E-03
-1.50182E-08, -7.817668E-02, -8.35283E-03, 1.57000E-03
-1.50119E-08, -7.132663E-02, -8.56360E-03, 1.40138E-03
-1.50057E-08, -6.553042E-02, -9.30130E-03, 1.31707E-03
-1.49994E-08, -5.709957E-02, -9.61746E-03, 1.19061E-03
-1.49932E-08, -5.024951E-02, -1.003900E-02, 1.02199E-03
-1.49869E-08, -4.234559E-02, -1.046054E-02, 9.3768E-04
-1.49807E-08, -3.496860E-02, -1.109286E-02, 8.5338E-04
-1.49744E-08, -2.653776E-02, -1.140901E-02, 8.1122E-04
-1.49682E-08, -1.863384E-02, -1.193594E-02, 8.1122E-04
-1.49619E-08, -1.072992E-02, -1.256825E-02, 8.5338E-04
-1.49557E-08, -3.35293E-03, -1.298980E-02, 8.1122E-04
-1.49494E-08, 2.97021E-03, -1.351672E-02, 8.1122E-04
-1.49432E-08, 1.034720E-02, -1.393827E-02, 8.5338E-04
-1.49369E-08, 1.667033E-02, -1.425442E-02, 8.9553E-04
-1.49307E-08, 2.141268E-02, -1.467597E-02, 1.06415E-03
-1.49244E-08, 2.562810E-02, -1.530828E-02, 1.10630E-03
-1.49182E-08, 2.931660E-02, -1.572982E-02, 1.19061E-03
-1.49119E-08, 3.300510E-02, -1.594059E-02, 1.27492E-03
-1.49057E-08, 3.458588E-02, -1.615136E-02, 1.40138E-03
-1.48994E-08, 3.616666E-02, -1.646752E-02, 1.48569E-03
-1.48932E-08, 3.774745E-02, -1.688906E-02, 1.52784E-03
-1.48869E-08, 3.774745E-02, -1.709983E-02, 1.61215E-03
-1.48807E-08, 3.827437E-02, -1.720522E-02, 1.73861E-03
-1.48744E-08, 3.616666E-02, -1.741599E-02, 1.78077E-03
-1.48682E-08, 3.458588E-02, -1.752138E-02, 1.90723E-03
-1.48619E-08, 3.247816E-02, -1.762676E-02, 1.99154E-03
-1.48557E-08, 3.089738E-02, -1.741599E-02, 2.03369E-03
-1.48494E-08, 2.773582E-02, -1.741599E-02, 2.03369E-03
-1.48432E-08, 2.562810E-02, -1.752138E-02, 2.03369E-03
-1.48369E-08, 2.299346E-02, -1.741599E-02, 1.90723E-03
-1.48307E-08, 1.983190E-02, -1.720522E-02, 1.99154E-03
-1.48244E-08, 1.667033E-02, -1.699445E-02, 1.90723E-03
-1.48182E-08, 1.456262E-02, -1.688906E-02, 1.82292E-03
-1.48119E-08, 1.192798E-02, -1.657291E-02, 1.69646E-03
-1.48057E-08, 8.76641E-03, -1.615136E-02, 1.73861E-03
-1.47994E-08, 7.18563E-03, -1.594059E-02, 1.52784E-03
-1.47932E-08, 5.07792E-03, -1.541366E-02, 1.35923E-03
-1.47869E-08, 2.44328E-03, -1.499212E-02, 1.27492E-03
-1.47807E-08, -1.9136E-04, -1.467597E-02, 1.14845E-03
-1.47744E-08, -7.1829E-04, -1.414904E-02, 9.3768E-04
-1.47682E-08, -1.77215E-03, -1.341134E-02, 7.2691E-04
-1.47619E-08, -3.87986E-03, -1.309518E-02, 5.5830E-04
-1.47557E-08, -4.93371E-03, -1.235748E-02, 3.4752E-04
-1.47494E-08, -5.46064E-03, -1.161978E-02, 1.7891E-04
-1.47432E-08, -5.98757E-03, -1.098747E-02, 1.029E-05
-1.47369E-08, -8.09528E-03, -1.024977E-02, -2.0048E-04
-1.47307E-08, -9.14914E-03, -9.61746E-03, -4.1125E-04
-1.47244E-08, -1.072992E-02, -8.66899E-03, -6.2202E-04
-1.47182E-08, -1.125685E-02, -7.93129E-03, -7.4849E-04
-1.47119E-08, -1.336456E-02, -7.08820E-03, -9.5926E-04
-1.47057E-08, -1.494534E-02, -6.35051E-03, -1.04357E-03
-1.46994E-08, -1.652613E-02, -5.71819E-03, -1.25434E-03
-1.46932E-08, -1.863384E-02, -4.87511E-03, -1.38080E-03
-1.46869E-08, -2.074155E-02, -3.92664E-03, -1.59157E-03
-1.46807E-08, -2.337619E-02, -3.18894E-03, -1.76019E-03
-1.46744E-08, -2.601083E-02, -2.55662E-03, -1.88665E-03
-1.46682E-08, -2.864547E-02, -1.81893E-03, -1.88665E-03
-1.46619E-08, -3.180704E-02, -1.18661E-03, -2.01311E-03
-1.46557E-08, -3.444167E-02, -5.5430E-04, -2.05527E-03
-1.46494E-08, -3.813017E-02, 7.801E-05, -2.09742E-03
-1.46432E-08, -4.076481E-02, 3.9417E-04, -2.13958E-03
-1.46369E-08, -4.234559E-02, 9.2110E-04, -2.05527E-03
-1.46307E-08, -4.550716E-02, 1.02648E-03, -2.05527E-03
-1.46244E-08, -4.761487E-02, 1.55341E-03, -2.05527E-03
-1.46182E-08, -5.130336E-02, 1.65880E-03, -1.92880E-03
-1.46119E-08, -5.183030E-02, 1.76418E-03, -1.88665E-03
-1.46057E-08, -5.393801E-02, 1.76418E-03, -1.76019E-03
-1.45994E-08, -5.551879E-02, 1.65880E-03, -1.67588E-03
-1.45932E-08, -5.604572E-02, 1.34264E-03, -1.54942E-03
-1.45869E-08, -5.604572E-02, 1.44803E-03, -1.38080E-03
-1.45807E-08, -5.657265E-02, 1.02648E-03, -1.17003E-03
-1.45744E-08, -5.604572E-02, 6.0494E-04, -1.08572E-03
-1.45682E-08, -5.446493E-02, -2.737E-05, -8.3279E-04
-1.45619E-08, -5.288415E-02, -6.5968E-04, -5.7987E-04
-1.45557E-08, -5.183030E-02, -1.18661E-03, -4.5341E-04
-1.45494E-08, -4.919565E-02, -2.13508E-03, -2.8479E-04
-1.45432E-08, -4.814180E-02, -2.66201E-03, -3.186E-05
-1.45369E-08, -4.498023E-02, -3.61048E-03, 9.460E-05
-1.45307E-08, -4.234559E-02, -4.45356E-03, 3.8968E-04
-1.45244E-08, -3.865710E-02, -5.29665E-03, 6.4260E-04
-1.45182E-08, -3.654939E-02, -6.45589E-03, 7.6907E-04
-1.45119E-08, -3.338782E-02, -6.98282E-03, 9.3768E-04
-1.45057E-08, -3.180704E-02, -8.14206E-03, 1.10630E-03
-1.44994E-08, -2.864547E-02, -8.98515E-03, 1.35923E-03
-1.44932E-08, -2.601083E-02, -9.93362E-03, 1.40138E-03
-1.44869E-08, -2.284926E-02, -1.077670E-02, 1.48569E-03
-1.44807E-08, -2.074155E-02, -1.151440E-02, 1.61215E-03
-1.44744E-08, -1.916077E-02, -1.225210E-02, 1.61215E-03
-1.44682E-08, -1.810691E-02, -1.309518E-02, 1.73861E-03
-1.44619E-08, -1.652613E-02, -1.372750E-02, 1.82292E-03
-1.44557E-08, -1.441841E-02, -1.414904E-02, 1.82292E-03
-1.44494E-08, -1.336456E-02, -1.457058E-02, 1.90723E-03
-1.44432E-08, -1.336456E-02, -1.509751E-02, 1.86508E-03
-1.44369E-08, -1.178377E-02, -1.530828E-02, 1.86508E-03
-1.44307E-08, -1.178377E-02, -1.541366E-02, 1.82292E-03
-1.44244E-08, -1.178377E-02, -1.572982E-02, 1.82292E-03
-1.44182E-08, -1.178377E-02, -1.572982E-02, 1.73861E-03
-1.44119E-08, -1.072992E-02, -1.562444E-02, 1.73861E-03
-1.44057E-08, -1.020299E-02, -1.551905E-02, 1.69646E-03
-1.43994E-08, -9.67606E-03, -1.541366E-02, 1.65431E-03
-1.43932E-08, -8.62221E-03, -1.520289E-02, 1.57000E-03
-1.43869E-08, -7.56835E-03, -1.488674E-02, 1.52784E-03
-1.43807E-08, -7.04142E-03, -1.446519E-02, 1.52784E-03
-1.43744E-08, -4.93371E-03, -1.393827E-02, 1.52784E-03
-1.43682E-08, -4.93371E-03, -1.372750E-02, 1.52784E-03
-1.43619E-08, -2.29907E-03, -1.330595E-02, 1.57000E-03
-1.43557E-08, -1.9136E-04, -1.277903E-02, 1.57000E-03
-1.43494E-08, 2.44328E-03, -1.235748E-02, 1.57000E-03
-1.43432E-08, 4.55099E-03, -1.204133E-02, 1.69646E-03
-1.43369E-08, 7.71256E-03, -1.130363E-02, 1.69646E-03
-1.43307E-08, 9.82027E-03, -1.088209E-02, 1.86508E-03
-1.43244E-08, 1.403569E-02, -1.046054E-02, 2.03369E-03
-1.43182E-08, 1.772419E-02, -9.93362E-03, 2.11800E-03
-1.43119E-08, 2.141268E-02, -9.72284E-03, 2.24446E-03
-1.43057E-08, 2.352039E-02, -9.30130E-03, 2.41308E-03
-1.42994E-08, 2.720889E-02, -8.98515E-03, 2.49739E-03
-1.42932E-08, 3.089738E-02, -8.45822E-03, 2.70816E-03
-1.42869E-08, 3.353202E-02, -7.93129E-03, 2.83462E-03
-1.42807E-08, 3.511281E-02, -7.72052E-03, 3.04540E-03
-1.42744E-08, 3.722052E-02, -7.19359E-03, 3.25617E-03
-1.42682E-08, 3.827437E-02, -6.98282E-03, 3.42478E-03
-1.42619E-08, 3.827437E-02, -6.56128E-03, 3.55125E-03
-1.42557E-08, 3.880130E-02, -6.13973E-03, 3.67771E-03
-1.42494E-08, 3.932823E-02, -5.71819E-03, 3.84633E-03
-1.42432E-08, 3.722052E-02, -5.29665E-03, 4.05710E-03
-1.42369E-08, 3.669359E-02, -4.55895E-03, 4.22571E-03
-1.42307E-08, 3.300510E-02, -4.13741E-03, 4.35218E-03
-1.42244E-08, 3.089738E-02, -3.82125E-03, 4.39433E-03
-1.42182E-08, 2.615503E-02, -3.18894E-03, 4.52079E-03
-1.42119E-08, 2.352039E-02, -2.45124E-03, 4.52079E-03
-1.42057E-08, 1.772419E-02, -1.81893E-03, 4.60510E-03
-1.41994E-08, 1.298183E-02, -1.08123E-03, 4.60510E-03
-1.41932E-08, 8.23948E-03, -4.4891E-04, 4.47864E-03
-1.41869E-08, 2.44328E-03, 3.9417E-04, 4.47864E-03
-1.41807E-08, -3.35293E-03, 9.2110E-04, 4.43648E-03
-1.41744E-08, -8.62221E-03, 1.86957E-03, 4.26787E-03
-1.41682E-08, -1.547227E-02, 2.60727E-03, 4.22571E-03
-1.41619E-08, -2.021462E-02, 3.34497E-03, 4.14140E-03
-1.41557E-08, -2.548390E-02, 3.97728E-03, 3.97279E-03
-1.41494E-08, -3.075318E-02, 4.92575E-03, 3.84633E-03
-1.41432E-08, -3.549553E-02, 5.45268E-03, 3.67771E-03
-1.41369E-08, -3.971095E-02, 6.29576E-03, 3.42478E-03
-1.41307E-08, -4.339945E-02, 6.71731E-03, 3.34047E-03
-1.41244E-08, -4.656101E-02, 7.13885E-03, 3.21401E-03
-1.41182E-08, -4.866873E-02, 7.45500E-03, 2.91893E-03
-1.41119E-08, -5.024951E-02, 7.98193E-03, 2.79247E-03
-1.41057E-08, -5.183030E-02, 7.87655E-03, 2.58170E-03
-1.40994E-08, -5.288415E-02, 8.29809E-03, 2.37093E-03
-1.40932E-08, -5.288415E-02, 8.08732E-03, 2.20231E-03
-1.40869E-08, -5.130336E-02, 7.98193E-03, 2.07585E-03
-1.40807E-08, -5.130336E-02, 7.87655E-03, 1.90723E-03
-1.40744E-08, -4.814180E-02, 7.56039E-03, 1.78077E-03
-1.40682E-08, -4.603409E-02, 7.13885E-03, 1.57000E-03
-1.40619E-08, -4.339945E-02, 6.61192E-03, 1.48569E-03
-1.40557E-08, -4.023788E-02, 6.19038E-03, 1.35923E-03
-1.40494E-08, -3.654939E-02, 5.45268E-03, 1.23276E-03
-1.40432E-08, -3.338782E-02, 4.82037E-03, 1.23276E-03
-1.40369E-08, -2.969932E-02, 4.18805E-03, 1.10630E-03
-1.40307E-08, -2.495697E-02, 3.23958E-03, 1.06415E-03
-1.40244E-08, -2.126848E-02, 2.60727E-03, 1.06415E-03
-1.40182E-08, -1.705305E-02, 1.76418E-03, 1.02199E-03
-1.40119E-08, -1.283763E-02, 1.02648E-03, 9.7984E-04
-1.40057E-08, -8.62221E-03, 2.8879E-04, 9.7984E-04
-1.39994E-08, -5.98757E-03, -5.5430E-04, 9.3768E-04
-1.39932E-08, -2.29907E-03, -1.29200E-03, 9.3768E-04
-1.39869E-08, 1.38942E-03, -1.92431E-03, 8.9553E-04
-1.39807E-08, 4.55099E-03, -2.55662E-03, 9.7984E-04
-1.39744E-08, 6.65870E-03, -3.18894E-03, 9.3768E-04
-1.39682E-08, 8.76641E-03, -3.50509E-03, 9.7984E-04
-1.39619E-08, 1.140105E-02, -4.03202E-03, 9.7984E-04
-1.39557E-08, 1.298183E-02, -4.24279E-03, 9.7984E-04
-1.39494E-08, 1.456262E-02, -4.66434E-03, 9.7984E-04
-1.39432E-08, 1.508955E-02, -4.87511E-03, 9.3768E-04
-1.39369E-08, 1.667033E-02, -4.98049E-03, 8.9553E-04
-1.39307E-08, 1.667033E-02, -5.19126E-03, 8.9553E-04
-1.39244E-08, 1.667033E-02, -5.08588E-03, 8.1122E-04
-1.39182E-08, 1.719726E-02, -5.08588E-03, 7.6907E-04
-1.39119E-08, 1.772419E-02, -5.08588E-03, 7.6907E-04
-1.39057E-08, 1.772419E-02, -4.98049E-03, 7.6907E-04
-1.38994E-08, 1.614340E-02, -4.87511E-03, 7.2691E-04
-1.38932E-08, 1.614340E-02, -4.87511E-03, 6.8476E-04
-1.38869E-08, 1.561647E-02, -4.66434E-03, 6.0045E-04
-1.38807E-08, 1.350876E-02, -4.55895E-03, 5.5830E-04
-1.38744E-08, 1.350876E-02, -4.55895E-03, 6.0045E-04
-1.38682E-08, 1.140105E-02, -4.34818E-03, 5.5830E-04
-1.38619E-08, 9.82027E-03, -4.55895E-03, 5.5830E-04
-1.38557E-08, 7.71256E-03, -4.13741E-03, 5.1614E-04
-1.38494E-08, 6.65870E-03, -4.24279E-03, 4.7399E-04
-1.38432E-08, 5.07792E-03, -4.13741E-03, 5.5830E-04
-1.38369E-08, 2.97021E-03, -4.24279E-03, 5.1614E-04
-1.38307E-08, 1.38942E-03, -4.13741E-03, 6.0045E-04
-1.38244E-08, -1.24522E-03, -4.13741E-03, 6.0045E-04
-1.38182E-08, -3.35293E-03, -4.34818E-03, 6.0045E-04
-1.38119E-08, -4.40678E-03, -4.03202E-03, 6.8476E-04
-1.38057E-08, -7.04142E-03, -4.24279E-03, 7.2691E-04
-1.37994E-08, -8.62221E-03, -4.24279E-03, 8.5338E-04
-1.37932E-08, -1.231070E-02, -4.34818E-03, 9.3768E-04
-1.37869E-08, -1.283763E-02, -4.03202E-03, 1.02199E-03
-1.37807E-08, -1.599920E-02, -3.82125E-03, 1.06415E-03
-1.37744E-08, -1.705305E-02, -3.61048E-03, 1.10630E-03
-1.37682E-08, -1.968769E-02, -3.29432E-03, 1.27492E-03
-1.37619E-08, -2.179541E-02, -2.76740E-03, 1.35923E-03
-1.37557E-08, -2.232233E-02, -2.34585E-03, 1.35923E-03
-1.37494E-08, -2.337619E-02, -1.71354E-03, 1.31707E-03
-1.37432E-08, -2.495697E-02, -1.18661E-03, 1.35923E-03
-1.37369E-08, -2.548390E-02, -3.4353E-04, 1.35923E-03
-1.37307E-08, -2.548390E-02, 4.9956E-04, 1.31707E-03
-1.37244E-08, -2.601083E-02, 1.13187E-03, 1.23276E-03
-1.37182E-08, -2.653776E-02, 1.97495E-03, 1.23276E-03
-1.37119E-08, -2.443004E-02, 3.02881E-03, 9.7984E-04
-1.37057E-08, -2.390312E-02, 3.87190E-03, 8.9553E-04
-1.36994E-08, -2.232233E-02, 4.82037E-03, 7.6907E-04
-1.36932E-08, -2.126848E-02, 5.97961E-03, 4.7399E-04
-1.36869E-08, -1.863384E-02, 7.03346E-03, 3.0537E-04
-1.36807E-08, -1.599920E-02, 7.66578E-03, 1.029E-05
-1.36744E-08, -1.336456E-02, 8.71963E-03, -2.4263E-04
-1.36682E-08, -9.67606E-03, 9.45733E-03, -4.9556E-04
-1.36619E-08, -6.51450E-03, 1.019503E-02, -7.9064E-04
-1.36557E-08, -2.82600E-03, 1.093273E-02, -1.17003E-03
-1.36494E-08, 3.3557E-04, 1.145966E-02, -1.50726E-03
-1.36432E-08, 4.55099E-03, 1.177581E-02, -1.71803E-03
-1.36369E-08, 9.29334E-03, 1.230274E-02, -2.01311E-03
-1.36307E-08, 1.192798E-02, 1.261890E-02, -2.30819E-03
-1.36244E-08, 1.667033E-02, 1.251351E-02, -2.51896E-03
-1.36182E-08, 1.983190E-02, 1.251351E-02, -2.72973E-03
-1.36119E-08, 2.510118E-02, 1.251351E-02, -3.06697E-03
-1.36057E-08, 2.668196E-02, 1.198658E-02, -3.15128E-03
-1.35994E-08, 3.089738E-02, 1.188120E-02, -3.40420E-03
-1.35932E-08, 3.458588E-02, 1.114350E-02, -3.44636E-03
-1.35869E-08, 3.669359E-02, 1.061657E-02, -3.53066E-03
-1.35807E-08, 3.985516E-02, 9.77349E-03, -3.57282E-03
-1.35744E-08, 4.143594E-02, 8.93040E-03, -3.53066E-03
-1.35682E-08, 4.354365E-02, 8.08732E-03, -3.44636E-03
-1.35619E-08, 4.512443E-02, 7.03346E-03, -3.27774E-03
-1.35557E-08, 4.565137E-02, 6.29576E-03, -3.23559E-03
-1.35494E-08, 4.723215E-02, 5.24191E-03, -3.02481E-03
-1.35432E-08, 4.670522E-02, 4.50421E-03, -2.81404E-03
-1.35369E-08, 4.723215E-02, 3.34497E-03, -2.51896E-03
-1.35307E-08, 4.670522E-02, 2.39650E-03, -2.26604E-03
-1.35244E-08, 4.670522E-02, 1.44803E-03, -1.97096E-03
-1.35182E-08, 4.512443E-02, 4.9956E-04, -1.67588E-03
-1.35119E-08, 4.407058E-02, -2.3814E-04, -1.29649E-03
-1.35057E-08, 4.301672E-02, -8.7046E-04, -9.5926E-04
-1.34994E-08, 4.038208E-02, -1.50277E-03, -6.6418E-04
-1.34932E-08, 4.038208E-02, -2.13508E-03, -2.8479E-04
-1.34869E-08, 3.827437E-02, -2.55662E-03, 1.029E-05
-1.34807E-08, 3.616666E-02, -2.87278E-03, 3.8968E-04
-1.34744E-08, 3.405895E-02, -3.39971E-03, 6.4260E-04
-1.34682E-08, 3.247816E-02, -3.71587E-03, 9.3768E-04
-1.34619E-08, 2.984353E-02, -3.82125E-03, 1.19061E-03
-1.34557E-08, 2.826274E-02, -3.82125E-03, 1.40138E-03
-1.34494E-08, 2.720889E-02, -4.03202E-03, 1.57000E-03
-1.34432E-08, 2.457425E-02, -3.92664E-03, 1.78077E-03
-1.34369E-08, 2.299346E-02, -3.82125E-03, 1.82292E-03
-1.34307E-08, 2.088575E-02, -3.82125E-03, 1.99154E-03
-1.34244E-08, 1.825111E-02, -3.50509E-03, 2.16016E-03
-1.34182E-08, 1.614340E-02, -3.39971E-03, 2.24446E-03
-1.34119E-08, 1.456262E-02, -3.29432E-03, 2.20231E-03
-1.34057E-08, 1.245491E-02, -3.08355E-03, 2.32877E-03
-1.33994E-08, 1.034720E-02, -2.87278E-03, 2.32877E-03
-1.33932E-08, 8.76641E-03, -2.76740E-03, 2.28662E-03
-1.33869E-08, 7.18563E-03, -2.55662E-03, 2.28662E-03
-1.33807E-08, 5.07792E-03, -2.34585E-03, 2.28662E-03
-1.33744E-08, 2.97021E-03, -2.24047E-03, 2.24446E-03
-1.33682E-08, 8.6249E-04, -1.92431E-03, 2.24446E-03
-1.33619E-08, -1.77215E-03, -1.92431E-03, 2.28662E-03
-1.33557E-08, -3.35293E-03, -1.60815E-03, 2.32877E-03
-1.33494E-08, -5.46064E-03, -1.39738E-03, 2.28662E-03
-1.33432E-08, -8.62221E-03, -1.29200E-03, 2.41308E-03
-1.33369E-08, -1.020299E-02, -1.08123E-03, 2.49739E-03
-1.33307E-08, -1.336456E-02, -9.7584E-04, 2.53954E-03
-1.33244E-08, -1.547227E-02, -8.7046E-04, 2.66601E-03
-1.33182E-08, -1.757998E-02, -5.5430E-04, 2.79247E-03
-1.33119E-08, -1.968769E-02, -4.4891E-04, 2.83462E-03
-1.33057E-08, -2.284926E-02, -1.3276E-04, 3.00324E-03
-1.32994E-08, -2.548390E-02, -2.737E-05, 3.17186E-03
-1.32932E-08, -2.653776E-02, 3.9417E-04, 3.29832E-03
-1.32869E-08, -2.917239E-02, 7.1033E-04, 3.42478E-03
-1.32807E-08, -3.022625E-02, 9.2110E-04, 3.59340E-03
-1.32744E-08, -3.233396E-02, 1.23726E-03, 3.67771E-03
-1.32682E-08, -3.496860E-02, 1.76418E-03, 3.88848E-03
-1.32619E-08, -3.549553E-02, 1.86957E-03, 3.93063E-03
-1.32557E-08, -3.707631E-02, 2.29111E-03, 4.01494E-03
-1.32494E-08, -3.760324E-02, 2.60727E-03, 4.05710E-03
-1.32432E-08, -3.918403E-02, 2.81804E-03, 4.18356E-03
-1.32369E-08, -3.971095E-02, 3.02881E-03, 4.22571E-03
-1.32307E-08, -4.076481E-02, 3.13420E-03, 4.18356E-03
-1.32244E-08, -4.181866E-02, 3.23958E-03, 4.18356E-03
-1.32182E-08, -4.181866E-02, 3.45035E-03, 4.18356E-03
-1.32119E-08, -4.076481E-02, 3.45035E-03, 4.09925E-03
-1.32057E-08, -4.076481E-02, 3.23958E-03, 4.01494E-03
-1.31994E-08, -4.076481E-02, 2.92343E-03, 3.93063E-03
-1.31932E-08, -4.023788E-02, 2.71265E-03, 3.71986E-03
-1.31869E-08, -3.971095E-02, 2.39650E-03, 3.50909E-03
-1.31807E-08, -3.971095E-02, 1.55341E-03, 3.38263E-03
-1.31744E-08, -3.813017E-02, 1.02648E-03, 3.12970E-03
-1.31682E-08, -3.813017E-02, 1.8340E-04, 2.87678E-03
-1.31619E-08, -3.602246E-02, -8.7046E-04, 2.70816E-03
-1.31557E-08, -3.549553E-02, -1.81893E-03, 2.45524E-03
-1.31494E-08, -3.444167E-02, -2.87278E-03, 2.16016E-03
-1.31432E-08, -3.338782E-02, -4.13741E-03, 1.99154E-03
-1.31369E-08, -3.233396E-02, -5.50742E-03, 1.78077E-03
-1.31307E-08, -3.128011E-02, -6.77205E-03, 1.57000E-03
-1.31244E-08, -3.022625E-02, -8.03667E-03, 1.35923E-03
-1.31182E-08, -2.969932E-02, -9.61746E-03, 1.14845E-03
-1.31119E-08, -2.811854E-02, -1.088209E-02, 9.7984E-04
-1.31057E-08, -2.706468E-02, -1.235748E-02, 7.6907E-04
-1.30994E-08, -2.653776E-02, -1.372750E-02, 6.8476E-04
-1.30932E-08, -2.390312E-02, -1.509751E-02, 5.5830E-04
-1.30869E-08, -2.232233E-02, -1.615136E-02, 4.3183E-04
-1.30807E-08, -2.074155E-02, -1.720522E-02, 3.8968E-04
-1.30744E-08, -1.916077E-02, -1.836446E-02, 2.6322E-04
-1.30682E-08, -1.757998E-02, -1.931293E-02, 2.6322E-04
-1.30619E-08, -1.652613E-02, -2.005063E-02, 2.2106E-04
-1.30557E-08, -1.336456E-02, -2.047217E-02, 2.2106E-04
-1.30494E-08, -1.231070E-02, -2.078833E-02, 1.7891E-04
-1.30432E-08, -9.67606E-03, -2.120987E-02, 2.6322E-04
-1.30369E-08, -8.09528E-03, -2.099910E-02, 2.6322E-04
-1.30307E-08, -5.98757E-03, -2.110448E-02, 3.4752E-04
-1.30244E-08, -4.40678E-03, -2.068294E-02, 3.8968E-04
-1.30182E-08, -2.82600E-03, -2.026140E-02, 4.7399E-04
-1.30119E-08, -7.1829E-04, -1.962909E-02, 4.7399E-04
-1.30057E-08, 8.6249E-04, -1.878600E-02, 6.4260E-04
-1.29994E-08, 2.97021E-03, -1.794292E-02, 6.4260E-04
-1.29932E-08, 4.55099E-03, -1.688906E-02, 6.8476E-04
-1.29869E-08, 5.07792E-03, -1.583521E-02, 8.1122E-04
-1.29807E-08, 5.60485E-03, -1.478135E-02, 8.5338E-04
-1.29744E-08, 7.18563E-03, -1.330595E-02, 9.3768E-04
-1.29682E-08, 8.23948E-03, -1.193594E-02, 9.7984E-04
-1.29619E-08, 7.71256E-03, -1.088209E-02, 1.10630E-03
-1.29557E-08, 9.29334E-03, -9.30130E-03, 1.27492E-03
-1.29494E-08, 8.23948E-03, -8.03667E-03, 1.27492E-03
-1.29432E-08, 8.76641E-03, -6.98282E-03, 1.40138E-03
-1.29369E-08, 7.71256E-03, -5.61281E-03, 1.44353E-03
-1.29307E-08, 7.18563E-03, -4.55895E-03, 1.61215E-03
-1.29244E-08, 5.07792E-03, -3.50509E-03, 1.78077E-03
-1.29182E-08, 4.55099E-03, -2.66201E-03, 1.86508E-03
-1.29119E-08, 4.02406E-03, -1.92431E-03, 1.94939E-03
-1.29057E-08, 1.38942E-03, -1.29200E-03, 2.16016E-03
-1.28994E-08, 3.3557E-04, -4.4891E-04, 2.28662E-03
-1.28932E-08, -1.77215E-03, 7.801E-05, 2.41308E-03
-1.28869E-08, -2.29907E-03, 2.8879E-04, 2.62385E-03
-1.28807E-08, -3.35293E-03, 6.0494E-04, 2.79247E-03
-1.28744E-08, -6.51450E-03, 8.1571E-04, 3.00324E-03
-1.28682E-08, -7.56835E-03, 7.1033E-04, 3.17186E-03
-1.28619E-08, -8.62221E-03, 9.2110E-04, 3.55125E-03
-1.28557E-08, -1.020299E-02, 7.1033E-04, 3.76202E-03
-1.28494E-08, -1.072992E-02, 7.1033E-04, 3.93063E-03
-1.28432E-08, -1.231070E-02, 4.9956E-04, 4.22571E-03
-1.28369E-08, -1.231070E-02, 2.8879E-04, 4.43648E-03
-1.28307E-08, -1.441841E-02, 1.8340E-04, 4.68941E-03
-1.28244E-08, -1.389149E-02, -2.737E-05, 4.81587E-03
-1.28182E-08, -1.441841E-02, -2.3814E-04, 5.02664E-03
-1.28119E-08, -1.441841E-02, -3.4353E-04, 5.19526E-03
-1.28057E-08, -1.389149E-02, -5.5430E-04, 5.40603E-03
-1.27994E-08, -1.441841E-02, -5.5430E-04, 5.61680E-03
-1.27932E-08, -1.441841E-02, -7.6507E-04, 5.70111E-03
-1.27869E-08, -1.283763E-02, -7.6507E-04, 5.86973E-03
-1.27807E-08, -1.283763E-02, -6.5968E-04, 5.91188E-03
-1.27744E-08, -1.283763E-02, -6.5968E-04, 5.86973E-03
-1.27682E-08, -1.231070E-02, -4.4891E-04, 5.91188E-03
-1.27619E-08, -1.178377E-02, -5.5430E-04, 5.91188E-03
-1.27557E-08, -1.178377E-02, -3.4353E-04, 5.82757E-03
-1.27494E-08, -1.231070E-02, -1.3276E-04, 5.74327E-03
-1.27432E-08, -1.283763E-02, 1.8340E-04, 5.57465E-03
-1.27369E-08, -1.283763E-02, 2.8879E-04, 5.40603E-03
-1.27307E-08, -1.441841E-02, 4.9956E-04, 5.23741E-03
-1.27244E-08, -1.494534E-02, 7.1033E-04, 5.06880E-03
-1.27182E-08, -1.705305E-02, 7.1033E-04, 4.77372E-03
-1.27119E-08, -1.810691E-02, 8.1571E-04, 4.47864E-03
-1.27057E-08, -2.074155E-02, 7.1033E-04, 4.18356E-03
-1.26994E-08, -2.443004E-02, 7.1033E-04, 3.93063E-03
-1.26932E-08, -2.601083E-02, 7.1033E-04, 3.50909E-03
-1.26869E-08, -2.864547E-02, 6.0494E-04, 3.21401E-03
-1.26807E-08, -3.180704E-02, 4.9956E-04, 2.91893E-03
-1.26744E-08, -3.496860E-02, 7.801E-05, 2.58170E-03
-1.26682E-08, -3.813017E-02, -2.3814E-04, 2.20231E-03
-1.26619E-08, -4.181866E-02, -5.5430E-04, 1.90723E-03
-1.26557E-08, -4.498023E-02, -8.7046E-04, 1.65431E-03
-1.26494E-08, -4.761487E-02, -1.29200E-03, 1.35923E-03
-1.26432E-08, -5.077644E-02, -1.71354E-03, 1.14845E-03
-1.26369E-08, -5.341108E-02, -2.13508E-03, 8.9553E-04
-1.26307E-08, -5.604572E-02, -2.55662E-03, 7.2691E-04
-1.26244E-08, -5.868036E-02, -2.97817E-03, 6.0045E-04
-1.26182E-08, -6.026114E-02, -3.39971E-03, 5.1614E-04
-1.26119E-08, -6.131500E-02, -3.92664E-03, 4.7399E-04
-1.26057E-08, -6.342271E-02, -4.13741E-03, 4.3183E-04
-1.25994E-08, -6.394964E-02, -4.34818E-03, 3.4752E-04
-1.25932E-08, -6.394964E-02, -4.66434E-03, 3.8968E-04
-1.25869E-08, -6.289578E-02, -4.66434E-03, 5.1614E-04
-1.25807E-08, -6.131500E-02, -4.76972E-03, 6.4260E-04
-1.25744E-08, -6.078807E-02, -4.66434E-03, 7.2691E-04
-1.25682E-08, -5.920728E-02, -4.45356E-03, 8.1122E-04
-1.25619E-08, -5.762650E-02, -4.24279E-03, 9.3768E-04
-1.25557E-08, -5.393801E-02, -3.92664E-03, 1.10630E-03
-1.25494E-08, -5.183030E-02, -3.50509E-03, 1.35923E-03
-1.25432E-08, -4.866873E-02, -2.97817E-03, 1.48569E-03
-1.25369E-08, -4.498023E-02, -2.34585E-03, 1.61215E-03
-1.25307E-08, -4.181866E-02, -1.71354E-03, 1.73861E-03
-1.25244E-08, -3.865710E-02, -7.6507E-04, 1.94939E-03
-1.25182E-08, -3.549553E-02, -1.3276E-04, 2.11800E-03
-1.25119E-08, -3.022625E-02, 8.1571E-04, 2.20231E-03
-1.25057E-08, -2.759161E-02, 1.55341E-03, 2.32877E-03
-1.24994E-08, -2.390312E-02, 2.29111E-03, 2.32877E-03
-1.24932E-08, -2.021462E-02, 3.13420E-03, 2.37093E-03
-1.24869E-08, -1.810691E-02, 3.87190E-03, 2.37093E-03
-1.24807E-08, -1.494534E-02, 4.71498E-03, 2.32877E-03
-1.24744E-08, -1.336456E-02, 5.24191E-03, 2.24446E-03
-1.24682E-08, -1.125685E-02, 5.87422E-03, 2.24446E-03
-1.24619E-08, -9.14914E-03, 6.50653E-03, 2.11800E-03
-1.24557E-08, -8.09528E-03, 6.71731E-03, 1.94939E-03
-1.24494E-08, -7.56835E-03, 7.13885E-03, 1.69646E-03
-1.24432E-08, -6.51450E-03, 7.45500E-03, 1.52784E-03
-1.24369E-08, -5.98757E-03, 7.66578E-03, 1.35923E-03
-1.24307E-08, -6.51450E-03, 7.66578E-03, 1.19061E-03
-1.24244E-08, -6.51450E-03, 7.56039E-03, 9.7984E-04
-1.24182E-08, -7.04142E-03, 7.34962E-03, 7.6907E-04
-1.24119E-08, -6.51450E-03, 7.24423E-03, 5.5830E-04
-1.24057E-08, -8.09528E-03, 6.92808E-03, 3.4752E-04
-1.23994E-08, -9.14914E-03, 6.50653E-03, 9.460E-05
-1.23932E-08, -9.14914E-03, 5.87422E-03, -7.402E-05
-1.23869E-08, -8.62221E-03, 5.34729E-03, -2.4263E-04
-1.23807E-08, -9.67606E-03, 4.71498E-03, -2.8479E-04
-1.23744E-08, -9.67606E-03, 3.76651E-03, -4.1125E-04
-1.23682E-08, -9.14914E-03, 3.02881E-03, -4.9556E-04
-1.23619E-08, -9.67606E-03, 2.29111E-03, -4.9556E-04
-1.23557E-08, -9.14914E-03, 1.34264E-03, -4.9556E-04
-1.23494E-08, -8.09528E-03, 6.0494E-04, -4.1125E-04
-1.23432E-08, -5.98757E-03, -2.3814E-04, -2.8479E-04
-1.23369E-08, -3.87986E-03, -1.18661E-03, -1.5833E-04
-1.23307E-08, -2.29907E-03, -2.13508E-03, 1.029E-05
-1.23244E-08, -1.77215E-03, -2.87278E-03, 2.6322E-04
-1.23182E-08, 8.6249E-04, -3.71587E-03, 5.5830E-04
-1.23119E-08, 3.49713E-03, -4.55895E-03, 7.2691E-04
-1.23057E-08, 6.13177E-03, -5.19126E-03, 1.10630E-03
-1.22994E-08, 8.76641E-03, -6.03435E-03, 1.40138E-03
-1.22932E-08, 1.245491E-02, -6.77205E-03, 1.69646E-03
-1.22869E-08, 1.508955E-02, -7.50975E-03, 2.03369E-03
-1.22807E-08, 1.719726E-02, -8.03667E-03, 2.37093E-03
-1.22744E-08, 2.088575E-02, -8.66899E-03, 2.75032E-03
-1.22682E-08, 2.299346E-02, -9.19592E-03, 3.00324E-03
-1.22619E-08, 2.457425E-02, -9.72284E-03, 3.34047E-03
-1.22557E-08, 2.668196E-02, -1.024977E-02, 3.63555E-03
-1.22494E-08, 2.826274E-02, -1.035516E-02, 3.80417E-03
-1.22432E-08, 2.931660E-02, -1.067131E-02, 4.14140E-03
-1.22369E-08, 3.089738E-02, -1.077670E-02, 4.22571E-03
-1.22307E-08, 3.037046E-02, -1.098747E-02, 4.39433E-03
-1.22244E-08, 2.984353E-02, -1.130363E-02, 4.52079E-03
-1.22182E-08, 2.931660E-02, -1.119824E-02, 4.60510E-03
-1.22119E-08, 2.984353E-02, -1.098747E-02, 4.56295E-03
-1.22057E-08, 2.720889E-02, -1.088209E-02, 4.60510E-03
-1.21994E-08, 2.562810E-02, -1.067131E-02, 4.52079E-03
-1.21932E-08, 2.404732E-02, -1.046054E-02, 4.35218E-03
-1.21869E-08, 2.193961E-02, -1.014439E-02, 4.18356E-03
-1.21807E-08, 1.930497E-02, -9.72284E-03, 4.01494E-03
-1.21744E-08, 1.667033E-02, -9.40669E-03, 3.76202E-03
-1.21682E-08, 1.350876E-02, -8.77437E-03, 3.55125E-03
-1.21619E-08, 9.82027E-03, -8.45822E-03, 3.29832E-03
-1.21557E-08, 7.71256E-03, -7.82590E-03, 3.00324E-03
-1.21494E-08, 4.02406E-03, -7.08820E-03, 2.79247E-03
-1.21432E-08, 1.91635E-03, -6.56128E-03, 2.45524E-03
-1.21369E-08, -1.24522E-03, -5.92896E-03, 2.11800E-03
-1.21307E-08, -3.35293E-03, -5.50742E-03, 1.90723E-03
-1.21244E-08, -6.51450E-03, -4.87511E-03, 1.57000E-03
-1.21182E-08, -7.56835E-03, -4.03202E-03, 1.35923E-03
-1.21119E-08, -8.62221E-03, -3.50509E-03, 1.06415E-03
-1.21057E-08, -1.125685E-02, -3.18894E-03, 9.3768E-04
-1.20994E-08, -1.125685E-02, -2.76740E-03, 8.1122E-04
-1.20932E-08, -1.125685E-02, -2.45124E-03, 6.8476E-04
-1.20869E-08, -1.231070E-02, -2.02970E-03, 5.1614E-04
-1.20807E-08, -1.178377E-02, -1.71354E-03, 4.7399E-04
-1.20744E-08, -1.178377E-02, -1.71354E-03, 3.8968E-04
-1.20682E-08, -1.231070E-02, -1.60815E-03, 6.0045E-04
-1.20619E-08, -1.125685E-02, -1.60815E-03, 5.5830E-04
-1.20557E-08, -9.14914E-03, -1.81893E-03, 7.6907E-04
-1.20494E-08, -9.14914E-03, -2.02970E-03, 8.5338E-04
-1.20432E-08, -8.62221E-03, -2.34585E-03, 1.02199E-03
-1.20369E-08, -7.04142E-03, -2.55662E-03, 1.19061E-03
-1.20307E-08, -5.46064E-03, -3.29432E-03, 1.44353E-03
-1.20244E-08, -4.93371E-03, -3.82125E-03, 1.65431E-03
-1.20182E-08, -4.40678E-03, -4.34818E-03, 1.86508E-03
-1.20119E-08, -3.35293E-03, -4.98049E-03, 2.07585E-03
-1.20057E-08, -3.87986E-03, -5.61281E-03, 2.37093E-03
-1.19994E-08, -3.35293E-03, -6.03435E-03, 2.58170E-03
-1.19932E-08, -3.35293E-03, -6.77205E-03, 2.70816E-03
-1.19869E-08, -3.35293E-03, -7.50975E-03, 2.96109E-03
-1.19807E-08, -4.40678E-03, -8.14206E-03, 3.08755E-03
-1.19744E-08, -4.40678E-03, -8.56360E-03, 3.21401E-03
-1.19682E-08, -6.51450E-03, -9.09053E-03, 3.34047E-03
-1.19619E-08, -6.51450E-03, -9.61746E-03, 3.42478E-03
-1.19557E-08, -8.62221E-03, -9.72284E-03, 3.42478E-03
-1.19494E-08, -9.14914E-03, -1.003900E-02, 3.38263E-03
-1.19432E-08, -1.178377E-02, -1.003900E-02, 3.42478E-03
-1.19369E-08, -1.231070E-02, -1.014439E-02, 3.29832E-03
-1.19307E-08, -1.441841E-02, -9.93362E-03, 3.17186E-03
-1.19244E-08, -1.599920E-02, -9.72284E-03, 3.04540E-03
-1.19182E-08, -1.705305E-02, -9.09053E-03, 2.83462E-03
-1.19119E-08, -1.705305E-02, -8.56360E-03, 2.58170E-03
-1.19057E-08, -1.810691E-02, -8.03667E-03, 2.32877E-03
-1.18994E-08, -1.705305E-02, -7.08820E-03, 2.07585E-03
-1.18932E-08, -1.705305E-02, -6.45589E-03, 1.82292E-03
-1.18869E-08, -1.599920E-02, -5.61281E-03, 1.57000E-03
-1.18807E-08, -1.494534E-02, -4.45356E-03, 1.19061E-03
-1.18744E-08, -1.336456E-02, -3.39971E-03, 8.9553E-04
-1.18682E-08, -1.072992E-02, -2.55662E-03, 6.0045E-04
-1.18619E-08, -9.14914E-03, -1.60815E-03, 3.8968E-04
-1.18557E-08, -3.87986E-03, -3.4353E-04, 5.244E-05
-1.18494E-08, -7.1829E-04, 8.1571E-04, -2.0048E-04
-1.18432E-08, 4.02406E-03, 1.76418E-03, -4.1125E-04
-1.18369E-08, 7.71256E-03, 2.71265E-03, -5.7987E-04
-1.18307E-08, 1.298183E-02, 3.55574E-03, -7.9064E-04
-1.18244E-08, 1.719726E-02, 4.39882E-03, -8.7495E-04
-1.18182E-08, 2.352039E-02, 5.24191E-03, -9.5926E-04
-1.18119E-08, 2.878967E-02, 5.87422E-03, -1.04357E-03
-1.18057E-08, 3.353202E-02, 6.40115E-03, -1.00141E-03
-1.17994E-08, 3.827437E-02, 6.92808E-03, -9.1710E-04
-1.17932E-08, 4.407058E-02, 7.34962E-03, -9.5926E-04
-1.17869E-08, 4.881293E-02, 7.66578E-03, -7.4849E-04
-1.17807E-08, 5.250143E-02, 7.66578E-03, -6.2202E-04
-1.17744E-08, 5.671685E-02, 7.66578E-03, -4.1125E-04
-1.17682E-08, 5.987842E-02, 7.56039E-03, -2.4263E-04
-1.17619E-08, 6.198613E-02, 7.45500E-03, 1.029E-05
-1.17557E-08, 6.409384E-02, 7.34962E-03, 3.0537E-04
-1.17494E-08, 6.514770E-02, 7.13885E-03, 6.0045E-04
-1.17432E-08, 6.567463E-02, 6.61192E-03, 8.9553E-04
-1.17369E-08, 6.620155E-02, 6.61192E-03, 1.23276E-03
-1.17307E-08, 6.567463E-02, 5.97961E-03, 1.52784E-03
-1.17244E-08, 6.303998E-02, 5.66345E-03, 1.94939E-03
-1.17182E-08, 6.040534E-02, 5.03114E-03, 2.32877E-03
-1.17119E-08, 5.777070E-02, 4.92575E-03, 2.53954E-03
-1.17057E-08, 5.355528E-02, 4.29344E-03, 2.87678E-03
-1.16994E-08, 4.933986E-02, 3.97728E-03, 3.17186E-03
-1.16932E-08, 4.407058E-02, 3.34497E-03, 3.42478E-03
-1.16869E-08, 3.880130E-02, 3.13420E-03, 3.63555E-03
-1.16807E-08, 3.405895E-02, 2.71265E-03, 3.88848E-03
-1.16744E-08, 2.720889E-02, 2.50188E-03, 4.09925E-03
-1.16682E-08, 2.193961E-02, 2.08034E-03, 4.31002E-03
-1.16619E-08, 1.508955E-02, 1.86957E-03, 4.39433E-03
-1.16557E-08, 8.23948E-03, 1.55341E-03, 4.52079E-03
-1.16494E-08, 2.44328E-03, 1.23726E-03, 4.60510E-03
-1.16432E-08, -3.87986E-03, 9.2110E-04, 4.60510E-03
-1.16369E-08, -9.14914E-03, 7.1033E-04, 4.60510E-03
-1.16307E-08, -1.494534E-02, 3.9417E-04, 4.56295E-03
-1.16244E-08, -2.074155E-02, -1.3276E-04, 4.56295E-03
-1.16182E-08, -2.495697E-02, -2.3814E-04, 4.52079E-03
-1.16119E-08, -2.969932E-02, -7.6507E-04, 4.35218E-03
-1.16057E-08, -3.444167E-02, -1.18661E-03, 4.18356E-03
-1.15994E-08, -3.707631E-02, -1.60815E-03, 4.01494E-03
-1.15932E-08, -3.971095E-02, -2.02970E-03, 3.93063E-03
-1.15869E-08, -4.234559E-02, -2.55662E-03, 3.71986E-03
-1.15807E-08, -4.445330E-02, -3.18894E-03, 3.42478E-03
-1.15744E-08, -4.498023E-02, -3.29432E-03, 3.29832E-03
-1.15682E-08, -4.550716E-02, -4.34818E-03, 3.08755E-03
-1.15619E-08, -4.708794E-02, -4.76972E-03, 2.83462E-03
-1.15557E-08, -4.708794E-02, -5.40204E-03, 2.62385E-03
-1.15494E-08, -4.550716E-02, -5.82358E-03, 2.45524E-03
-1.15432E-08, -4.550716E-02, -6.35051E-03, 2.16016E-03
-1.15369E-08, -4.445330E-02, -6.98282E-03, 1.99154E-03
-1.15307E-08, -4.287252E-02, -7.40436E-03, 1.82292E-03
-1.15244E-08, -4.129174E-02, -8.14206E-03, 1.61215E-03
-1.15182E-08, -4.023788E-02, -8.24745E-03, 1.48569E-03
-1.15119E-08, -3.654939E-02, -8.56360E-03, 1.27492E-03
-1.15057E-08, -3.602246E-02, -8.77437E-03, 1.23276E-03
-1.14994E-08, -3.338782E-02, -8.87976E-03, 1.06415E-03
-1.14932E-08, -3.075318E-02, -8.98515E-03, 9.3768E-04
-1.14869E-08, -2.917239E-02, -8.87976E-03, 8.1122E-04
-1.14807E-08, -2.706468E-02, -8.77437E-03, 7.6907E-04
-1.14744E-08, -2.443004E-02, -8.24745E-03, 6.8476E-04
-1.14682E-08, -2.179541E-02, -8.24745E-03, 6.4260E-04
-1.14619E-08, -2.074155E-02, -7.61513E-03, 7.2691E-04
-1.14557E-08, -1.810691E-02, -6.98282E-03, 6.8476E-04
-1.14494E-08, -1.547227E-02, -6.13973E-03, 6.8476E-04
-1.14432E-08, -1.336456E-02, -5.50742E-03, 7.2691E-04
-1.14369E-08, -1.072992E-02, -4.66434E-03, 7.6907E-04
-1.14307E-08, -9.14914E-03, -3.71587E-03, 8.1122E-04
-1.14244E-08, -7.04142E-03, -2.97817E-03, 8.5338E-04
-1.14182E-08, -4.93371E-03, -2.02970E-03, 9.3768E-04
-1.14119E-08, -1.24522E-03, -1.08123E-03, 9.7984E-04
-1.14057E-08, -1.9136E-04, -2.3814E-04, 1.19061E-03
-1.13994E-08, 2.44328E-03, 7.1033E-04, 1.19061E-03
-1.13932E-08, 5.60485E-03, 1.44803E-03, 1.27492E-03
-1.13869E-08, 8.23948E-03, 2.08034E-03, 1.40138E-03
-1.13807E-08, 1.034720E-02, 2.81804E-03, 1.48569E-03
-1.13744E-08, 1.298183E-02, 3.45035E-03, 1.57000E-03
-1.13682E-08, 1.508955E-02, 3.76651E-03, 1.73861E-03
-1.13619E-08, 1.614340E-02, 4.18805E-03, 1.78077E-03
-1.13557E-08, 1.930497E-02, 4.50421E-03, 1.86508E-03
-1.13494E-08, 2.193961E-02, 4.50421E-03, 1.94939E-03
-1.13432E-08, 2.457425E-02, 4.50421E-03, 1.99154E-03
-1.13369E-08, 2.562810E-02, 4.29344E-03, 1.99154E-03
-1.13307E-08, 2.773582E-02, 3.87190E-03, 2.07585E-03
-1.13244E-08, 2.878967E-02, 3.76651E-03, 2.16016E-03
-1.13182E-08, 2.984353E-02, 3.34497E-03, 2.20231E-03
-1.13119E-08, 3.247816E-02, 2.60727E-03, 2.16016E-03
-1.13057E-08, 3.195124E-02, 1.97495E-03, 2.28662E-03
-1.12994E-08, 3.300510E-02, 1.13187E-03, 2.28662E-03
-1.12932E-08, 3.300510E-02, 7.1033E-04, 2.28662E-03
-1.12869E-08, 3.405895E-02, -1.3276E-04, 2.24446E-03
-1.12807E-08, 3.353202E-02, -7.6507E-04, 2.24446E-03
-1.12744E-08, 3.300510E-02, -1.50277E-03, 2.20231E-03
-1.12682E-08, 3.142431E-02, -2.24047E-03, 2.28662E-03
-1.12619E-08, 2.984353E-02, -2.76740E-03, 2.32877E-03
-1.12557E-08, 2.826274E-02, -3.39971E-03, 2.37093E-03
-1.12494E-08, 2.510118E-02, -3.71587E-03, 2.41308E-03
-1.12432E-08, 2.352039E-02, -4.03202E-03, 2.41308E-03
-1.12369E-08, 2.088575E-02, -4.34818E-03, 2.37093E-03
-1.12307E-08, 1.877804E-02, -4.45356E-03, 2.45524E-03
-1.12244E-08, 1.508955E-02, -4.55895E-03, 2.49739E-03
-1.12182E-08, 1.245491E-02, -4.45356E-03, 2.53954E-03
-1.12119E-08, 1.034720E-02, -4.03202E-03, 2.58170E-03
-1.12057E-08, 7.18563E-03, -3.92664E-03, 2.58170E-03
-1.11994E-08, 3.49713E-03, -3.39971E-03, 2.66601E-03
-1.11932E-08, 3.3557E-04, -2.87278E-03, 2.75032E-03
-1.11869E-08, -1.24522E-03, -2.13508E-03, 2.79247E-03
-1.11807E-08, -4.93371E-03, -1.39738E-03, 2.87678E-03
-1.11744E-08, -6.51450E-03, -6.5968E-04, 2.96109E-03
-1.11682E-08, -8.09528E-03, 7.801E-05, 2.96109E-03
-1.11619E-08, -1.020299E-02, 8.1571E-04, 2.96109E-03
-1.11557E-08, -1.178377E-02, 1.65880E-03, 3.04540E-03
-1.11494E-08, -1.283763E-02, 2.60727E-03, 3.00324E-03
-1.11432E-08, -1.494534E-02, 3.34497E-03, 3.04540E-03
-1.11369E-08, -1.441841E-02, 4.29344E-03, 3.00324E-03
-1.11307E-08, -1.599920E-02, 4.71498E-03, 3.00324E-03
-1.11244E-08, -1.652613E-02, 5.55806E-03, 2.91893E-03
-1.11182E-08, -1.547227E-02, 6.08499E-03, 2.87678E-03
-1.11119E-08, -1.494534E-02, 6.71731E-03, 2.70816E-03
-1.11057E-08, -1.441841E-02, 7.03346E-03, 2.66601E-03
-1.10994E-08, -1.494534E-02, 7.24423E-03, 2.53954E-03
-1.10932E-08, -1.283763E-02, 7.45500E-03, 2.37093E-03
-1.10869E-08, -1.125685E-02, 7.56039E-03, 2.16016E-03
-1.10807E-08, -1.020299E-02, 7.66578E-03, 2.03369E-03
-1.10744E-08, -9.14914E-03, 7.77116E-03, 1.78077E-03
-1.10682E-08, -7.56835E-03, 7.45500E-03, 1.57000E-03
-1.10619E-08, -6.51450E-03, 7.34962E-03, 1.44353E-03
-1.10557E-08, -4.40678E-03, 7.13885E-03, 1.10630E-03
-1.10494E-08, -2.82600E-03, 6.92808E-03, 9.7984E-04
-1.10432E-08, -2.29907E-03, 6.50653E-03, 6.8476E-04
-1.10369E-08, -1.24522E-03, 6.19038E-03, 5.1614E-04
-1.10307E-08, -1.9136E-04, 5.76884E-03, 3.4752E-04
-1.10244E-08, 8.6249E-04, 5.45268E-03, 1.3675E-04
-1.10182E-08, 1.38942E-03, 5.03114E-03, -3.186E-05
-1.10119E-08, 2.44328E-03, 4.60959E-03, -1.5833E-04
-1.10057E-08, 2.44328E-03, 4.39882E-03, -3.2694E-04
-1.09994E-08, 2.97021E-03, 4.18805E-03, -4.1125E-04
-1.09932E-08, 2.44328E-03, 3.87190E-03, -4.9556E-04
-1.09869E-08, 2.97021E-03, 3.87190E-03, -4.9556E-04
-1.09807E-08, 2.44328E-03, 3.66112E-03, -4.9556E-04
-1.09744E-08, 1.38942E-03, 3.97728E-03, -5.3771E-04
-1.09682E-08, 1.38942E-03, 3.87190E-03, -3.2694E-04
-1.09619E-08, 1.38942E-03, 3.87190E-03, -1.5833E-04
-1.09557E-08, 8.6249E-04, 3.87190E-03, -7.402E-05
-1.09494E-08, -7.1829E-04, 3.97728E-03, 9.460E-05
-1.09432E-08, -7.1829E-04, 4.08267E-03, 2.2106E-04
-1.09369E-08, -1.77215E-03, 4.18805E-03, 5.1614E-04
-1.09307E-08, -2.29907E-03, 4.18805E-03, 7.2691E-04
-1.09244E-08, -3.87986E-03, 4.50421E-03, 9.7984E-04
-1.09182E-08, -4.40678E-03, 4.50421E-03, 1.31707E-03
-1.09119E-08, -4.93371E-03, 4.71498E-03, 1.52784E-03
-1.09057E-08, -4.93371E-03, 4.60959E-03, 1.86508E-03
-1.08994E-08, -5.98757E-03, 4.50421E-03, 2.11800E-03
-1.08932E-08, -7.56835E-03, 4.71498E-03, 2.37093E-03
-1.08869E-08, -7.56835E-03, 4.29344E-03, 2.58170E-03
-1.08807E-08, -9.14914E-03, 4.18805E-03, 2.87678E-03
-1.08744E-08, -9.67606E-03, 3.87190E-03, 3.08755E-03
-1.08682E-08, -1.072992E-02, 3.45035E-03, 3.21401E-03
-1.08619E-08, -1.178377E-02, 3.02881E-03, 3.34047E-03
-1.08557E-08, -1.231070E-02, 2.29111E-03, 3.42478E-03
-1.08494E-08, -1.389149E-02, 1.65880E-03, 3.55125E-03
-1.08432E-08, -1.441841E-02, 9.2110E-04, 3.59340E-03
-1.08369E-08, -1.705305E-02, 2.8879E-04, 3.63555E-03
-1.08307E-08, -1.757998E-02, -7.6507E-04, 3.63555E-03
-1.08244E-08, -1.916077E-02, -1.60815E-03, 3.55125E-03
-1.08182E-08, -2.074155E-02, -2.66201E-03, 3.55125E-03
-1.08119E-08, -2.179541E-02, -3.50509E-03, 3.42478E-03
-1.08057E-08, -2.443004E-02, -4.66434E-03, 3.38263E-03
-1.07994E-08, -2.495697E-02, -5.40204E-03, 3.21401E-03
-1.07932E-08, -2.706468E-02, -6.45589E-03, 3.08755E-03
-1.07869E-08, -2.864547E-02, -7.40436E-03, 2.96109E-03
-1.07807E-08, -3.128011E-02, -8.24745E-03, 2.87678E-03
-1.07744E-08, -3.233396E-02, -9.30130E-03, 2.70816E-03
-1.07682E-08, -3.391474E-02, -1.014439E-02, 2.66601E-03
-1.07619E-08, -3.602246E-02, -1.088209E-02, 2.62385E-03
-1.07557E-08, -3.813017E-02, -1.161978E-02, 2.49739E-03
-1.07494E-08, -3.865710E-02, -1.214671E-02, 2.45524E-03
-1.07432E-08, -4.023788E-02, -1.288441E-02, 2.49739E-03
-1.07369E-08, -4.076481E-02, -1.298980E-02, 2.49739E-03
-1.07307E-08, -4.234559E-02, -1.330595E-02, 2.62385E-03
-1.07244E-08, -4.392638E-02, -1.383288E-02, 2.75032E-03
-1.07182E-08, -4.392638E-02, -1.372750E-02, 2.83462E-03
-1.07119E-08, -4.339945E-02, -1.383288E-02, 2.91893E-03
-1.07057E-08, -4.339945E-02, -1.383288E-02, 3.08755E-03
-1.06994E-08, -4.287252E-02, -1.362211E-02, 3.29832E-03
-1.06932E-08, -4.287252E-02, -1.341134E-02, 3.46694E-03
-1.06869E-08, -4.129174E-02, -1.298980E-02, 3.59340E-03
-1.06807E-08, -3.971095E-02, -1.267364E-02, 3.88848E-03
-1.06744E-08, -3.865710E-02, -1.225210E-02, 4.05710E-03
-1.06682E-08, -3.760324E-02, -1.183056E-02, 4.31002E-03
-1.06619E-08, -3.549553E-02, -1.130363E-02, 4.35218E-03
-1.06557E-08, -3.286089E-02, -1.077670E-02, 4.47864E-03
-1.06494E-08, -3.128011E-02, -1.014439E-02, 4.56295E-03
-1.06432E-08, -2.864547E-02, -9.82823E-03, 4.64726E-03
-1.06369E-08, -2.653776E-02, -9.40669E-03, 4.64726E-03
-1.06307E-08, -2.337619E-02, -8.87976E-03, 4.64726E-03
-1.06244E-08, -2.126848E-02, -8.24745E-03, 4.68941E-03
-1.06182E-08, -1.810691E-02, -7.72052E-03, 4.47864E-03
-1.06119E-08, -1.599920E-02, -7.29898E-03, 4.31002E-03
-1.06057E-08, -1.389149E-02, -6.87743E-03, 4.09925E-03
-1.05994E-08, -1.231070E-02, -6.77205E-03, 3.80417E-03
-1.05932E-08, -1.020299E-02, -6.35051E-03, 3.50909E-03
-1.05869E-08, -8.62221E-03, -6.03435E-03, 3.04540E-03
-1.05807E-08, -8.09528E-03, -5.92896E-03, 2.70816E-03
-1.05744E-08, -7.04142E-03, -5.92896E-03, 2.20231E-03
-1.05682E-08, -7.04142E-03, -5.61281E-03, 1.73861E-03
-1.05619E-08, -5.98757E-03, -5.71819E-03, 1.23276E-03
-1.05557E-08, -7.04142E-03, -5.50742E-03, 7.2691E-04
-1.05494E-08, -7.56835E-03, -5.50742E-03, 2.2106E-04
-1.05432E-08, -8.62221E-03, -5.61281E-03, -2.4263E-04
-1.05369E-08, -1.020299E-02, -5.61281E-03, -7.4849E-04
-1.05307E-08, -1.072992E-02, -5.71819E-03, -1.12787E-03
-1.05244E-08, -1.336456E-02, -5.71819E-03, -1.50726E-03
-1.05182E-08, -1.652613E-02, -6.03435E-03, -1.92880E-03
-1.05119E-08, -1.757998E-02, -5.82358E-03, -2.18173E-03
-1.05057E-08, -2.074155E-02, -5.92896E-03, -2.43465E-03
-1.04994E-08, -2.337619E-02, -5.92896E-03, -2.64543E-03
-1.04932E-08, -2.495697E-02, -5.82358E-03, -2.81404E-03
-1.04869E-08, -2.706468E-02, -5.82358E-03, -2.81404E-03
-1.04807E-08, -2.864547E-02, -5.71819E-03, -2.81404E-03
-1.04744E-08, -3.075318E-02, -5.50742E-03, -2.68758E-03
-1.04682E-08, -3.180704E-02, -5.50742E-03, -2.51896E-03
-1.04619E-08, -3.338782E-02, -5.19126E-03, -2.39250E-03
-1.04557E-08, -3.286089E-02, -5.08588E-03, -2.09742E-03
-1.04494E-08, -3.338782E-02, -4.45356E-03, -1.84450E-03
-1.04432E-08, -3.338782E-02, -4.03202E-03, -1.42295E-03
-1.04369E-08, -3.233396E-02, -3.61048E-03, -1.04357E-03
-1.04307E-08, -3.075318E-02, -3.18894E-03, -6.6418E-04
-1.04244E-08, -2.969932E-02, -2.45124E-03, -2.0048E-04
-1.04182E-08, -2.759161E-02, -1.71354E-03, 2.6322E-04
-1.04119E-08, -2.337619E-02, -1.18661E-03, 6.4260E-04
-1.04057E-08, -2.126848E-02, -5.5430E-04, 1.19061E-03
-1.03994E-08, -1.705305E-02, 1.8340E-04, 1.61215E-03
-1.03932E-08, -1.283763E-02, 9.2110E-04, 2.03369E-03
-1.03869E-08, -7.04142E-03, 1.65880E-03, 2.37093E-03
-1.03807E-08, -3.35293E-03, 2.50188E-03, 2.70816E-03
-1.03744E-08, 3.3557E-04, 3.23958E-03, 3.04540E-03
-1.03682E-08, 5.60485E-03, 3.76651E-03, 3.29832E-03
-1.03619E-08, 1.087412E-02, 4.50421E-03, 3.55125E-03
-1.03557E-08, 1.561647E-02, 5.03114E-03, 3.71986E-03
-1.03494E-08, 1.877804E-02, 5.66345E-03, 3.84633E-03
-1.03432E-08, 2.352039E-02, 5.97961E-03, 3.93063E-03
-1.03369E-08, 2.720889E-02, 6.61192E-03, 3.97279E-03
-1.03307E-08, 3.089738E-02, 6.92808E-03, 4.01494E-03
-1.03244E-08, 3.247816E-02, 7.13885E-03, 4.01494E-03
-1.03182E-08, 3.511281E-02, 7.03346E-03, 4.05710E-03
-1.03119E-08, 3.722052E-02, 7.24423E-03, 3.88848E-03
-1.03057E-08, 3.722052E-02, 7.03346E-03, 3.84633E-03
-1.02994E-08, 3.774745E-02, 6.82269E-03, 3.80417E-03
-1.02932E-08, 3.669359E-02, 6.50653E-03, 3.71986E-03
-1.02869E-08, 3.616666E-02, 6.08499E-03, 3.59340E-03
-1.02807E-08, 3.300510E-02, 5.66345E-03, 3.42478E-03
-1.02744E-08, 3.037046E-02, 5.03114E-03, 3.42478E-03
-1.02682E-08, 2.720889E-02, 4.29344E-03, 3.34047E-03
-1.02619E-08, 2.352039E-02, 3.66112E-03, 3.29832E-03
-1.02557E-08, 1.930497E-02, 2.92343E-03, 3.25617E-03
-1.02494E-08, 1.614340E-02, 1.86957E-03, 3.21401E-03
-1.02432E-08, 9.82027E-03, 9.2110E-04, 3.25617E-03
-1.02369E-08, 5.60485E-03, -1.3276E-04, 3.25617E-03
-1.02307E-08, 8.6249E-04, -1.08123E-03, 3.29832E-03
-1.02244E-08, -4.93371E-03, -1.81893E-03, 3.38263E-03
-1.02182E-08, -8.62221E-03, -2.87278E-03, 3.34047E-03
-1.02119E-08, -1.336456E-02, -3.50509E-03, 3.46694E-03
-1.02057E-08, -1.757998E-02, -4.55895E-03, 3.55125E-03
-1.01994E-08, -2.179541E-02, -5.40204E-03, 3.59340E-03
-1.01932E-08, -2.390312E-02, -6.35051E-03, 3.71986E-03
-1.01869E-08, -2.601083E-02, -6.87743E-03, 3.71986E-03
-1.01807E-08, -2.864547E-02, -7.29898E-03, 3.71986E-03
-1.01744E-08, -3.022625E-02, -8.03667E-03, 3.76202E-03
-1.01682E-08, -3.075318E-02, -8.24745E-03, 3.71986E-03
-1.01619E-08, -3.022625E-02, -8.77437E-03, 3.71986E-03
-1.01557E-08, -3.075318E-02, -8.77437E-03, 3.67771E-03
-1.01494E-08, -2.917239E-02, -8.87976E-03, 3.55125E-03
-1.01432E-08, -2.759161E-02, -8.77437E-03, 3.38263E-03
-1.01369E-08, -2.443004E-02, -8.66899E-03, 3.25617E-03
-1.01307E-08, -2.179541E-02, -8.45822E-03, 3.04540E-03
-1.01244E-08, -1.968769E-02, -8.24745E-03, 2.91893E-03
-1.01182E-08, -1.652613E-02, -7.72052E-03, 2.70816E-03
-1.01119E-08, -1.178377E-02, -7.29898E-03, 2.41308E-03
-1.01057E-08, -8.62221E-03, -6.77205E-03, 2.11800E-03
-1.00994E-08, -3.87986E-03, -6.13973E-03, 1.82292E-03
-1.00932E-08, 3.3557E-04, -5.71819E-03, 1.48569E-03
-1.00869E-08, 3.49713E-03, -4.98049E-03, 1.14845E-03
-1.00807E-08, 6.13177E-03, -4.34818E-03, 8.1122E-04
-1.00744E-08, 9.82027E-03, -3.71587E-03, 4.7399E-04
-1.00682E-08, 1.245491E-02, -3.18894E-03, 2.6322E-04
-1.00619E-08, 1.508955E-02, -2.24047E-03, 1.029E-05
-1.00557E-08, 1.614340E-02, -1.60815E-03, -3.2694E-04
-1.00494E-08, 1.772419E-02, -1.18661E-03, -6.2202E-04
-1.00432E-08, 1.877804E-02, -6.5968E-04, -8.3279E-04
-1.00369E-08, 1.877804E-02, -1.3276E-04, -1.04357E-03
-1.00307E-08, 1.877804E-02, 2.8879E-04, -1.21218E-03
-1.00244E-08, 1.772419E-02, 6.0494E-04, -1.42295E-03
-1.00182E-08, 1.403569E-02, 9.2110E-04, -1.46511E-03
-1.00119E-08, 1.403569E-02, 1.34264E-03, -1.59157E-03
-1.00057E-08, 1.087412E-02, 1.23726E-03, -1.63372E-03
-9.9994E-09, 7.18563E-03, 1.34264E-03, -1.67588E-03
-9.9932E-09, 4.55099E-03, 1.55341E-03, -1.71803E-03
-9.9869E-09, 8.6249E-04, 1.44803E-03, -1.67588E-03
-9.9807E-09, -1.77215E-03, 1.55341E-03, -1.76019E-03
-9.9744E-09, -6.51450E-03, 1.44803E-03, -1.71803E-03
-9.9682E-09, -9.14914E-03, 1.23726E-03, -1.67588E-03
-9.9619E-09, -1.336456E-02, 1.13187E-03, -1.59157E-03
-9.9557E-09, -1.599920E-02, 1.23726E-03, -1.50726E-03
-9.9494E-09, -1.916077E-02, 7.1033E-04, -1.50726E-03
-9.9432E-09, -2.232233E-02, 6.0494E-04, -1.46511E-03
-9.9369E-09, -2.390312E-02, 3.9417E-04, -1.42295E-03
-9.9307E-09, -2.706468E-02, 1.8340E-04, -1.38080E-03
-9.9244E-09, -2.811854E-02, -1.3276E-04, -1.33864E-03
-9.9182E-09, -2.917239E-02, -2.3814E-04, -1.29649E-03
-9.9119E-09, -2.811854E-02, -3.4353E-04, -1.29649E-03
-9.9057E-09, -2.864547E-02, -5.5430E-04, -1.17003E-03
-9.8994E-09, -2.917239E-02, -6.5968E-04, -1.12787E-03
-9.8932E-09, -2.759161E-02, -7.6507E-04, -1.17003E-03
-9.8869E-09, -2.601083E-02, -8.7046E-04, -1.12787E-03
-9.8807E-09, -2.495697E-02, -9.7584E-04, -1.08572E-03
-9.8744E-09, -2.284926E-02, -9.7584E-04, -1.12787E-03
-9.8682E-09, -2.021462E-02, -1.08123E-03, -1.08572E-03
-9.8619E-09, -1.863384E-02, -1.39738E-03, -1.00141E-03
-9.8557E-09, -1.599920E-02, -1.08123E-03, -9.5926E-04
-9.8494E-09, -1.336456E-02, -1.08123E-03, -9.1710E-04
-9.8432E-09, -1.072992E-02, -1.08123E-03, -7.9064E-04
-9.8369E-09, -8.09528E-03, -1.08123E-03, -7.0633E-04
-9.8307E-09, -5.46064E-03, -7.6507E-04, -5.3771E-04
-9.8244E-09, -3.35293E-03, -8.7046E-04, -4.5341E-04
-9.8182E-09, -1.77215E-03, -9.7584E-04, -2.8479E-04
-9.8119E-09, 1.38942E-03, -7.6507E-04, -1.5833E-04
-9.8057E-09, 2.44328E-03, -5.5430E-04, 9.460E-05
-9.7994E-09, 4.55099E-03, -5.5430E-04, 2.2106E-04
-9.7932E-09, 4.55099E-03, -4.4891E-04, 4.7399E-04
-9.7869E-09, 6.65870E-03, -3.4353E-04, 7.2691E-04
-9.7807E-09, 7.18563E-03, -3.4353E-04, 8.9553E-04
-9.7744E-09, 7.71256E-03, -2.3814E-04, 1.06415E-03
-9.7682E-09, 7.71256E-03, -1.3276E-04, 1.31707E-03
-9.7619E-09, 8.76641E-03, -2.737E-05, 1.48569E-03
-9.7557E-09, 8.23948E-03, -2.3814E-04, 1.82292E-03
-9.7494E-09, 8.76641E-03, -1.3276E-04, 1.90723E-03
-9.7432E-09, 8.76641E-03, -1.3276E-04, 2.24446E-03
-9.7369E-09, 8.76641E-03, -1.3276E-04, 2.32877E-03
-9.7307E-09, 7.71256E-03, -2.3814E-04, 2.49739E-03
-9.7244E-09, 7.71256E-03, 7.801E-05, 2.62385E-03
-9.7182E-09, 7.71256E-03, -2.3814E-04, 2.75032E-03
-9.7119E-09, 8.76641E-03, -2.3814E-04, 2.79247E-03
-9.7057E-09, 8.23948E-03, -4.4891E-04, 2.87678E-03
-9.6994E-09, 8.23948E-03, -3.4353E-04, 2.91893E-03
-9.6932E-09, 7.18563E-03, -4.4891E-04, 2.91893E-03
-9.6869E-09, 8.23948E-03, -3.4353E-04, 2.83462E-03
-9.6807E-09, 8.23948E-03, -7.6507E-04, 2.79247E-03
-9.6744E-09, 7.71256E-03, -5.5430E-04, 2.66601E-03
-9.6682E-09, 8.76641E-03, -6.5968E-04, 2.62385E-03
-9.6619E-09, 7.71256E-03, -7.6507E-04, 2.45524E-03
-9.6557E-09, 7.71256E-03, -7.6507E-04, 2.37093E-03
-9.6494E-09, 7.18563E-03, -6.5968E-04, 2.16016E-03
-9.6432E-09, 7.71256E-03, -8.7046E-04, 1.99154E-03
-9.6369E-09, 7.18563E-03, -8.7046E-04, 1.73861E-03
-9.6307E-09, 5.60485E-03, -9.7584E-04, 1.57000E-03
-9.6244E-09, 5.07792E-03, -7.6507E-04, 1.35923E-03
-9.6182E-09, 4.55099E-03, -4.4891E-04, 1.19061E-03
-9.6119E-09, 4.02406E-03, -3.4353E-04, 9.3768E-04
-9.6057E-09, 1.38942E-03, -4.4891E-04, 6.8476E-04
-9.5994E-09, -1.9136E-04, -2.3814E-04, 6.0045E-04
-9.5932E-09, -1.77215E-03, 7.801E-05, 3.8968E-04
-9.5869E-09, -3.35293E-03, 2.8879E-04, 2.2106E-04
-9.5807E-09, -7.04142E-03, 6.0494E-04, 9.460E-05
-9.5744E-09, -9.14914E-03, 9.2110E-04, -3.186E-05
-9.5682E-09, -1.178377E-02, 1.02648E-03, -7.402E-05
-9.5619E-09, -1.494534E-02, 1.34264E-03, -1.5833E-04
-9.5557E-09, -1.863384E-02, 1.76418E-03, -2.0048E-04
-9.5494E-09, -2.074155E-02, 2.08034E-03, -2.4263E-04
-9.5432E-09, -2.337619E-02, 2.29111E-03, -2.4263E-04
-9.5369E-09, -2.548390E-02, 2.60727E-03, -2.8479E-04
-9.5307E-09, -2.811854E-02, 2.92343E-03, -2.0048E-04
-9.5244E-09, -2.917239E-02, 3.45035E-03, -2.0048E-04
-9.5182E-09, -3.180704E-02, 3.66112E-03, -7.402E-05
-9.5119E-09, -3.180704E-02, 4.08267E-03, -3.186E-05
-9.5057E-09, -3.338782E-02, 4.18805E-03, 5.244E-05
-9.4994E-09, -3.338782E-02, 4.29344E-03, 1.7891E-04
-9.4932E-09, -3.338782E-02, 4.60959E-03, 2.6322E-04
-9.4869E-09, -3.180704E-02, 4.82037E-03, 3.8968E-04
-9.4807E-09, -3.075318E-02, 4.92575E-03, 4.7399E-04
-9.4744E-09, -2.759161E-02, 5.13652E-03, 6.0045E-04
-9.4682E-09, -2.653776E-02, 5.13652E-03, 6.8476E-04
-9.4619E-09, -2.390312E-02, 4.82037E-03, 8.9553E-04
-9.4557E-09, -1.916077E-02, 4.92575E-03, 9.7984E-04
-9.4494E-09, -1.599920E-02, 4.92575E-03, 1.06415E-03
-9.4432E-09, -1.283763E-02, 4.71498E-03, 1.14845E-03
-9.4369E-09, -8.09528E-03, 4.50421E-03, 1.23276E-03
-9.4307E-09, -4.93371E-03, 4.18805E-03, 1.35923E-03
-9.4244E-09, -1.9136E-04, 3.87190E-03, 1.40138E-03
-9.4182E-09, 3.49713E-03, 3.45035E-03, 1.52784E-03
-9.4119E-09, 7.71256E-03, 3.02881E-03, 1.48569E-03
-9.4057E-09, 1.087412E-02, 2.50188E-03, 1.57000E-03
-9.3994E-09, 1.403569E-02, 2.18573E-03, 1.61215E-03
-9.3932E-09, 1.667033E-02, 1.34264E-03, 1.52784E-03
-9.3869E-09, 1.930497E-02, 8.1571E-04, 1.48569E-03
-9.3807E-09, 2.035883E-02, 1.8340E-04, 1.52784E-03
-9.3744E-09, 2.193961E-02, -3.4353E-04, 1.44353E-03
-9.3682E-09, 2.193961E-02, -1.08123E-03, 1.44353E-03
-9.3619E-09, 2.141268E-02, -1.81893E-03, 1.40138E-03
-9.3557E-09, 2.035883E-02, -2.24047E-03, 1.27492E-03
-9.3494E-09, 1.930497E-02, -3.08355E-03, 1.19061E-03
-9.3432E-09, 1.614340E-02, -3.50509E-03, 1.10630E-03
-9.3369E-09, 1.298183E-02, -4.24279E-03, 9.7984E-04
-9.3307E-09, 1.034720E-02, -4.76972E-03, 8.1122E-04
-9.3244E-09, 6.13177E-03, -5.19126E-03, 8.1122E-04
-9.3182E-09, 8.6249E-04, -5.61281E-03, 6.8476E-04
-9.3119E-09, -2.29907E-03, -6.13973E-03, 4.7399E-04
-9.3057E-09, -7.56835E-03, -6.45589E-03, 4.3183E-04
-9.2994E-09, -1.283763E-02, -6.77205E-03, 3.0537E-04
-9.2932E-09, -1.705305E-02, -7.19359E-03, 2.2106E-04
-9.2869E-09, -2.126848E-02, -7.19359E-03, 1.7891E-04
-9.2807E-09, -2.653776E-02, -7.29898E-03, 5.244E-05
-9.2744E-09, -3.128011E-02, -7.19359E-03, -3.186E-05
-9.2682E-09, -3.496860E-02, -7.08820E-03, -7.402E-05
-9.2619E-09, -3.813017E-02, -6.98282E-03, -7.402E-05
-9.2557E-09, -4.023788E-02, -6.87743E-03, -7.402E-05
-9.2494E-09, -4.287252E-02, -6.45589E-03, -7.402E-05
-9.2432E-09, -4.445330E-02, -6.13973E-03, -7.402E-05
-9.2369E-09, -4.445330E-02, -5.61281E-03, -7.402E-05
-9.2307E-09, -4.392638E-02, -5.19126E-03, 5.244E-05
-9.2244E-09, -4.287252E-02, -4.55895E-03, 9.460E-05
-9.2182E-09, -4.181866E-02, -4.03202E-03, 1.3675E-04
-9.2119E-09, -3.918403E-02, -3.08355E-03, 2.2106E-04
-9.2057E-09, -3.707631E-02, -2.55662E-03, 3.8968E-04
-9.1994E-09, -3.338782E-02, -1.71354E-03, 4.3183E-04
-9.1932E-09, -2.917239E-02, -9.7584E-04, 5.5830E-04
-9.1869E-09, -2.443004E-02, -2.737E-05, 5.5830E-04
-9.1807E-09, -2.126848E-02, 6.0494E-04, 8.1122E-04
-9.1744E-09, -1.547227E-02, 1.55341E-03, 8.9553E-04
-9.1682E-09, -1.072992E-02, 2.18573E-03, 1.02199E-03
-9.1619E-09, -6.51450E-03, 2.92343E-03, 1.19061E-03
-9.1557E-09, -2.29907E-03, 3.34497E-03, 1.14845E-03
-9.1494E-09, 2.44328E-03, 4.08267E-03, 1.23276E-03
-9.1432E-09, 6.65870E-03, 4.71498E-03, 1.31707E-03
-9.1369E-09, 1.034720E-02, 4.92575E-03, 1.44353E-03
-9.1307E-09, 1.350876E-02, 5.34729E-03, 1.44353E-03
-9.1244E-09, 1.508955E-02, 5.55806E-03, 1.48569E-03
-9.1182E-09, 1.667033E-02, 5.66345E-03, 1.44353E-03
-9.1119E-09, 1.877804E-02, 5.87422E-03, 1.48569E-03
-9.1057E-09, 1.719726E-02, 5.76884E-03, 1.44353E-03
-9.0994E-09, 1.772419E-02, 5.45268E-03, 1.48569E-03
-9.0932E-09, 1.772419E-02, 5.24191E-03, 1.44353E-03
-9.0869E-09, 1.561647E-02, 4.71498E-03, 1.40138E-03
-9.0807E-09, 1.245491E-02, 4.29344E-03, 1.27492E-03
-9.0744E-09, 9.82027E-03, 3.55574E-03, 1.19061E-03
-9.0682E-09, 6.13177E-03, 2.71265E-03, 1.06415E-03
-9.0619E-09, 2.97021E-03, 1.97495E-03, 9.7984E-04
-9.0557E-09, -2.29907E-03, 1.13187E-03, 9.3768E-04
-9.0494E-09, -5.98757E-03, 1.8340E-04, 8.9553E-04
-9.0432E-09, -1.072992E-02, -8.7046E-04, 8.1122E-04
-9.0369E-09, -1.494534E-02, -1.92431E-03, 7.2691E-04
-9.0307E-09, -1.968769E-02, -3.08355E-03, 6.8476E-04
-9.0244E-09, -2.337619E-02, -4.03202E-03, 6.8476E-04
-9.0182E-09, -2.864547E-02, -5.08588E-03, 6.0045E-04
-9.0119E-09, -3.180704E-02, -6.24512E-03, 6.0045E-04
-9.0057E-09, -3.602246E-02, -7.19359E-03, 5.5830E-04
-8.9994E-09, -3.918403E-02, -8.14206E-03, 5.5830E-04
-8.9932E-09, -4.129174E-02, -9.19592E-03, 6.0045E-04
-8.9869E-09, -4.287252E-02, -1.003900E-02, 6.4260E-04
-8.9807E-09, -4.498023E-02, -1.077670E-02, 6.8476E-04
-8.9744E-09, -4.445330E-02, -1.130363E-02, 7.6907E-04
-8.9682E-09, -4.445330E-02, -1.214671E-02, 8.1122E-04
-8.9619E-09, -4.445330E-02, -1.246287E-02, 9.7984E-04
-8.9557E-09, -4.287252E-02, -1.288441E-02, 9.7984E-04
-8.9494E-09, -4.129174E-02, -1.309518E-02, 1.06415E-03
-8.9432E-09, -3.865710E-02, -1.320057E-02, 1.19061E-03
-8.9369E-09, -3.549553E-02, -1.320057E-02, 1.27492E-03
-8.9307E-09, -3.180704E-02, -1.320057E-02, 1.35923E-03
-8.9244E-09, -2.864547E-02, -1.288441E-02, 1.40138E-03
-8.9182E-09, -2.548390E-02, -1.277903E-02, 1.52784E-03
-8.9119E-09, -2.074155E-02, -1.235748E-02, 1.57000E-03
-8.9057E-09, -1.705305E-02, -1.193594E-02, 1.65431E-03
-8.8994E-09, -1.336456E-02, -1.119824E-02, 1.73861E-03
-8.8932E-09, -9.14914E-03, -1.077670E-02, 1.69646E-03
-8.8869E-09, -3.87986E-03, -1.024977E-02, 1.73861E-03
-8.8807E-09, 3.3557E-04, -9.51207E-03, 1.73861E-03
-8.8744E-09, 4.02406E-03, -8.77437E-03, 1.73861E-03
-8.8682E-09, 7.18563E-03, -8.24745E-03, 1.69646E-03
-8.8619E-09, 1.034720E-02, -7.50975E-03, 1.69646E-03
-8.8557E-09, 1.298183E-02, -6.87743E-03, 1.48569E-03
-8.8494E-09, 1.561647E-02, -6.24512E-03, 1.44353E-03
-8.8432E-09, 1.772419E-02, -5.82358E-03, 1.44353E-03
-8.8369E-09, 1.983190E-02, -5.19126E-03, 1.23276E-03
-8.8307E-09, 2.035883E-02, -4.55895E-03, 1.23276E-03
-8.8244E-09, 2.088575E-02, -4.45356E-03, 1.19061E-03
-8.8182E-09, 2.088575E-02, -3.92664E-03, 1.14845E-03
-8.8119E-09, 2.141268E-02, -3.61048E-03, 9.7984E-04
-8.8057E-09, 2.088575E-02, -3.61048E-03, 9.7984E-04
-8.7994E-09, 1.983190E-02, -3.18894E-03, 9.7984E-04
-8.7932E-09, 1.877804E-02, -3.29432E-03, 9.3768E-04
-8.7869E-09, 1.772419E-02, -2.97817E-03, 8.9553E-04
-8.7807E-09, 1.561647E-02, -3.08355E-03, 9.3768E-04
-8.7744E-09, 1.456262E-02, -3.18894E-03, 9.7984E-04
-8.7682E-09, 1.192798E-02, -3.29432E-03, 1.02199E-03
-8.7619E-09, 9.82027E-03, -3.61048E-03, 1.10630E-03
-8.7557E-09, 7.71256E-03, -3.61048E-03, 1.23276E-03
-8.7494E-09, 5.60485E-03, -3.71587E-03, 1.31707E-03
-8.7432E-09, 3.49713E-03, -4.03202E-03, 1.48569E-03
-8.7369E-09, 1.38942E-03, -4.13741E-03, 1.52784E-03
-8.7307E-09, -7.1829E-04, -4.45356E-03, 1.82292E-03
-8.7244E-09, -2.82600E-03, -4.55895E-03, 1.86508E-03
-8.7182E-09, -4.93371E-03, -4.55895E-03, 2.07585E-03
-8.7119E-09, -5.98757E-03, -4.66434E-03, 2.11800E-03
-8.7057E-09, -8.62221E-03, -4.98049E-03, 2.32877E-03
-8.6994E-09, -1.020299E-02, -4.76972E-03, 2.45524E-03
-8.6932E-09, -1.125685E-02, -4.98049E-03, 2.49739E-03
-8.6869E-09, -1.178377E-02, -4.66434E-03, 2.58170E-03
-8.6807E-09, -1.336456E-02, -4.66434E-03, 2.58170E-03
-8.6744E-09, -1.441841E-02, -4.66434E-03, 2.66601E-03
-8.6682E-09, -1.547227E-02, -4.34818E-03, 2.66601E-03
-8.6619E-09, -1.705305E-02, -4.03202E-03, 2.66601E-03
-8.6557E-09, -1.810691E-02, -3.71587E-03, 2.49739E-03
-8.6494E-09, -1.757998E-02, -3.29432E-03, 2.41308E-03
-8.6432E-09, -1.863384E-02, -2.87278E-03, 2.32877E-03
-8.6369E-09, -1.916077E-02, -2.34585E-03, 2.07585E-03
-8.6307E-09, -1.916077E-02, -1.92431E-03, 1.90723E-03
-8.6244E-09, -1.916077E-02, -1.18661E-03, 1.69646E-03
-8.6182E-09, -2.074155E-02, -5.5430E-04, 1.52784E-03
-8.6119E-09, -1.916077E-02, 7.801E-05, 1.19061E-03
-8.6057E-09, -1.968769E-02, 8.1571E-04, 9.3768E-04
-8.5994E-09, -1.916077E-02, 1.34264E-03, 6.8476E-04
-8.5932E-09, -1.968769E-02, 2.08034E-03, 3.0537E-04
-8.5869E-09, -1.968769E-02, 2.81804E-03, 5.244E-05
-8.5807E-09, -1.916077E-02, 3.45035E-03, -2.4263E-04
-8.5744E-09, -1.916077E-02, 4.08267E-03, -4.9556E-04
-8.5682E-09, -1.863384E-02, 4.71498E-03, -7.9064E-04
-8.5619E-09, -1.916077E-02, 5.24191E-03, -9.5926E-04
-8.5557E-09, -1.863384E-02, 5.97961E-03, -1.21218E-03
-8.5494E-09, -1.810691E-02, 6.61192E-03, -1.33864E-03
-8.5432E-09, -1.757998E-02, 7.13885E-03, -1.38080E-03
-8.5369E-09, -1.705305E-02, 7.56039E-03, -1.50726E-03
-8.5307E-09, -1.705305E-02, 7.98193E-03, -1.50726E-03
-8.5244E-09, -1.599920E-02, 8.29809E-03, -1.54942E-03
-8.5182E-09, -1.547227E-02, 8.40348E-03, -1.50726E-03
-8.5119E-09, -1.494534E-02, 8.61425E-03, -1.38080E-03
-8.5057E-09, -1.494534E-02, 8.82502E-03, -1.25434E-03
-8.4994E-09, -1.441841E-02, 8.82502E-03, -1.04357E-03
-8.4932E-09, -1.336456E-02, 8.82502E-03, -8.7495E-04
-8.4869E-09, -1.283763E-02, 8.71963E-03, -6.6418E-04
-8.4807E-09, -1.283763E-02, 8.50886E-03, -4.5341E-04
-8.4744E-09, -1.231070E-02, 8.29809E-03, -2.0048E-04
-8.4682E-09, -1.283763E-02, 7.77116E-03, 5.244E-05
-8.4619E-09, -1.125685E-02, 7.45500E-03, 3.0537E-04
-8.4557E-09, -1.125685E-02, 6.82269E-03, 5.5830E-04
-8.4494E-09, -1.178377E-02, 6.19038E-03, 6.8476E-04
-8.4432E-09, -1.072992E-02, 5.66345E-03, 1.02199E-03
-8.4369E-09, -1.231070E-02, 5.24191E-03, 1.06415E-03
-8.4307E-09, -1.231070E-02, 4.39882E-03, 1.31707E-03
-8.4244E-09, -1.231070E-02, 3.66112E-03, 1.44353E-03
-8.4182E-09, -1.283763E-02, 3.02881E-03, 1.48569E-03
-8.4119E-09, -1.283763E-02, 2.18573E-03, 1.48569E-03
-8.4057E-09, -1.283763E-02, 1.44803E-03, 1.48569E-03
-8.3994E-09, -1.336456E-02, 6.0494E-04, 1.40138E-03
-8.3932E-09, -1.389149E-02, 1.8340E-04, 1.31707E-03
-8.3869E-09, -1.494534E-02, -5.5430E-04, 1.14845E-03
-8.3807E-09, -1.599920E-02, -1.39738E-03, 8.9553E-04
-8.3744E-09, -1.652613E-02, -1.60815E-03, 6.4260E-04
-8.3682E-09, -1.757998E-02, -2.13508E-03, 3.8968E-04
-8.3619E-09, -1.810691E-02, -2.76740E-03, 1.7891E-04
-8.3557E-09, -1.810691E-02, -3.08355E-03, -2.0048E-04
-8.3494E-09, -1.810691E-02, -3.39971E-03, -5.7987E-04
-8.3432E-09, -1.916077E-02, -3.50509E-03, -8.7495E-04
-8.3369E-09, -1.916077E-02, -3.61048E-03, -1.25434E-03
-8.3307E-09, -1.916077E-02, -3.50509E-03, -1.63372E-03
-8.3244E-09, -1.968769E-02, -3.39971E-03, -1.84450E-03
-8.3182E-09, -2.021462E-02, -3.18894E-03, -2.13958E-03
-8.3119E-09, -1.863384E-02, -2.97817E-03, -2.43465E-03
-8.3057E-09, -1.916077E-02, -2.66201E-03, -2.68758E-03
-8.2994E-09, -1.810691E-02, -2.13508E-03, -2.85620E-03
-8.2932E-09, -1.757998E-02, -1.71354E-03, -2.98266E-03
-8.2869E-09, -1.652613E-02, -1.08123E-03, -3.10912E-03
-8.2807E-09, -1.599920E-02, -7.6507E-04, -3.10912E-03
-8.2744E-09, -1.441841E-02, 7.801E-05, -3.10912E-03
-8.2682E-09, -1.336456E-02, 4.9956E-04, -2.98266E-03
-8.2619E-09, -1.231070E-02, 9.2110E-04, -2.77189E-03
-8.2557E-09, -1.072992E-02, 1.55341E-03, -2.68758E-03
-8.2494E-09, -9.14914E-03, 1.97495E-03, -2.39250E-03
-8.2432E-09, -7.56835E-03, 2.50188E-03, -2.05527E-03
-8.2369E-09, -5.98757E-03, 3.02881E-03, -1.71803E-03
-8.2307E-09, -5.98757E-03, 3.45035E-03, -1.29649E-03
-8.2244E-09, -4.93371E-03, 3.45035E-03, -8.3279E-04
-8.2182E-09, -3.87986E-03, 3.66112E-03, -4.1125E-04
-8.2119E-09, -1.77215E-03, 3.87190E-03, 1.3675E-04
-8.2057E-09, -2.29907E-03, 3.87190E-03, 5.5830E-04
-8.1994E-09, -1.77215E-03, 3.66112E-03, 1.10630E-03
-8.1932E-09, -1.77215E-03, 3.66112E-03, 1.57000E-03
-8.1869E-09, -1.24522E-03, 3.45035E-03, 2.03369E-03
-8.1807E-09, -1.24522E-03, 2.92343E-03, 2.53954E-03
-8.1744E-09, -2.29907E-03, 2.39650E-03, 2.87678E-03
-8.1682E-09, -2.82600E-03, 1.97495E-03, 3.29832E-03
-8.1619E-09, -3.35293E-03, 1.44803E-03, 3.67771E-03
-8.1557E-09, -4.40678E-03, 7.1033E-04, 4.01494E-03
-8.1494E-09, -5.46064E-03, 7.801E-05, 4.26787E-03
-8.1432E-09, -7.04142E-03, -9.7584E-04, 4.52079E-03
-8.1369E-09, -8.62221E-03, -1.50277E-03, 4.64726E-03
-8.1307E-09, -1.072992E-02, -2.45124E-03, 4.73156E-03
-8.1244E-09, -1.336456E-02, -3.29432E-03, 4.85803E-03
-8.1182E-09, -1.441841E-02, -4.03202E-03, 4.90018E-03
-8.1119E-09, -1.547227E-02, -4.66434E-03, 4.81587E-03
-8.1057E-09, -1.916077E-02, -5.40204E-03, 4.68941E-03
-8.0994E-09, -1.968769E-02, -6.13973E-03, 4.52079E-03
-8.0932E-09, -2.126848E-02, -6.66666E-03, 4.35218E-03
-8.0869E-09, -2.284926E-02, -7.08820E-03, 4.14140E-03
-8.0807E-09, -2.495697E-02, -7.72052E-03, 3.93063E-03
-8.0744E-09, -2.601083E-02, -7.93129E-03, 3.63555E-03
-8.0682E-09, -2.759161E-02, -8.14206E-03, 3.34047E-03
-8.0619E-09, -2.759161E-02, -8.56360E-03, 3.08755E-03
-8.0557E-09, -2.917239E-02, -8.56360E-03, 2.79247E-03
-8.0494E-09, -2.969932E-02, -8.66899E-03, 2.49739E-03
-8.0432E-09, -2.969932E-02, -8.45822E-03, 2.24446E-03
-8.0369E-09, -2.864547E-02, -8.35283E-03, 1.90723E-03
-8.0307E-09, -2.811854E-02, -8.03667E-03, 1.69646E-03
-8.0244E-09, -2.759161E-02, -7.61513E-03, 1.52784E-03
-8.0182E-09, -2.706468E-02, -7.40436E-03, 1.31707E-03
-8.0119E-09, -2.495697E-02, -6.87743E-03, 1.06415E-03
-8.0057E-09, -2.443004E-02, -6.35051E-03, 9.7984E-04
-7.9994E-09, -2.337619E-02, -5.61281E-03, 8.1122E-04
-7.9932E-09, -2.074155E-02, -4.98049E-03, 7.2691E-04
-7.9869E-09, -1.968769E-02, -4.34818E-03, 6.0045E-04
-7.9807E-09, -1.757998E-02, -3.92664E-03, 6.0045E-04
-7.9744E-09, -1.599920E-02, -3.18894E-03, 6.0045E-04
-7.9682E-09, -1.494534E-02, -2.66201E-03, 6.4260E-04
-7.9619E-09, -1.389149E-02, -1.92431E-03, 6.8476E-04
-7.9557E-09, -1.231070E-02, -1.50277E-03, 6.8476E-04
-7.9494E-09, -1.178377E-02, -8.7046E-04, 8.1122E-04
-7.9432E-09, -1.072992E-02, -2.3814E-04, 8.1122E-04
-7.9369E-09, -1.072992E-02, 1.8340E-04, 9.3768E-04
-7.9307E-09, -1.072992E-02, 6.0494E-04, 1.02199E-03
-7.9244E-09, -1.125685E-02, 1.13187E-03, 1.06415E-03
-7.9182E-09, -1.283763E-02, 1.55341E-03, 1.23276E-03
-7.9119E-09, -1.336456E-02, 1.76418E-03, 1.31707E-03
-7.9057E-09, -1.494534E-02, 2.08034E-03, 1.35923E-03
-7.8994E-09, -1.705305E-02, 2.18573E-03, 1.40138E-03
-7.8932E-09, -2.021462E-02, 2.29111E-03, 1.35923E-03
-7.8869E-09, -2.179541E-02, 2.39650E-03, 1.40138E-03
-7.8807E-09, -2.495697E-02, 2.60727E-03, 1.40138E-03
-7.8744E-09, -2.969932E-02, 2.50188E-03, 1.40138E-03
-7.8682E-09, -3.338782E-02, 2.50188E-03, 1.35923E-03
-7.8619E-09, -3.654939E-02, 2.39650E-03, 1.35923E-03
-7.8557E-09, -4.076481E-02, 2.29111E-03, 1.27492E-03
-7.8494E-09, -4.445330E-02, 2.08034E-03, 1.10630E-03
-7.8432E-09, -4.866873E-02, 1.65880E-03, 1.06415E-03
-7.8369E-09, -5.235722E-02, 1.34264E-03, 9.7984E-04
-7.8307E-09, -5.604572E-02, 1.02648E-03, 7.6907E-04
-7.8244E-09, -6.078807E-02, 4.9956E-04, 6.4260E-04
-7.8182E-09, -6.342271E-02, 7.801E-05, 6.0045E-04
-7.8119E-09, -6.658427E-02, -2.3814E-04, 3.8968E-04
-7.8057E-09, -6.974584E-02, -9.7584E-04, 3.0537E-04
-7.7994E-09, -7.132663E-02, -1.60815E-03, 1.7891E-04
-7.7932E-09, -7.396127E-02, -2.24047E-03, 5.244E-05
-7.7869E-09, -7.554205E-02, -2.87278E-03, -1.1617E-04
-7.7807E-09, -7.606898E-02, -3.50509E-03, -1.1617E-04
-7.7744E-09, -7.606898E-02, -4.03202E-03, -2.4263E-04
-7.7682E-09, -7.606898E-02, -4.98049E-03, -3.2694E-04
-7.7619E-09, -7.448819E-02, -5.40204E-03, -3.6910E-04
-7.7557E-09, -7.396127E-02, -6.13973E-03, -4.9556E-04
-7.7494E-09, -7.132663E-02, -6.87743E-03, -5.7987E-04
-7.7432E-09, -6.921891E-02, -7.61513E-03, -5.3771E-04
-7.7369E-09, -6.658427E-02, -8.03667E-03, -5.3771E-04
-7.7307E-09, -6.289578E-02, -8.66899E-03, -5.7987E-04
-7.7244E-09, -5.920728E-02, -9.09053E-03, -5.7987E-04
-7.7182E-09, -5.551879E-02, -9.61746E-03, -5.7987E-04
-7.7119E-09, -5.024951E-02, -9.82823E-03, -6.2202E-04
-7.7057E-09, -4.708794E-02, -1.014439E-02, -6.2202E-04
-7.6994E-09, -4.234559E-02, -1.046054E-02, -5.7987E-04
-7.6932E-09, -3.813017E-02, -1.046054E-02, -5.7987E-04
-7.6869E-09, -3.338782E-02, -1.046054E-02, -5.7987E-04
-7.6807E-09, -2.917239E-02, -1.024977E-02, -5.7987E-04
-7.6744E-09, -2.443004E-02, -1.014439E-02, -6.2202E-04
-7.6682E-09, -2.074155E-02, -9.82823E-03, -6.6418E-04
-7.6619E-09, -1.547227E-02, -9.30130E-03, -6.6418E-04
-7.6557E-09, -1.283763E-02, -8.66899E-03, -7.4849E-04
-7.6494E-09, -9.67606E-03, -8.03667E-03, -7.4849E-04
-7.6432E-09, -5.46064E-03, -7.29898E-03, -7.9064E-04
-7.6369E-09, -3.35293E-03, -6.24512E-03, -9.1710E-04
-7.6307E-09, -1.77215E-03, -5.50742E-03, -1.00141E-03
-7.6244E-09, -1.9136E-04, -4.24279E-03, -1.04357E-03
-7.6182E-09, 3.3557E-04, -3.39971E-03, -1.08572E-03
-7.6119E-09, 1.91635E-03, -2.02970E-03, -1.29649E-03
-7.6057E-09, 3.49713E-03, -8.7046E-04, -1.29649E-03
-7.5994E-09, 2.44328E-03, 3.9417E-04, -1.42295E-03
-7.5932E-09, 2.44328E-03, 1.55341E-03, -1.50726E-03
-7.5869E-09, 3.3557E-04, 2.92343E-03, -1.63372E-03
-7.5807E-09, 3.3557E-04, 3.97728E-03, -1.67588E-03
-7.5744E-09, -7.1829E-04, 5.24191E-03, -1.71803E-03
-7.5682E-09, -1.77215E-03, 6.29576E-03, -1.80234E-03
-7.5619E-09, -2.82600E-03, 7.45500E-03, -1.80234E-03
-7.5557E-09, -4.93371E-03, 8.40348E-03, -1.88665E-03
-7.5494E-09, -6.51450E-03, 9.35195E-03, -1.84450E-03
-7.5432E-09, -9.67606E-03, 1.040580E-02, -1.88665E-03
-7.5369E-09, -1.125685E-02, 1.135427E-02, -1.84450E-03
-7.5307E-09, -1.389149E-02, 1.198658E-02, -1.84450E-03
-7.5244E-09, -1.547227E-02, 1.251351E-02, -1.71803E-03
-7.5182E-09, -1.705305E-02, 1.293505E-02, -1.71803E-03
-7.5119E-09, -1.863384E-02, 1.325121E-02, -1.63372E-03
-7.5057E-09, -2.074155E-02, 1.356737E-02, -1.50726E-03
-7.4994E-09, -2.232233E-02, 1.367275E-02, -1.42295E-03
-7.4932E-09, -2.390312E-02, 1.377814E-02, -1.29649E-03
-7.4869E-09, -2.495697E-02, 1.377814E-02, -1.25434E-03
-7.4807E-09, -2.653776E-02, 1.356737E-02, -1.08572E-03
-7.4744E-09, -2.653776E-02, 1.325121E-02, -9.5926E-04
-7.4682E-09, -2.706468E-02, 1.293505E-02, -8.3279E-04
-7.4619E-09, -2.759161E-02, 1.251351E-02, -7.0633E-04
-7.4557E-09, -2.706468E-02, 1.209197E-02, -5.3771E-04
-7.4494E-09, -2.653776E-02, 1.145966E-02, -4.9556E-04
-7.4432E-09, -2.653776E-02, 1.093273E-02, -3.6910E-04
-7.4369E-09, -2.706468E-02, 1.030042E-02, -3.6910E-04
-7.4307E-09, -2.601083E-02, 9.56272E-03, -2.0048E-04
-7.4244E-09, -2.601083E-02, 9.03579E-03, -1.1617E-04
-7.4182E-09, -2.495697E-02, 8.29809E-03, -3.186E-05
-7.4119E-09, -2.390312E-02, 7.98193E-03, -3.186E-05
-7.4057E-09, -2.390312E-02, 7.24423E-03, 1.029E-05
-7.3994E-09, -2.284926E-02, 6.50653E-03, -1.1617E-04
-7.3932E-09, -2.232233E-02, 5.97961E-03, -3.186E-05
-7.3869E-09, -2.021462E-02, 5.45268E-03, -7.402E-05
-7.3807E-09, -1.916077E-02, 4.92575E-03, -1.5833E-04
-7.3744E-09, -1.916077E-02, 4.50421E-03, -2.8479E-04
-7.3682E-09, -1.810691E-02, 4.29344E-03, -2.8479E-04
-7.3619E-09, -1.757998E-02, 3.87190E-03, -3.2694E-04
-7.3557E-09, -1.705305E-02, 3.66112E-03, -5.3771E-04
-7.3494E-09, -1.705305E-02, 3.66112E-03, -6.6418E-04
-7.3432E-09, -1.705305E-02, 3.45035E-03, -7.9064E-04
-7.3369E-09, -1.705305E-02, 3.55574E-03, -9.1710E-04
-7.3307E-09, -1.652613E-02, 3.55574E-03, -9.5926E-04
-7.3244E-09, -1.810691E-02, 3.66112E-03, -1.08572E-03
-7.3182E-09, -1.968769E-02, 3.87190E-03, -1.12787E-03
-7.3119E-09, -2.021462E-02, 4.29344E-03, -1.33864E-03
-7.3057E-09, -2.337619E-02, 4.50421E-03, -1.38080E-03
-7.2994E-09, -2.443004E-02, 4.82037E-03, -1.38080E-03
-7.2932E-09, -2.759161E-02, 5.34729E-03, -1.46511E-03
-7.2869E-09, -2.969932E-02, 5.55806E-03, -1.42295E-03
-7.2807E-09, -3.286089E-02, 5.97961E-03, -1.42295E-03
-7.2744E-09, -3.602246E-02, 6.40115E-03, -1.42295E-03
-7.2682E-09, -3.918403E-02, 6.82269E-03, -1.33864E-03
-7.2619E-09, -4.392638E-02, 7.13885E-03, -1.21218E-03
-7.2557E-09, -4.656101E-02, 7.24423E-03, -1.04357E-03
-7.2494E-09, -5.130336E-02, 7.45500E-03, -8.7495E-04
-7.2432E-09, -5.657265E-02, 7.77116E-03, -6.6418E-04
-7.2369E-09, -6.078807E-02, 7.77116E-03, -4.5341E-04
-7.2307E-09, -6.500349E-02, 7.66578E-03, -1.5833E-04
-7.2244E-09, -7.027277E-02, 7.66578E-03, 1.3675E-04
-7.2182E-09, -7.501512E-02, 7.13885E-03, 5.1614E-04
-7.2119E-09, -8.028440E-02, 6.82269E-03, 7.6907E-04
-7.2057E-09, -8.502675E-02, 6.19038E-03, 1.14845E-03
-7.1994E-09, -9.082296E-02, 5.76884E-03, 1.57000E-03
-7.1932E-09, -9.451145E-02, 4.92575E-03, 1.90723E-03
-7.1869E-09, -9.925380E-02, 3.97728E-03, 2.16016E-03
-7.1807E-09, -1.0399615E-01, 3.02881E-03, 2.53954E-03
-7.1744E-09, -1.0821158E-01, 1.76418E-03, 2.83462E-03
-7.1682E-09, -1.1190007E-01, 7.1033E-04, 3.21401E-03
-7.1619E-09, -1.1611550E-01, -8.7046E-04, 3.63555E-03
-7.1557E-09, -1.1980399E-01, -2.24047E-03, 3.88848E-03
-7.1494E-09, -1.2243863E-01, -3.71587E-03, 4.09925E-03
-7.1432E-09, -1.2507327E-01, -5.19126E-03, 4.31002E-03
-7.1369E-09, -1.2665406E-01, -6.98282E-03, 4.47864E-03
-7.1307E-09, -1.2876177E-01, -8.56360E-03, 4.73156E-03
-7.1244E-09, -1.3034254E-01, -1.003900E-02, 4.81587E-03
-7.1182E-09, -1.3086948E-01, -1.151440E-02, 4.94234E-03
-7.1119E-09, -1.3086948E-01, -1.298980E-02, 4.90018E-03
-7.1057E-09, -1.3139640E-01, -1.446519E-02, 4.90018E-03
-7.0994E-09, -1.3086948E-01, -1.572982E-02, 4.85803E-03
-7.0932E-09, -1.3034254E-01, -1.678368E-02, 4.73156E-03
-7.0869E-09, -1.2823483E-01, -1.783753E-02, 4.56295E-03
-7.0807E-09, -1.2665406E-01, -1.868062E-02, 4.39433E-03
-7.0744E-09, -1.2507327E-01, -1.920754E-02, 4.14140E-03
-7.0682E-09, -1.2296556E-01, -1.973447E-02, 3.88848E-03
-7.0619E-09, -1.2033091E-01, -1.983986E-02, 3.71986E-03
-7.0557E-09, -1.1716935E-01, -1.983986E-02, 3.34047E-03
-7.0494E-09, -1.1348086E-01, -1.941832E-02, 3.00324E-03
-7.0432E-09, -1.1031929E-01, -1.910216E-02, 2.66601E-03
-7.0369E-09, -1.0610387E-01, -1.825907E-02, 2.37093E-03
-7.0307E-09, -1.0346922E-01, -1.741599E-02, 2.07585E-03
-7.0244E-09, -1.0030766E-01, -1.615136E-02, 1.73861E-03
-7.0182E-09, -9.609224E-02, -1.499212E-02, 1.52784E-03
-7.0119E-09, -9.240374E-02, -1.351672E-02, 1.23276E-03
-7.0057E-09, -8.976910E-02, -1.183056E-02, 1.06415E-03
-6.9994E-09, -8.660753E-02, -1.003900E-02, 8.1122E-04
-6.9932E-09, -8.344597E-02, -8.35283E-03, 6.0045E-04
-6.9869E-09, -8.081133E-02, -6.35051E-03, 4.3183E-04
-6.9807E-09, -7.870361E-02, -4.45356E-03, 3.0537E-04
-6.9744E-09, -7.659590E-02, -2.45124E-03, 2.6322E-04
-6.9682E-09, -7.396127E-02, -4.4891E-04, 3.0537E-04
-6.9619E-09, -7.448819E-02, 1.34264E-03, 3.0537E-04
-6.9557E-09, -7.238048E-02, 3.34497E-03, 3.0537E-04
-6.9494E-09, -7.290741E-02, 4.82037E-03, 3.4752E-04
-6.9432E-09, -7.343434E-02, 6.40115E-03, 5.1614E-04
-6.9369E-09, -7.343434E-02, 7.87655E-03, 5.1614E-04
-6.9307E-09, -7.448819E-02, 8.93040E-03, 6.8476E-04
-6.9244E-09, -7.764976E-02, 9.98426E-03, 7.6907E-04
-6.9182E-09, -8.028440E-02, 1.061657E-02, 9.7984E-04
-6.9119E-09, -8.239211E-02, 1.135427E-02, 1.06415E-03
-6.9057E-09, -8.660753E-02, 1.156504E-02, 1.23276E-03
-6.8994E-09, -8.924218E-02, 1.177581E-02, 1.31707E-03
-6.8932E-09, -9.503838E-02, 1.145966E-02, 1.35923E-03
-6.8869E-09, -9.925380E-02, 1.114350E-02, 1.40138E-03
-6.8807E-09, -1.0346922E-01, 1.040580E-02, 1.48569E-03
-6.8744E-09, -1.0926543E-01, 9.77349E-03, 1.48569E-03
-6.8682E-09, -1.1453471E-01, 8.71963E-03, 1.48569E-03
-6.8619E-09, -1.2033091E-01, 7.87655E-03, 1.40138E-03
-6.8557E-09, -1.2665406E-01, 6.61192E-03, 1.27492E-03
-6.8494E-09, -1.3297719E-01, 5.45268E-03, 1.02199E-03
-6.8432E-09, -1.3930032E-01, 4.08267E-03, 8.1122E-04
-6.8369E-09, -1.4456961E-01, 2.71265E-03, 5.5830E-04
-6.8307E-09, -1.5089273E-01, 1.34264E-03, 3.4752E-04
-6.8244E-09, -1.5721586E-01, 7.801E-05, -3.186E-05
-6.8182E-09, -1.6301207E-01, -1.29200E-03, -3.6910E-04
-6.8119E-09, -1.6880828E-01, -2.34585E-03, -7.9064E-04
-6.8057E-09, -1.7460449E-01, -3.61048E-03, -1.17003E-03
-6.7994E-09, -1.7987376E-01, -4.45356E-03, -1.59157E-03
-6.7932E-09, -1.8408918E-01, -5.40204E-03, -1.97096E-03
-6.7869E-09, -1.8830462E-01, -6.35051E-03, -2.39250E-03
-6.7807E-09, -1.9252004E-01, -6.77205E-03, -2.77189E-03
-6.7744E-09, -1.9568160E-01, -7.19359E-03, -3.19343E-03
-6.7682E-09, -1.9937010E-01, -7.50975E-03, -3.61497E-03
-6.7619E-09, -2.0253167E-01, -7.61513E-03, -3.82574E-03
-6.7557E-09, -2.0516631E-01, -7.61513E-03, -4.20513E-03
-6.7494E-09, -2.0727402E-01, -7.19359E-03, -4.41590E-03
-6.7432E-09, -2.0885479E-01, -7.08820E-03, -4.62667E-03
-6.7369E-09, -2.1043558E-01, -6.56128E-03, -4.79529E-03
-6.7307E-09, -2.1201637E-01, -5.82358E-03, -4.87960E-03
-6.7244E-09, -2.1412408E-01, -5.29665E-03, -4.92175E-03
-6.7182E-09, -2.1465100E-01, -4.66434E-03, -4.92175E-03
-6.7119E-09, -2.1570486E-01, -3.50509E-03, -4.83745E-03
-6.7057E-09, -2.1675871E-01, -2.87278E-03, -4.66883E-03
-6.6994E-09, -2.1781257E-01, -2.02970E-03, -4.45806E-03
-6.6932E-09, -2.1886644E-01, -1.29200E-03, -4.28944E-03
-6.6869E-09, -2.1992029E-01, -2.3814E-04, -3.99436E-03
-6.6807E-09, -2.1992029E-01, 4.9956E-04, -3.61497E-03
-6.6744E-09, -2.2150107E-01, 1.13187E-03, -3.23559E-03
-6.6682E-09, -2.2255492E-01, 1.97495E-03, -2.81404E-03
-6.6619E-09, -2.2360878E-01, 2.60727E-03, -2.30819E-03
-6.6557E-09, -2.2466263E-01, 3.23958E-03, -1.84450E-03
-6.6494E-09, -2.2729728E-01, 3.87190E-03, -1.46511E-03
-6.6432E-09, -2.2993192E-01, 4.08267E-03, -9.5926E-04
-6.6369E-09, -2.3151270E-01, 4.29344E-03, -5.3771E-04
-6.6307E-09, -2.3414734E-01, 4.71498E-03, 5.244E-05
-6.6244E-09, -2.3625505E-01, 4.92575E-03, 4.7399E-04
-6.6182E-09, -2.3994355E-01, 4.92575E-03, 9.7984E-04
-6.6119E-09, -2.4205126E-01, 5.24191E-03, 1.40138E-03
-6.6057E-09, -2.4521282E-01, 5.13652E-03, 1.82292E-03
-6.5994E-09, -2.4890132E-01, 5.03114E-03, 2.16016E-03
-6.5932E-09, -2.5311676E-01, 5.03114E-03, 2.49739E-03
-6.5869E-09, -2.5522447E-01, 5.03114E-03, 2.79247E-03
-6.5807E-09, -2.5891295E-01, 4.92575E-03, 3.04540E-03
-6.5744E-09, -2.6154760E-01, 4.82037E-03, 3.34047E-03
-6.5682E-09, -2.6576301E-01, 4.60959E-03, 3.46694E-03
-6.5619E-09, -2.6892459E-01, 4.29344E-03, 3.63555E-03
-6.5557E-09, -2.7050537E-01, 4.39882E-03, 3.71986E-03
-6.5494E-09, -2.7314001E-01, 4.29344E-03, 3.67771E-03
-6.5432E-09, -2.7577463E-01, 4.18805E-03, 3.76202E-03
-6.5369E-09, -2.7788237E-01, 3.97728E-03, 3.71986E-03
-6.5307E-09, -2.7999008E-01, 3.87190E-03, 3.63555E-03
-6.5244E-09, -2.8157085E-01, 3.87190E-03, 3.59340E-03
-6.5182E-09, -2.8315163E-01, 3.55574E-03, 3.55125E-03
-6.5119E-09, -2.8315163E-01, 3.76651E-03, 3.25617E-03
-6.5057E-09, -2.8473240E-01, 3.76651E-03, 3.17186E-03
-6.4994E-09, -2.8578627E-01, 3.55574E-03, 2.96109E-03
-6.4932E-09, -2.8473240E-01, 3.45035E-03, 2.83462E-03
-6.4869E-09, -2.8420550E-01, 3.23958E-03, 2.58170E-03
-6.4807E-09, -2.8420550E-01, 3.13420E-03, 2.41308E-03
-6.4744E-09, -2.8367856E-01, 3.02881E-03, 2.11800E-03
-6.4682E-09, -2.8315163E-01, 2.81804E-03, 1.94939E-03
-6.4619E-09, -2.8262469E-01, 2.39650E-03, 1.69646E-03
-6.4557E-09, -2.8157085E-01, 2.39650E-03, 1.40138E-03
-6.4494E-09, -2.8051698E-01, 2.18573E-03, 1.23276E-03
-6.4432E-09, -2.7946314E-01, 1.97495E-03, 1.02199E-03
-6.4369E-09, -2.7840927E-01, 1.55341E-03, 7.2691E-04
-6.4307E-09, -2.7893621E-01, 1.23726E-03, 6.0045E-04
-6.4244E-09, -2.7840927E-01, 9.2110E-04, 3.8968E-04
-6.4182E-09, -2.7735543E-01, 2.8879E-04, 2.6322E-04
-6.4119E-09, -2.7630156E-01, -2.737E-05, 5.244E-05
-6.4057E-09, -2.7682850E-01, -4.4891E-04, -3.186E-05
-6.3994E-09, -2.7682850E-01, -8.7046E-04, -2.4263E-04
-6.3932E-09, -2.7630156E-01, -1.39738E-03, -3.2694E-04
-6.3869E-09, -2.7735543E-01, -1.81893E-03, -3.6910E-04
-6.3807E-09, -2.7735543E-01, -2.24047E-03, -4.5341E-04
-6.3744E-09, -2.7840927E-01, -2.45124E-03, -4.9556E-04
-6.3682E-09, -2.7893621E-01, -2.87278E-03, -5.3771E-04
-6.3619E-09, -2.7946314E-01, -2.97817E-03, -4.5341E-04
-6.3557E-09, -2.8104392E-01, -3.29432E-03, -4.1125E-04
-6.3494E-09, -2.8157085E-01, -3.39971E-03, -4.1125E-04
-6.3432E-09, -2.8315163E-01, -3.50509E-03, -2.4263E-04
-6.3369E-09, -2.8420550E-01, -3.50509E-03, -2.4263E-04
-6.3307E-09, -2.8473240E-01, -3.39971E-03, -7.402E-05
-6.3244E-09, -2.8578627E-01, -3.39971E-03, 1.7891E-04
-6.3182E-09, -2.8684014E-01, -3.39971E-03, 3.8968E-04
-6.3119E-09, -2.8684014E-01, -2.97817E-03, 5.5830E-04
-6.3057E-09, -2.8842092E-01, -2.66201E-03, 7.6907E-04
-6.2994E-09, -2.8842092E-01, -2.66201E-03, 9.7984E-04
-6.2932E-09, -2.8736705E-01, -2.13508E-03, 1.31707E-03
-6.2869E-09, -2.8631321E-01, -1.60815E-03, 1.52784E-03
-6.2807E-09, -2.8578627E-01, -1.71354E-03, 1.94939E-03
-6.2744E-09, -2.8420550E-01, -1.29200E-03, 2.20231E-03
-6.2682E-09, -2.8262469E-01, -9.7584E-04, 2.58170E-03
-6.2619E-09, -2.8051698E-01, -7.6507E-04, 2.83462E-03
-6.2557E-09, -2.7893621E-01, -2.3814E-04, 3.12970E-03
-6.2494E-09, -2.7577463E-01, 7.801E-05, 3.38263E-03
-6.2432E-09, -2.7314001E-01, 3.9417E-04, 3.76202E-03
-6.2369E-09, -2.6945150E-01, 6.0494E-04, 4.05710E-03
-6.2307E-09, -2.6523608E-01, 7.1033E-04, 4.26787E-03
-6.2244E-09, -2.6207453E-01, 1.02648E-03, 4.56295E-03
-6.2182E-09, -2.5785908E-01, 1.02648E-03, 4.73156E-03
-6.2119E-09, -2.5311676E-01, 1.23726E-03, 4.90018E-03
-6.2057E-09, -2.5048211E-01, 1.23726E-03, 5.06880E-03
-6.1994E-09, -2.4626668E-01, 1.23726E-03, 5.11095E-03
-6.1932E-09, -2.4152432E-01, 1.23726E-03, 5.23741E-03
-6.1869E-09, -2.3783584E-01, 1.13187E-03, 5.36388E-03
-6.1807E-09, -2.3414734E-01, 8.1571E-04, 5.36388E-03
-6.1744E-09, -2.2940499E-01, 8.1571E-04, 5.32172E-03
-6.1682E-09, -2.2624342E-01, 3.9417E-04, 5.32172E-03
-6.1619E-09, -2.2360878E-01, 7.801E-05, 5.23741E-03
-6.1557E-09, -2.2044721E-01, -1.3276E-04, 5.06880E-03
-6.1494E-09, -2.1833950E-01, -2.3814E-04, 5.02664E-03
-6.1432E-09, -2.1833950E-01, -5.5430E-04, 4.90018E-03
-6.1369E-09, -2.1570486E-01, -1.08123E-03, 4.73156E-03
-6.1307E-09, -2.1675871E-01, -1.29200E-03, 4.60510E-03
-6.1244E-09, -2.1623179E-01, -1.71354E-03, 4.39433E-03
-6.1182E-09, -2.1623179E-01, -2.02970E-03, 4.22571E-03
-6.1119E-09, -2.1781257E-01, -2.24047E-03, 3.97279E-03
-6.1057E-09, -2.1833950E-01, -2.66201E-03, 3.80417E-03
-6.0994E-09, -2.2150107E-01, -2.76740E-03, 3.59340E-03
-6.0932E-09, -2.2255492E-01, -3.18894E-03, 3.38263E-03
-6.0869E-09, -2.2571649E-01, -3.29432E-03, 3.17186E-03
-6.0807E-09, -2.2782421E-01, -3.61048E-03, 3.00324E-03
-6.0744E-09, -2.3203963E-01, -3.61048E-03, 2.79247E-03
-6.0682E-09, -2.3467426E-01, -3.61048E-03, 2.62385E-03
-6.0619E-09, -2.3783584E-01, -3.82125E-03, 2.49739E-03
-6.0557E-09, -2.4152432E-01, -3.82125E-03, 2.41308E-03
-6.0494E-09, -2.4415897E-01, -3.82125E-03, 2.28662E-03
-6.0432E-09, -2.4784747E-01, -3.82125E-03, 2.24446E-03
-6.0369E-09, -2.5048211E-01, -3.50509E-03, 2.16016E-03
-6.0307E-09, -2.5258982E-01, -3.50509E-03, 2.03369E-03
-6.0244E-09, -2.5469753E-01, -3.29432E-03, 1.99154E-03
-6.0182E-09, -2.5522447E-01, -3.18894E-03, 1.99154E-03
-6.0119E-09, -2.5522447E-01, -2.55662E-03, 1.90723E-03
-6.0057E-09, -2.5469753E-01, -2.45124E-03, 1.86508E-03
-5.9994E-09, -2.5417060E-01, -2.13508E-03, 1.86508E-03
-5.9932E-09, -2.5258982E-01, -1.71354E-03, 1.82292E-03
-5.9869E-09, -2.4942824E-01, -1.08123E-03, 1.78077E-03
-5.9807E-09, -2.4679361E-01, -6.5968E-04, 1.73861E-03
-5.9744E-09, -2.4363205E-01, -2.3814E-04, 1.69646E-03
-5.9682E-09, -2.3888969E-01, 2.8879E-04, 1.65431E-03
-5.9619E-09, -2.3362041E-01, 1.02648E-03, 1.61215E-03
-5.9557E-09, -2.2729728E-01, 1.55341E-03, 1.57000E-03
-5.9494E-09, -2.1992029E-01, 2.39650E-03, 1.48569E-03
-5.9432E-09, -2.1412408E-01, 2.71265E-03, 1.40138E-03
-5.9369E-09, -2.0622016E-01, 3.55574E-03, 1.35923E-03
-5.9307E-09, -1.9884317E-01, 4.18805E-03, 1.35923E-03
-5.9244E-09, -1.9041233E-01, 4.82037E-03, 1.27492E-03
-5.9182E-09, -1.8250841E-01, 5.24191E-03, 1.19061E-03
-5.9119E-09, -1.7407756E-01, 5.97961E-03, 1.19061E-03
-5.9057E-09, -1.6564672E-01, 6.50653E-03, 1.14845E-03
-5.8994E-09, -1.5774280E-01, 6.92808E-03, 1.10630E-03
-5.8932E-09, -1.4931194E-01, 7.24423E-03, 1.02199E-03
-5.8869E-09, -1.4246190E-01, 7.66578E-03, 9.7984E-04
-5.8807E-09, -1.3666569E-01, 7.77116E-03, 1.02199E-03
-5.8744E-09, -1.3034254E-01, 8.08732E-03, 9.7984E-04
-5.8682E-09, -1.2612712E-01, 8.08732E-03, 1.10630E-03
-5.8619E-09, -1.2138478E-01, 7.98193E-03, 1.23276E-03
-5.8557E-09, -1.1822321E-01, 7.66578E-03, 1.27492E-03
-5.8494E-09, -1.1506164E-01, 7.45500E-03, 1.44353E-03
-5.8432E-09, -1.1453471E-01, 7.03346E-03, 1.65431E-03
-5.8369E-09, -1.1295393E-01, 6.40115E-03, 1.78077E-03
-5.8307E-09, -1.1348086E-01, 5.87422E-03, 1.99154E-03
-5.8244E-09, -1.1453471E-01, 5.13652E-03, 2.24446E-03
-5.8182E-09, -1.1769628E-01, 4.29344E-03, 2.45524E-03
-5.8119E-09, -1.1927706E-01, 3.23958E-03, 2.75032E-03
-5.8057E-09, -1.2296556E-01, 2.08034E-03, 3.00324E-03
-5.7994E-09, -1.2718098E-01, 1.13187E-03, 3.21401E-03
-5.7932E-09, -1.3192333E-01, -1.3276E-04, 3.46694E-03
-5.7869E-09, -1.3719261E-01, -1.50277E-03, 3.76202E-03
-5.7807E-09, -1.4351575E-01, -2.87278E-03, 4.01494E-03
-5.7744E-09, -1.4983888E-01, -4.13741E-03, 4.22571E-03
-5.7682E-09, -1.5616201E-01, -5.50742E-03, 4.39433E-03
-5.7619E-09, -1.6301207E-01, -6.77205E-03, 4.64726E-03
-5.7557E-09, -1.6828136E-01, -8.14206E-03, 4.64726E-03
-5.7494E-09, -1.7460449E-01, -9.30130E-03, 4.73156E-03
-5.7432E-09, -1.7987376E-01, -1.067131E-02, 4.85803E-03
-5.7369E-09, -1.8619691E-01, -1.193594E-02, 4.81587E-03
-5.7307E-09, -1.8988539E-01, -1.330595E-02, 4.77372E-03
-5.7244E-09, -1.9462775E-01, -1.435981E-02, 4.60510E-03
-5.7182E-09, -1.9778931E-01, -1.520289E-02, 4.52079E-03
-5.7119E-09, -2.0042396E-01, -1.604598E-02, 4.22571E-03
-5.7057E-09, -2.0147781E-01, -1.688906E-02, 4.01494E-03
-5.6994E-09, -2.0305860E-01, -1.762676E-02, 3.67771E-03
-5.6932E-09, -2.0358552E-01, -1.825907E-02, 3.25617E-03
-5.6869E-09, -2.0305860E-01, -1.878600E-02, 2.87678E-03
-5.6807E-09, -2.0358552E-01, -1.920754E-02, 2.45524E-03
-5.6744E-09, -2.0095088E-01, -1.931293E-02, 1.94939E-03
-5.6682E-09, -1.9989702E-01, -1.931293E-02, 1.52784E-03
-5.6619E-09, -1.9620854E-01, -1.941832E-02, 1.02199E-03
-5.6557E-09, -1.9357389E-01, -1.941832E-02, 4.7399E-04
-5.6494E-09, -1.8988539E-01, -1.920754E-02, -7.402E-05
-5.6432E-09, -1.8725076E-01, -1.889139E-02, -4.9556E-04
-5.6369E-09, -1.8250841E-01, -1.857523E-02, -1.00141E-03
-5.6307E-09, -1.7881991E-01, -1.815369E-02, -1.50726E-03
-5.6244E-09, -1.7355064E-01, -1.762676E-02, -1.88665E-03
-5.6182E-09, -1.7091599E-01, -1.699445E-02, -2.35035E-03
-5.6119E-09, -1.6617364E-01, -1.625675E-02, -2.68758E-03
-5.6057E-09, -1.6248515E-01, -1.572982E-02, -2.94051E-03
-5.5994E-09, -1.5879665E-01, -1.488674E-02, -3.23559E-03
-5.5932E-09, -1.5563509E-01, -1.404365E-02, -3.40420E-03
-5.5869E-09, -1.5300044E-01, -1.320057E-02, -3.53066E-03
-5.5807E-09, -1.5036580E-01, -1.246287E-02, -3.65713E-03
-5.5744E-09, -1.4825809E-01, -1.130363E-02, -3.61497E-03
-5.5682E-09, -1.4667732E-01, -1.035516E-02, -3.61497E-03
-5.5619E-09, -1.4615038E-01, -9.40669E-03, -3.48851E-03
-5.5557E-09, -1.4509653E-01, -8.45822E-03, -3.27774E-03
-5.5494E-09, -1.4351575E-01, -7.29898E-03, -3.02481E-03
-5.5432E-09, -1.4298882E-01, -6.35051E-03, -2.77189E-03
-5.5369E-09, -1.4298882E-01, -5.19126E-03, -2.56112E-03
-5.5307E-09, -1.4298882E-01, -3.92664E-03, -2.09742E-03
-5.5244E-09, -1.4193496E-01, -2.76740E-03, -1.76019E-03
-5.5182E-09, -1.4193496E-01, -1.71354E-03, -1.38080E-03
-5.5119E-09, -1.4193496E-01, -5.5430E-04, -9.5926E-04
-5.5057E-09, -1.4088111E-01, 4.9956E-04, -5.7987E-04
-5.4994E-09, -1.4035417E-01, 1.55341E-03, -1.5833E-04
-5.4932E-09, -1.3930032E-01, 2.92343E-03, 2.6322E-04
-5.4869E-09, -1.3771954E-01, 4.08267E-03, 5.5830E-04
-5.4807E-09, -1.3719261E-01, 5.03114E-03, 9.7984E-04
-5.4744E-09, -1.3508490E-01, 6.08499E-03, 1.27492E-03
-5.4682E-09, -1.3245025E-01, 7.24423E-03, 1.52784E-03
-5.4619E-09, -1.3086948E-01, 8.19270E-03, 1.78077E-03
-5.4557E-09, -1.2718098E-01, 9.14117E-03, 1.99154E-03
-5.4494E-09, -1.2349249E-01, 9.98426E-03, 2.11800E-03
-5.4432E-09, -1.2033091E-01, 1.072196E-02, 2.24446E-03
-5.4369E-09, -1.1611550E-01, 1.156504E-02, 2.32877E-03
-5.4307E-09, -1.1242700E-01, 1.209197E-02, 2.37093E-03
-5.4244E-09, -1.0715772E-01, 1.261890E-02, 2.32877E-03
-5.4182E-09, -1.0294230E-01, 1.325121E-02, 2.20231E-03
-5.4119E-09, -9.819995E-02, 1.346198E-02, 2.07585E-03
-5.4057E-09, -9.345759E-02, 1.377814E-02, 2.03369E-03
-5.3994E-09, -8.924218E-02, 1.388352E-02, 1.86508E-03
-5.3932E-09, -8.397289E-02, 1.377814E-02, 1.61215E-03
-5.3869E-09, -8.028440E-02, 1.367275E-02, 1.35923E-03
-5.3807E-09, -7.606898E-02, 1.335660E-02, 1.19061E-03
-5.3744E-09, -7.290741E-02, 1.293505E-02, 9.7984E-04
-5.3682E-09, -6.816506E-02, 1.251351E-02, 7.2691E-04
-5.3619E-09, -6.605735E-02, 1.177581E-02, 5.1614E-04
-5.3557E-09, -6.394964E-02, 1.114350E-02, 3.8968E-04
-5.3494E-09, -6.131500E-02, 1.040580E-02, 9.460E-05
-5.3432E-09, -6.026114E-02, 9.66810E-03, 1.029E-05
-5.3369E-09, -5.868036E-02, 8.82502E-03, -1.5833E-04
-5.3307E-09, -5.762650E-02, 7.77116E-03, -2.8479E-04
-5.3244E-09, -5.709957E-02, 6.82269E-03, -3.6910E-04
-5.3182E-09, -5.762650E-02, 5.66345E-03, -4.1125E-04
-5.3119E-09, -5.657265E-02, 4.60959E-03, -4.5341E-04
-5.3057E-09, -5.762650E-02, 3.76651E-03, -4.1125E-04
-5.2994E-09, -5.762650E-02, 2.50188E-03, -3.6910E-04
-5.2932E-09, -5.868036E-02, 1.55341E-03, -3.6910E-04
-5.2869E-09, -5.868036E-02, 8.1571E-04, -3.2694E-04
-5.2807E-09, -6.026114E-02, -2.3814E-04, -1.5833E-04
-5.2744E-09, -6.026114E-02, -1.08123E-03, -1.1617E-04
-5.2682E-09, -6.078807E-02, -1.81893E-03, 5.244E-05
-5.2619E-09, -6.184192E-02, -2.55662E-03, 2.6322E-04
-5.2557E-09, -6.184192E-02, -3.29432E-03, 3.8968E-04
-5.2494E-09, -6.078807E-02, -3.92664E-03, 5.1614E-04
-5.2432E-09, -6.078807E-02, -4.24279E-03, 6.8476E-04
-5.2369E-09, -5.973421E-02, -4.76972E-03, 8.1122E-04
-5.2307E-09, -5.920728E-02, -5.08588E-03, 1.02199E-03
-5.2244E-09, -5.762650E-02, -5.29665E-03, 1.10630E-03
-5.2182E-09, -5.604572E-02, -5.50742E-03, 1.23276E-03
-5.2119E-09, -5.235722E-02, -5.61281E-03, 1.23276E-03
-5.2057E-09, -4.866873E-02, -5.82358E-03, 1.35923E-03
-5.1994E-09, -4.656101E-02, -5.92896E-03, 1.44353E-03
-5.1932E-09, -4.234559E-02, -5.92896E-03, 1.35923E-03
-5.1869E-09, -3.865710E-02, -5.82358E-03, 1.40138E-03
-5.1807E-09, -3.496860E-02, -5.92896E-03, 1.31707E-03
-5.1744E-09, -3.075318E-02, -5.82358E-03, 1.19061E-03
-5.1682E-09, -2.706468E-02, -5.82358E-03, 1.19061E-03
-5.1619E-09, -2.284926E-02, -6.03435E-03, 1.02199E-03
-5.1557E-09, -1.916077E-02, -5.82358E-03, 8.9553E-04
-5.1494E-09, -1.494534E-02, -5.82358E-03, 6.8476E-04
-5.1432E-09, -1.125685E-02, -5.82358E-03, 5.5830E-04
-5.1369E-09, -7.56835E-03, -6.03435E-03, 3.4752E-04
-5.1307E-09, -2.82600E-03, -6.13973E-03, 1.7891E-04
-5.1244E-09, 3.3557E-04, -6.24512E-03, 1.029E-05
-5.1182E-09, 2.44328E-03, -6.35051E-03, -2.4263E-04
-5.1119E-09, 6.13177E-03, -6.24512E-03, -4.5341E-04
-5.1057E-09, 8.23948E-03, -6.45589E-03, -6.2202E-04
-5.0994E-09, 1.140105E-02, -6.66666E-03, -7.9064E-04
-5.0932E-09, 1.350876E-02, -6.77205E-03, -8.3279E-04
-5.0869E-09, 1.561647E-02, -7.08820E-03, -1.04357E-03
-5.0807E-09, 1.667033E-02, -6.98282E-03, -1.12787E-03
-5.0744E-09, 1.772419E-02, -7.08820E-03, -1.21218E-03
-5.0682E-09, 1.877804E-02, -6.98282E-03, -1.25434E-03
-5.0619E-09, 1.983190E-02, -6.98282E-03, -1.29649E-03
-5.0557E-09, 2.035883E-02, -6.87743E-03, -1.38080E-03
-5.0494E-09, 2.141268E-02, -6.56128E-03, -1.38080E-03
-5.0432E-09, 2.088575E-02, -6.35051E-03, -1.42295E-03
-5.0369E-09, 2.141268E-02, -5.71819E-03, -1.33864E-03
-5.0307E-09, 2.088575E-02, -5.29665E-03, -1.33864E-03
-5.0244E-09, 2.035883E-02, -4.98049E-03, -1.25434E-03
-5.0182E-09, 2.088575E-02, -4.24279E-03, -1.12787E-03
-5.0119E-09, 2.193961E-02, -3.39971E-03, -1.12787E-03
-5.0057E-09, 2.193961E-02, -2.55662E-03, -9.1710E-04
-4.9994E-09, 2.193961E-02, -1.60815E-03, -8.3279E-04
-4.9932E-09, 2.246654E-02, -6.5968E-04, -7.4849E-04
-4.9869E-09, 2.352039E-02, 6.0494E-04, -5.7987E-04
-4.9807E-09, 2.352039E-02, 1.44803E-03, -4.5341E-04
-4.9744E-09, 2.352039E-02, 2.71265E-03, -2.4263E-04
-4.9682E-09, 2.457425E-02, 3.87190E-03, -1.5833E-04
-4.9619E-09, 2.457425E-02, 4.92575E-03, 9.460E-05
-4.9557E-09, 2.615503E-02, 5.97961E-03, 2.6322E-04
-4.9494E-09, 2.720889E-02, 7.34962E-03, 4.3183E-04
-4.9432E-09, 2.773582E-02, 8.19270E-03, 6.4260E-04
-4.9369E-09, 2.931660E-02, 9.14117E-03, 8.1122E-04
-4.9307E-09, 2.931660E-02, 1.008964E-02, 1.02199E-03
-4.9244E-09, 3.142431E-02, 1.061657E-02, 1.27492E-03
-4.9182E-09, 3.300510E-02, 1.124889E-02, 1.44353E-03
-4.9119E-09, 3.511281E-02, 1.198658E-02, 1.65431E-03
-4.9057E-09, 3.616666E-02, 1.219736E-02, 1.94939E-03
-4.8994E-09, 3.827437E-02, 1.230274E-02, 2.11800E-03
-4.8932E-09, 3.985516E-02, 1.230274E-02, 2.32877E-03
-4.8869E-09, 4.090901E-02, 1.230274E-02, 2.58170E-03
-4.8807E-09, 4.196287E-02, 1.209197E-02, 2.75032E-03
-4.8744E-09, 4.407058E-02, 1.156504E-02, 3.04540E-03
-4.8682E-09, 4.565137E-02, 1.082734E-02, 3.34047E-03
-4.8619E-09, 4.617829E-02, 1.008964E-02, 3.59340E-03
-4.8557E-09, 4.881293E-02, 9.14117E-03, 3.80417E-03
-4.8494E-09, 5.039372E-02, 8.29809E-03, 3.93063E-03
-4.8432E-09, 5.197450E-02, 7.03346E-03, 4.26787E-03
-4.8369E-09, 5.460914E-02, 5.66345E-03, 4.47864E-03
-4.8307E-09, 5.566299E-02, 4.29344E-03, 4.60510E-03
-4.8244E-09, 5.671685E-02, 3.02881E-03, 4.77372E-03
-4.8182E-09, 5.882456E-02, 1.44803E-03, 4.98449E-03
-4.8119E-09, 6.093227E-02, 2.8879E-04, 5.11095E-03
-4.8057E-09, 6.251305E-02, -1.29200E-03, 5.19526E-03
-4.7994E-09, 6.462077E-02, -2.55662E-03, 5.32172E-03
-4.7932E-09, 6.567463E-02, -4.03202E-03, 5.23741E-03
-4.7869E-09, 6.725541E-02, -5.08588E-03, 5.27957E-03
-4.7807E-09, 6.830926E-02, -6.13973E-03, 5.27957E-03
-4.7744E-09, 7.094390E-02, -7.29898E-03, 5.19526E-03
-4.7682E-09, 7.199775E-02, -8.24745E-03, 5.15311E-03
-4.7619E-09, 7.357854E-02, -9.09053E-03, 5.06880E-03
-4.7557E-09, 7.515933E-02, -9.72284E-03, 4.85803E-03
-4.7494E-09, 7.726704E-02, -1.003900E-02, 4.56295E-03
-4.7432E-09, 7.726704E-02, -1.056593E-02, 4.39433E-03
-4.7369E-09, 7.937475E-02, -1.067131E-02, 4.09925E-03
-4.7307E-09, 7.990167E-02, -1.056593E-02, 3.84633E-03
-4.7244E-09, 8.148246E-02, -1.056593E-02, 3.63555E-03
-4.7182E-09, 8.253632E-02, -1.014439E-02, 3.29832E-03
-4.7119E-09, 8.464403E-02, -9.61746E-03, 2.96109E-03
-4.7057E-09, 8.517095E-02, -9.19592E-03, 2.66601E-03
-4.6994E-09, 8.675174E-02, -8.45822E-03, 2.32877E-03
-4.6932E-09, 8.780559E-02, -7.72052E-03, 2.03369E-03
-4.6869E-09, 8.991331E-02, -6.98282E-03, 1.73861E-03
-4.6807E-09, 9.202102E-02, -5.92896E-03, 1.48569E-03
-4.6744E-09, 9.254795E-02, -5.08588E-03, 1.19061E-03
-4.6682E-09, 9.518258E-02, -3.92664E-03, 9.7984E-04
-4.6619E-09, 9.623644E-02, -2.97817E-03, 8.1122E-04
-4.6557E-09, 1.0045186E-01, -1.81893E-03, 6.0045E-04
-4.6494E-09, 1.0255957E-01, -9.7584E-04, 4.7399E-04
-4.6432E-09, 1.0572114E-01, -3.4353E-04, 3.8968E-04
-4.6369E-09, 1.0940964E-01, 6.0494E-04, 3.0537E-04
-4.6307E-09, 1.1415198E-01, 1.34264E-03, 3.0537E-04
-4.6244E-09, 1.1784048E-01, 1.86957E-03, 2.6322E-04
-4.6182E-09, 1.2258283E-01, 2.39650E-03, 3.4752E-04
-4.6119E-09, 1.2837905E-01, 2.81804E-03, 3.8968E-04
-4.6057E-09, 1.3312139E-01, 2.81804E-03, 5.1614E-04
-4.5994E-09, 1.3891760E-01, 2.81804E-03, 6.4260E-04
-4.5932E-09, 1.4471380E-01, 2.81804E-03, 8.1122E-04
-4.5869E-09, 1.5103693E-01, 2.39650E-03, 9.3768E-04
-4.5807E-09, 1.5736008E-01, 1.97495E-03, 1.10630E-03
-4.5744E-09, 1.6368321E-01, 1.55341E-03, 1.27492E-03
-4.5682E-09, 1.7000635E-01, 8.1571E-04, 1.40138E-03
-4.5619E-09, 1.7685640E-01, -2.3814E-04, 1.61215E-03
-4.5557E-09, 1.8317954E-01, -9.7584E-04, 1.69646E-03
-4.5494E-09, 1.8897575E-01, -2.02970E-03, 1.82292E-03
-4.5432E-09, 1.9582582E-01, -3.29432E-03, 1.94939E-03
-4.5369E-09, 2.0162201E-01, -4.55895E-03, 2.03369E-03
-4.5307E-09, 2.0689130E-01, -5.82358E-03, 1.99154E-03
-4.5244E-09, 2.1216057E-01, -7.08820E-03, 2.03369E-03
-4.5182E-09, 2.1532214E-01, -8.56360E-03, 2.03369E-03
-4.5119E-09, 2.1953756E-01, -9.51207E-03, 1.86508E-03
-4.5057E-09, 2.2322606E-01, -1.088209E-02, 1.69646E-03
-4.4994E-09, 2.2638762E-01, -1.204133E-02, 1.52784E-03
-4.4932E-09, 2.2849533E-01, -1.309518E-02, 1.35923E-03
-4.4869E-09, 2.2954920E-01, -1.425442E-02, 1.02199E-03
-4.4807E-09, 2.3112997E-01, -1.499212E-02, 7.6907E-04
-4.4744E-09, 2.3165691E-01, -1.562444E-02, 3.8968E-04
-4.4682E-09, 2.3112997E-01, -1.636213E-02, 9.460E-05
-4.4619E-09, 2.3060305E-01, -1.646752E-02, -2.8479E-04
-4.4557E-09, 2.2954920E-01, -1.688906E-02, -6.6418E-04
-4.4494E-09, 2.2902226E-01, -1.678368E-02, -1.12787E-03
-4.4432E-09, 2.2691455E-01, -1.678368E-02, -1.54942E-03
-4.4369E-09, 2.2586070E-01, -1.646752E-02, -1.92880E-03
-4.4307E-09, 2.2427991E-01, -1.572982E-02, -2.43465E-03
-4.4244E-09, 2.2164528E-01, -1.499212E-02, -2.72973E-03
-4.4182E-09, 2.2006449E-01, -1.425442E-02, -3.10912E-03
-4.4119E-09, 2.1848370E-01, -1.320057E-02, -3.44636E-03
-4.4057E-09, 2.1690293E-01, -1.161978E-02, -3.78359E-03
-4.3994E-09, 2.1584907E-01, -1.024977E-02, -3.99436E-03
-4.3932E-09, 2.1479522E-01, -8.66899E-03, -4.20513E-03
-4.3869E-09, 2.1479522E-01, -6.98282E-03, -4.41590E-03
-4.3807E-09, 2.1532214E-01, -5.40204E-03, -4.54237E-03
-4.3744E-09, 2.1584907E-01, -3.61048E-03, -4.54237E-03
-4.3682E-09, 2.1637599E-01, -1.81893E-03, -4.58452E-03
-4.3619E-09, 2.1953756E-01, 7.801E-05, -4.54237E-03
-4.3557E-09, 2.2164528E-01, 1.86957E-03, -4.45806E-03
-4.3494E-09, 2.2480685E-01, 3.66112E-03, -4.33159E-03
-4.3432E-09, 2.2849533E-01, 5.34729E-03, -4.07867E-03
-4.3369E-09, 2.3323768E-01, 6.82269E-03, -3.91005E-03
-4.3307E-09, 2.3850697E-01, 8.40348E-03, -3.53066E-03
-4.3244E-09, 2.4272239E-01, 9.56272E-03, -3.23559E-03
-4.3182E-09, 2.4746475E-01, 1.072196E-02, -2.81404E-03
-4.3119E-09, 2.5326094E-01, 1.177581E-02, -2.51896E-03
-4.3057E-09, 2.5747636E-01, 1.261890E-02, -2.05527E-03
-4.2994E-09, 2.6221871E-01, 1.314583E-02, -1.63372E-03
-4.2932E-09, 2.6696107E-01, 1.346198E-02, -1.29649E-03
-4.2869E-09, 2.7170342E-01, 1.356737E-02, -8.3279E-04
-4.2807E-09, 2.7539191E-01, 1.356737E-02, -4.1125E-04
-4.2744E-09, 2.7855349E-01, 1.314583E-02, -7.402E-05
-4.2682E-09, 2.8013426E-01, 1.251351E-02, 3.4752E-04
-4.2619E-09, 2.8329584E-01, 1.177581E-02, 6.8476E-04
-4.2557E-09, 2.8434968E-01, 1.093273E-02, 9.3768E-04
-4.2494E-09, 2.8540355E-01, 9.66810E-03, 1.19061E-03
-4.2432E-09, 2.8434968E-01, 8.29809E-03, 1.48569E-03
-4.2369E-09, 2.8171507E-01, 6.92808E-03, 1.65431E-03
-4.2307E-09, 2.8013426E-01, 5.03114E-03, 1.78077E-03
-4.2244E-09, 2.7591884E-01, 3.55574E-03, 1.90723E-03
-4.2182E-09, 2.7117649E-01, 1.44803E-03, 1.99154E-03
-4.2119E-09, 2.6485336E-01, -3.4353E-04, 1.94939E-03
-4.2057E-09, 2.5853023E-01, -2.34585E-03, 1.94939E-03
-4.1994E-09, 2.5062630E-01, -4.34818E-03, 1.94939E-03
-4.1932E-09, 2.4272239E-01, -6.35051E-03, 1.82292E-03
-4.1869E-09, 2.3429154E-01, -8.24745E-03, 1.57000E-03
-4.1807E-09, 2.2427991E-01, -1.003900E-02, 1.48569E-03
-4.1744E-09, 2.1532214E-01, -1.183056E-02, 1.35923E-03
-4.1682E-09, 2.0531051E-01, -1.372750E-02, 1.19061E-03
-4.1619E-09, 1.9582582E-01, -1.530828E-02, 9.7984E-04
-4.1557E-09, 1.8686804E-01, -1.646752E-02, 7.6907E-04
-4.1494E-09, 1.7738333E-01, -1.773215E-02, 6.8476E-04
-4.1432E-09, 1.6842556E-01, -1.878600E-02, 4.7399E-04
-4.1369E-09, 1.5999471E-01, -1.962909E-02, 3.4752E-04
-4.1307E-09, 1.5103693E-01, -2.047217E-02, 2.2106E-04
-4.1244E-09, 1.4365995E-01, -2.099910E-02, 1.3675E-04
-4.1182E-09, 1.3470218E-01, -2.120987E-02, 9.460E-05
-4.1119E-09, 1.2890597E-01, -2.131526E-02, 5.244E-05
-4.1057E-09, 1.2205590E-01, -2.120987E-02, 1.3675E-04
-4.0994E-09, 1.1573277E-01, -2.078833E-02, 2.2106E-04
-4.0932E-09, 1.1151735E-01, -2.047217E-02, 3.0537E-04
-4.0869E-09, 1.0888271E-01, -1.983986E-02, 3.8968E-04
-4.0807E-09, 1.0466728E-01, -1.878600E-02, 6.0045E-04
-4.0744E-09, 1.0255957E-01, -1.794292E-02, 8.5338E-04
-4.0682E-09, 1.0045186E-01, -1.678368E-02, 1.14845E-03
-4.0619E-09, 9.887108E-02, -1.583521E-02, 1.48569E-03
-4.0557E-09, 9.834415E-02, -1.425442E-02, 1.73861E-03
-4.0494E-09, 9.834415E-02, -1.277903E-02, 2.11800E-03
-4.0432E-09, 9.834415E-02, -1.140901E-02, 2.53954E-03
-4.0369E-09, 9.887108E-02, -9.82823E-03, 2.79247E-03
-4.0307E-09, 9.834415E-02, -8.35283E-03, 3.25617E-03
-4.0244E-09, 9.834415E-02, -6.87743E-03, 3.55125E-03
-4.0182E-09, 9.729029E-02, -5.40204E-03, 3.88848E-03
-4.0119E-09, 9.623644E-02, -3.82125E-03, 4.35218E-03
-4.0057E-09, 9.465566E-02, -2.66201E-03, 4.64726E-03
-3.9994E-09, 9.307487E-02, -1.29200E-03, 4.98449E-03
-3.9932E-09, 9.044024E-02, 7.801E-05, 5.23741E-03
-3.9869E-09, 8.833252E-02, 1.23726E-03, 5.49034E-03
-3.9807E-09, 8.517095E-02, 2.29111E-03, 5.74327E-03
-3.9744E-09, 8.253632E-02, 3.13420E-03, 5.82757E-03
-3.9682E-09, 7.832089E-02, 3.76651E-03, 6.08050E-03
-3.9619E-09, 7.357854E-02, 4.39882E-03, 6.24912E-03
-3.9557E-09, 6.883619E-02, 4.82037E-03, 6.29127E-03
-3.9494E-09, 6.303998E-02, 5.03114E-03, 6.29127E-03
-3.9432E-09, 5.777070E-02, 5.03114E-03, 6.33342E-03
-3.9369E-09, 5.092064E-02, 5.13652E-03, 6.33342E-03
-3.9307E-09, 4.354365E-02, 4.71498E-03, 6.24912E-03
-3.9244E-09, 3.563973E-02, 4.39882E-03, 6.20696E-03
-3.9182E-09, 2.773582E-02, 3.76651E-03, 6.12265E-03
-3.9119E-09, 2.035883E-02, 3.23958E-03, 5.99619E-03
-3.9057E-09, 1.192798E-02, 1.97495E-03, 5.86973E-03
-3.8994E-09, 2.44328E-03, 1.13187E-03, 5.74327E-03
-3.8932E-09, -4.93371E-03, 7.801E-05, 5.61680E-03
-3.8869E-09, -1.389149E-02, -1.08123E-03, 5.44819E-03
-3.8807E-09, -2.074155E-02, -2.45124E-03, 5.36388E-03
-3.8744E-09, -2.811854E-02, -3.71587E-03, 5.15311E-03
-3.8682E-09, -3.654939E-02, -5.19126E-03, 5.06880E-03
-3.8619E-09, -4.392638E-02, -6.56128E-03, 4.98449E-03
-3.8557E-09, -4.972258E-02, -8.03667E-03, 4.85803E-03
-3.8494E-09, -5.551879E-02, -9.51207E-03, 4.77372E-03
-3.8432E-09, -6.184192E-02, -1.077670E-02, 4.68941E-03
-3.8369E-09, -6.763813E-02, -1.193594E-02, 4.56295E-03
-3.8307E-09, -7.238048E-02, -1.320057E-02, 4.52079E-03
-3.8244E-09, -7.923055E-02, -1.435981E-02, 4.43648E-03
-3.8182E-09, -8.502675E-02, -1.530828E-02, 4.43648E-03
-3.8119E-09, -8.976910E-02, -1.636213E-02, 4.26787E-03
-3.8057E-09, -9.609224E-02, -1.688906E-02, 4.35218E-03
-3.7994E-09, -1.0188844E-01, -1.752138E-02, 4.26787E-03
-3.7932E-09, -1.0768465E-01, -1.794292E-02, 4.22571E-03
-3.7869E-09, -1.1190007E-01, -1.836446E-02, 4.09925E-03
-3.7807E-09, -1.1664242E-01, -1.846985E-02, 4.01494E-03
-3.7744E-09, -1.2243863E-01, -1.857523E-02, 3.88848E-03
-3.7682E-09, -1.2665406E-01, -1.825907E-02, 3.80417E-03
-3.7619E-09, -1.3245025E-01, -1.794292E-02, 3.76202E-03
-3.7557E-09, -1.3824646E-01, -1.741599E-02, 3.59340E-03
-3.7494E-09, -1.4351575E-01, -1.667829E-02, 3.34047E-03
-3.7432E-09, -1.4931194E-01, -1.604598E-02, 3.21401E-03
-3.7369E-09, -1.5510815E-01, -1.509751E-02, 3.00324E-03
-3.7307E-09, -1.6248515E-01, -1.425442E-02, 2.79247E-03
-3.7244E-09, -1.6986214E-01, -1.330595E-02, 2.58170E-03
-3.7182E-09, -1.7776605E-01, -1.204133E-02, 2.37093E-03
-3.7119E-09, -1.8514305E-01, -1.088209E-02, 1.94939E-03
-3.7057E-09, -1.9357389E-01, -9.82823E-03, 1.82292E-03
-3.6994E-09, -2.0095088E-01, -8.56360E-03, 1.52784E-03
-3.6932E-09, -2.0990866E-01, -7.19359E-03, 1.19061E-03
-3.6869E-09, -2.1623179E-01, -6.03435E-03, 9.3768E-04
-3.6807E-09, -2.2518957E-01, -4.98049E-03, 6.8476E-04
-3.6744E-09, -2.3203963E-01, -3.71587E-03, 3.8968E-04
-3.6682E-09, -2.3941661E-01, -2.76740E-03, 1.7891E-04
-3.6619E-09, -2.4626668E-01, -1.92431E-03, -1.1617E-04
-3.6557E-09, -2.5364366E-01, -8.7046E-04, -2.8479E-04
-3.6494E-09, -2.6049373E-01, 7.801E-05, -4.1125E-04
-3.6432E-09, -2.6628995E-01, 9.2110E-04, -6.6418E-04
-3.6369E-09, -2.7208614E-01, 1.55341E-03, -8.7495E-04
-3.6307E-09, -2.7840927E-01, 2.08034E-03, -8.7495E-04
-3.6244E-09, -2.8578627E-01, 2.81804E-03, -1.12787E-03
-3.6182E-09, -2.9158247E-01, 3.23958E-03, -1.12787E-03
-3.6119E-09, -2.9843253E-01, 3.55574E-03, -1.21218E-03
-3.6057E-09, -3.0528259E-01, 3.87190E-03, -1.17003E-03
-3.5994E-09, -3.0949801E-01, 4.08267E-03, -1.17003E-03
-3.5932E-09, -3.1582117E-01, 4.29344E-03, -1.17003E-03
-3.5869E-09, -3.2214430E-01, 4.60959E-03, -1.17003E-03
-3.5807E-09, -3.2741356E-01, 4.50421E-03, -1.04357E-03
-3.5744E-09, -3.3162901E-01, 4.50421E-03, -1.12787E-03
-3.5682E-09, -3.3900598E-01, 4.60959E-03, -9.1710E-04
-3.5619E-09, -3.4480220E-01, 4.71498E-03, -8.3279E-04
-3.5557E-09, -3.5059839E-01, 4.71498E-03, -7.9064E-04
-3.5494E-09, -3.5744846E-01, 4.92575E-03, -6.6418E-04
-3.5432E-09, -3.6429852E-01, 4.71498E-03, -5.3771E-04
-3.5369E-09, -3.7167552E-01, 5.03114E-03, -4.1125E-04
-3.5307E-09, -3.8116023E-01, 4.92575E-03, -3.2694E-04
-3.5244E-09, -3.9011800E-01, 4.92575E-03, -2.4263E-04
-3.5182E-09, -4.0012962E-01, 5.03114E-03, -1.5833E-04
-3.5119E-09, -4.1119510E-01, 5.13652E-03, -7.402E-05
-3.5057E-09, -4.2331445E-01, 5.03114E-03, 5.244E-05
-3.4994E-09, -4.3490687E-01, 5.03114E-03, 5.244E-05
-3.4932E-09, -4.4702619E-01, 5.34729E-03, 1.7891E-04
-3.4869E-09, -4.6019939E-01, 5.34729E-03, 1.7891E-04
-3.4807E-09, -4.7231874E-01, 5.13652E-03, 2.2106E-04
-3.4744E-09, -4.8549193E-01, 5.45268E-03, 3.4752E-04
-3.4682E-09, -4.9866512E-01, 5.55806E-03, 3.8968E-04
-3.4619E-09, -5.1236528E-01, 5.24191E-03, 4.7399E-04
-3.4557E-09, -5.2553844E-01, 5.34729E-03, 4.7399E-04
-3.4494E-09, -5.3976554E-01, 5.34729E-03, 4.7399E-04
-3.4432E-09, -5.5346560E-01, 5.13652E-03, 6.4260E-04
-3.4369E-09, -5.6821960E-01, 4.92575E-03, 6.8476E-04
-3.4307E-09, -5.8244669E-01, 4.71498E-03, 7.2691E-04
-3.4244E-09, -5.9667373E-01, 4.39882E-03, 8.5338E-04
-3.4182E-09, -6.1090076E-01, 4.08267E-03, 8.5338E-04
-3.4119E-09, -6.2512785E-01, 3.97728E-03, 9.3768E-04
-3.4057E-09, -6.3830101E-01, 3.34497E-03, 1.06415E-03
-3.3994E-09, -6.5094727E-01, 3.13420E-03, 1.23276E-03
-3.3932E-09, -6.6412050E-01, 2.60727E-03, 1.31707E-03
-3.3869E-09, -6.7518598E-01, 2.29111E-03, 1.40138E-03
-3.3807E-09, -6.8677837E-01, 1.76418E-03, 1.52784E-03
-3.3744E-09, -6.9679004E-01, 1.23726E-03, 1.69646E-03
-3.3682E-09, -7.0732856E-01, 8.1571E-04, 1.73861E-03
-3.3619E-09, -7.1628636E-01, 1.8340E-04, 1.86508E-03
-3.3557E-09, -7.2629797E-01, -2.3814E-04, 1.94939E-03
-3.3494E-09, -7.3472881E-01, -6.5968E-04, 1.99154E-03
-3.3432E-09, -7.4263275E-01, -1.50277E-03, 2.03369E-03
-3.3369E-09, -7.5106359E-01, -1.92431E-03, 2.11800E-03
-3.3307E-09, -7.6002139E-01, -2.55662E-03, 2.16016E-03
-3.3244E-09, -7.6897913E-01, -3.18894E-03, 2.11800E-03
-3.3182E-09, -7.7793694E-01, -3.82125E-03, 2.07585E-03
-3.3119E-09, -7.8584081E-01, -4.13741E-03, 1.99154E-03
-3.3057E-09, -7.9532552E-01, -4.76972E-03, 1.94939E-03
-3.2994E-09, -8.0428332E-01, -5.29665E-03, 1.82292E-03
-3.2932E-09, -8.1429493E-01, -5.82358E-03, 1.69646E-03
-3.2869E-09, -8.2219887E-01, -6.24512E-03, 1.48569E-03
-3.2807E-09, -8.3221048E-01, -6.77205E-03, 1.31707E-03
-3.2744E-09, -8.4064132E-01, -7.29898E-03, 1.10630E-03
-3.2682E-09, -8.5012603E-01, -8.03667E-03, 8.5338E-04
-3.2619E-09, -8.6013764E-01, -8.24745E-03, 6.4260E-04
-3.2557E-09, -8.7014931E-01, -8.66899E-03, 3.8968E-04
-3.2494E-09, -8.8068783E-01, -8.98515E-03, 1.3675E-04
-3.2432E-09, -8.9122641E-01, -9.51207E-03, -1.5833E-04
-3.2369E-09, -9.0229189E-01, -1.003900E-02, -4.9556E-04
-3.2307E-09, -9.1388428E-01, -1.046054E-02, -7.9064E-04
-3.2244E-09, -9.2494977E-01, -1.067131E-02, -1.08572E-03
-3.2182E-09, -9.3759608E-01, -1.098747E-02, -1.29649E-03
-3.2119E-09, -9.4866157E-01, -1.119824E-02, -1.63372E-03
-3.2057E-09, -9.6130782E-01, -1.161978E-02, -1.84450E-03
-3.1994E-09, -9.7237331E-01, -1.172517E-02, -2.01311E-03
-3.1932E-09, -9.8396569E-01, -1.193594E-02, -2.26604E-03
-3.1869E-09, -9.9397737E-01, -1.225210E-02, -2.47681E-03
-3.1807E-09, -1.00398898E+00, -1.204133E-02, -2.56112E-03
-3.1744E-09, -1.01241982E+00, -1.204133E-02, -2.64543E-03
-3.1682E-09, -1.02137756E+00, -1.214671E-02, -2.68758E-03
-3.1619E-09, -1.02928150E+00, -1.193594E-02, -2.68758E-03
-3.1557E-09, -1.03771234E+00, -1.172517E-02, -2.64543E-03
-3.1494E-09, -1.04350853E+00, -1.130363E-02, -2.68758E-03
-3.1432E-09, -1.04930472E+00, -1.077670E-02, -2.60327E-03
-3.1369E-09, -1.05562794E+00, -1.046054E-02, -2.56112E-03
-3.1307E-09, -1.05984330E+00, -1.003900E-02, -2.43465E-03
-3.1244E-09, -1.06511259E+00, -9.51207E-03, -2.26604E-03
-3.1182E-09, -1.06932807E+00, -8.77437E-03, -2.09742E-03
-3.1119E-09, -1.07248962E+00, -8.03667E-03, -2.01311E-03
-3.1057E-09, -1.07617807E+00, -7.08820E-03, -1.67588E-03
-3.0994E-09, -1.07881272E+00, -6.35051E-03, -1.54942E-03
-3.0932E-09, -1.08092046E+00, -5.40204E-03, -1.33864E-03
-3.0869E-09, -1.08250117E+00, -4.45356E-03, -1.12787E-03
-3.0807E-09, -1.08355510E+00, -3.50509E-03, -7.9064E-04
-3.0744E-09, -1.08408201E+00, -2.76740E-03, -5.7987E-04
-3.0682E-09, -1.08408201E+00, -1.81893E-03, -3.6910E-04
-3.0619E-09, -1.08618975E+00, -8.7046E-04, -3.186E-05
-3.0557E-09, -1.08618975E+00, -2.737E-05, 2.2106E-04
-3.0494E-09, -1.08777046E+00, 8.1571E-04, 3.8968E-04
-3.0432E-09, -1.08935130E+00, 1.65880E-03, 6.0045E-04
-3.0369E-09, -1.09093201E+00, 2.39650E-03, 8.1122E-04
-3.0307E-09, -1.09303975E+00, 3.02881E-03, 1.06415E-03
-3.0244E-09, -1.09567440E+00, 3.55574E-03, 1.23276E-03
-3.0182E-09, -1.09988987E+00, 3.97728E-03, 1.40138E-03
-3.0119E-09, -1.10357833E+00, 4.29344E-03, 1.52784E-03
-3.0057E-09, -1.10832071E+00, 4.39882E-03, 1.73861E-03
-2.9994E-09, -1.11411691E+00, 4.50421E-03, 1.90723E-03
-2.9932E-09, -1.11938620E+00, 4.60959E-03, 1.94939E-03
-2.9869E-09, -1.12570930E+00, 4.50421E-03, 2.03369E-03
-2.9807E-09, -1.13203239E+00, 4.18805E-03, 2.11800E-03
-2.9744E-09, -1.13730168E+00, 3.97728E-03, 2.11800E-03
-2.9682E-09, -1.14415181E+00, 3.34497E-03, 2.20231E-03
-2.9619E-09, -1.15100181E+00, 2.71265E-03, 2.20231E-03
-2.9557E-09, -1.15837884E+00, 2.08034E-03, 2.24446E-03
-2.9494E-09, -1.16522884E+00, 1.34264E-03, 2.24446E-03
-2.9432E-09, -1.17365980E+00, 4.9956E-04, 2.11800E-03
-2.9369E-09, -1.18209064E+00, -3.4353E-04, 2.11800E-03
-2.9307E-09, -1.18946755E+00, -1.18661E-03, 2.11800E-03
-2.9244E-09, -1.19684458E+00, -1.92431E-03, 2.03369E-03
-2.9182E-09, -1.20527542E+00, -3.08355E-03, 1.90723E-03
-2.9119E-09, -1.21159852E+00, -3.92664E-03, 1.78077E-03
-2.9057E-09, -1.22002935E+00, -4.87511E-03, 1.69646E-03
-2.8994E-09, -1.22687948E+00, -5.92896E-03, 1.57000E-03
-2.8932E-09, -1.23320258E+00, -6.66666E-03, 1.44353E-03
-2.8869E-09, -1.23794496E+00, -7.40436E-03, 1.31707E-03
-2.8807E-09, -1.24268734E+00, -8.24745E-03, 1.23276E-03
-2.8744E-09, -1.24690270E+00, -8.77437E-03, 1.06415E-03
-2.8682E-09, -1.25111818E+00, -9.51207E-03, 9.3768E-04
-2.8619E-09, -1.25427973E+00, -9.82823E-03, 8.5338E-04
-2.8557E-09, -1.25691438E+00, -1.024977E-02, 6.4260E-04
-2.8494E-09, -1.26007593E+00, -1.046054E-02, 5.5830E-04
-2.8432E-09, -1.26165664E+00, -1.056593E-02, 4.7399E-04
-2.8369E-09, -1.26323748E+00, -1.056593E-02, 3.8968E-04
-2.8307E-09, -1.26429129E+00, -1.067131E-02, 3.8968E-04
-2.8244E-09, -1.26692593E+00, -1.024977E-02, 3.4752E-04
-2.8182E-09, -1.26745296E+00, -1.003900E-02, 3.0537E-04
-2.8119E-09, -1.26903367E+00, -9.61746E-03, 3.4752E-04
-2.8057E-09, -1.26956058E+00, -9.30130E-03, 3.8968E-04
-2.7994E-09, -1.27008760E+00, -8.66899E-03, 4.7399E-04
-2.7932E-09, -1.27166831E+00, -8.24745E-03, 5.5830E-04
-2.7869E-09, -1.27166831E+00, -7.50975E-03, 6.4260E-04
-2.7807E-09, -1.27272224E+00, -6.77205E-03, 8.1122E-04
-2.7744E-09, -1.27219522E+00, -6.13973E-03, 8.9553E-04
-2.7682E-09, -1.27324915E+00, -5.61281E-03, 1.10630E-03
-2.7619E-09, -1.27430296E+00, -4.98049E-03, 1.35923E-03
-2.7557E-09, -1.27535677E+00, -4.03202E-03, 1.48569E-03
-2.7494E-09, -1.27693760E+00, -3.39971E-03, 1.65431E-03
-2.7432E-09, -1.27851844E+00, -2.87278E-03, 1.82292E-03
-2.7369E-09, -1.28167999E+00, -2.13508E-03, 2.07585E-03
-2.7307E-09, -1.28431463E+00, -1.50277E-03, 2.28662E-03
-2.7244E-09, -1.28800309E+00, -1.29200E-03, 2.45524E-03
-2.7182E-09, -1.29274547E+00, -8.7046E-04, 2.58170E-03
-2.7119E-09, -1.29538012E+00, -5.5430E-04, 2.62385E-03
-2.7057E-09, -1.30064940E+00, -3.4353E-04, 2.83462E-03
-2.6994E-09, -1.30539167E+00, -1.3276E-04, 2.91893E-03
-2.6932E-09, -1.30960715E+00, -1.3276E-04, 2.91893E-03
-2.6869E-09, -1.31487644E+00, -1.3276E-04, 2.83462E-03
-2.6807E-09, -1.31961882E+00, -2.3814E-04, 2.91893E-03
-2.6744E-09, -1.32383418E+00, -2.3814E-04, 2.79247E-03
-2.6682E-09, -1.32857656E+00, -3.4353E-04, 2.70816E-03
-2.6619E-09, -1.33384585E+00, -5.5430E-04, 2.53954E-03
-2.6557E-09, -1.33806121E+00, -1.08123E-03, 2.37093E-03
-2.6494E-09, -1.34333050E+00, -1.29200E-03, 2.11800E-03
-2.6432E-09, -1.34754598E+00, -1.60815E-03, 1.94939E-03
-2.6369E-09, -1.35228825E+00, -2.02970E-03, 1.65431E-03
-2.6307E-09, -1.35755754E+00, -2.34585E-03, 1.44353E-03
-2.6244E-09, -1.36177301E+00, -2.76740E-03, 1.19061E-03
-2.6182E-09, -1.36651540E+00, -3.18894E-03, 9.7984E-04
-2.6119E-09, -1.37073076E+00, -3.61048E-03, 6.4260E-04
-2.6057E-09, -1.37441921E+00, -3.92664E-03, 4.7399E-04
-2.5994E-09, -1.37758088E+00, -4.34818E-03, 2.6322E-04
-2.5932E-09, -1.38179624E+00, -4.45356E-03, 5.244E-05
-2.5869E-09, -1.38495779E+00, -4.76972E-03, -7.402E-05
-2.5807E-09, -1.38548470E+00, -4.98049E-03, -2.4263E-04
-2.5744E-09, -1.38864636E+00, -5.08588E-03, -3.2694E-04
-2.5682E-09, -1.39075398E+00, -5.08588E-03, -3.2694E-04
-2.5619E-09, -1.39180791E+00, -5.40204E-03, -3.6910E-04
-2.5557E-09, -1.39338863E+00, -5.29665E-03, -2.4263E-04
-2.5494E-09, -1.39444256E+00, -5.29665E-03, -2.0048E-04
-2.5432E-09, -1.39549637E+00, -4.98049E-03, 1.029E-05
-2.5369E-09, -1.39760411E+00, -5.08588E-03, 2.2106E-04
-2.5307E-09, -1.39865792E+00, -4.87511E-03, 5.1614E-04
-2.5244E-09, -1.39918482E+00, -4.55895E-03, 8.9553E-04
-2.5182E-09, -1.40076566E+00, -4.55895E-03, 1.27492E-03
-2.5119E-09, -1.40129256E+00, -4.24279E-03, 1.61215E-03
-2.5057E-09, -1.40340030E+00, -3.92664E-03, 2.03369E-03
-2.4994E-09, -1.40498114E+00, -3.50509E-03, 2.45524E-03
-2.4932E-09, -1.40550804E+00, -3.29432E-03, 2.87678E-03
-2.4869E-09, -1.40761578E+00, -3.08355E-03, 3.34047E-03
-2.4807E-09, -1.40814269E+00, -2.66201E-03, 3.76202E-03
-2.4744E-09, -1.40972340E+00, -2.34585E-03, 4.18356E-03
-2.4682E-09, -1.41077733E+00, -2.13508E-03, 4.52079E-03
-2.4619E-09, -1.41235805E+00, -1.81893E-03, 5.02664E-03
-2.4557E-09, -1.41341197E+00, -1.50277E-03, 5.23741E-03
-2.4494E-09, -1.41551960E+00, -1.39738E-03, 5.49034E-03
-2.4432E-09, -1.41762733E+00, -1.18661E-03, 5.78542E-03
-2.4369E-09, -1.42026198E+00, -1.08123E-03, 5.86973E-03
-2.4307E-09, -1.42131579E+00, -8.7046E-04, 6.08050E-03
-2.4244E-09, -1.42342353E+00, -7.6507E-04, 6.03834E-03
-2.4182E-09, -1.42658508E+00, -7.6507E-04, 6.03834E-03
-2.4119E-09, -1.42869282E+00, -5.5430E-04, 5.95404E-03
-2.4057E-09, -1.43132746E+00, -6.5968E-04, 5.82757E-03
-2.3994E-09, -1.43343520E+00, -7.6507E-04, 5.65896E-03
-2.3932E-09, -1.43606985E+00, -7.6507E-04, 5.36388E-03
-2.3869E-09, -1.43712366E+00, -8.7046E-04, 5.02664E-03
-2.3807E-09, -1.43870449E+00, -1.08123E-03, 4.77372E-03
-2.3744E-09, -1.43975830E+00, -1.08123E-03, 4.39433E-03
-2.3682E-09, -1.44186604E+00, -1.39738E-03, 4.01494E-03
-2.3619E-09, -1.44291985E+00, -1.81893E-03, 3.59340E-03
-2.3557E-09, -1.44239295E+00, -2.13508E-03, 3.25617E-03
-2.3494E-09, -1.44291985E+00, -2.13508E-03, 2.75032E-03
-2.3432E-09, -1.44397378E+00, -2.55662E-03, 2.45524E-03
-2.3369E-09, -1.44450068E+00, -2.87278E-03, 1.99154E-03
-2.3307E-09, -1.44344687E+00, -3.18894E-03, 1.65431E-03
-2.3244E-09, -1.44450068E+00, -3.50509E-03, 1.35923E-03
-2.3182E-09, -1.44344687E+00, -3.82125E-03, 1.06415E-03
-2.3119E-09, -1.44186604E+00, -4.34818E-03, 7.6907E-04
-2.3057E-09, -1.44239295E+00, -4.76972E-03, 6.8476E-04
-2.2994E-09, -1.44133914E+00, -5.40204E-03, 4.7399E-04
-2.2932E-09, -1.44028521E+00, -5.71819E-03, 3.0537E-04
-2.2869E-09, -1.43817759E+00, -6.24512E-03, 2.6322E-04
-2.2807E-09, -1.43712366E+00, -6.77205E-03, 2.6322E-04
-2.2744E-09, -1.43606985E+00, -7.19359E-03, 2.6322E-04
-2.2682E-09, -1.43501592E+00, -7.61513E-03, 3.8968E-04
-2.2619E-09, -1.43343520E+00, -7.93129E-03, 5.5830E-04
-2.2557E-09, -1.43185437E+00, -8.45822E-03, 7.6907E-04
-2.2494E-09, -1.43080056E+00, -8.66899E-03, 9.7984E-04
-2.2432E-09, -1.42974675E+00, -8.98515E-03, 1.23276E-03
-2.2369E-09, -1.42869282E+00, -9.19592E-03, 1.44353E-03
-2.2307E-09, -1.42816591E+00, -9.40669E-03, 1.82292E-03
-2.2244E-09, -1.42869282E+00, -9.61746E-03, 2.11800E-03
-2.2182E-09, -1.42816591E+00, -9.93362E-03, 2.37093E-03
-2.2119E-09, -1.42974675E+00, -9.82823E-03, 2.62385E-03
-2.2057E-09, -1.43027365E+00, -9.72284E-03, 3.04540E-03
-2.1994E-09, -1.43132746E+00, -9.61746E-03, 3.25617E-03
-2.1932E-09, -1.43290830E+00, -9.51207E-03, 3.55125E-03
-2.1869E-09, -1.43448901E+00, -9.40669E-03, 3.76202E-03
-2.1807E-09, -1.43554294E+00, -8.98515E-03, 3.97279E-03
-2.1744E-09, -1.43712366E+00, -8.45822E-03, 4.09925E-03
-2.1682E-09, -1.43923140E+00, -7.93129E-03, 4.26787E-03
-2.1619E-09, -1.44081223E+00, -7.50975E-03, 4.35218E-03
-2.1557E-09, -1.44397378E+00, -6.77205E-03, 4.43648E-03
-2.1494E-09, -1.44608140E+00, -6.03435E-03, 4.39433E-03
-2.1432E-09, -1.44818914E+00, -5.50742E-03, 4.43648E-03
-2.1369E-09, -1.45135069E+00, -4.66434E-03, 4.39433E-03
-2.1307E-09, -1.45345843E+00, -3.92664E-03, 4.26787E-03
-2.1244E-09, -1.45609307E+00, -3.08355E-03, 4.18356E-03
-2.1182E-09, -1.45820081E+00, -2.24047E-03, 4.09925E-03
-2.1119E-09, -1.46030855E+00, -1.18661E-03, 3.88848E-03
-2.1057E-09, -1.46241617E+00, -5.5430E-04, 3.76202E-03
-2.0994E-09, -1.46347010E+00, 1.8340E-04, 3.63555E-03
-2.0932E-09, -1.46610475E+00, 8.1571E-04, 3.38263E-03
-2.0869E-09, -1.46715856E+00, 1.44803E-03, 3.17186E-03
-2.0807E-09, -1.46715856E+00, 2.18573E-03, 2.96109E-03
-2.0744E-09, -1.46768546E+00, 2.71265E-03, 2.75032E-03
-2.0682E-09, -1.46821249E+00, 3.02881E-03, 2.53954E-03
-2.0619E-09, -1.46821249E+00, 3.23958E-03, 2.32877E-03
-2.0557E-09, -1.46768546E+00, 3.45035E-03, 2.16016E-03
-2.0494E-09, -1.46715856E+00, 3.45035E-03, 1.94939E-03
-2.0432E-09, -1.46557784E+00, 3.23958E-03, 1.78077E-03
-2.0369E-09, -1.46452391E+00, 3.13420E-03, 1.69646E-03
-2.0307E-09, -1.46452391E+00, 2.81804E-03, 1.52784E-03
-2.0244E-09, -1.46294320E+00, 2.39650E-03, 1.44353E-03
-2.0182E-09, -1.46188927E+00, 1.86957E-03, 1.31707E-03
-2.0119E-09, -1.45978153E+00, 1.23726E-03, 1.23276E-03
-2.0057E-09, -1.45872772E+00, 2.8879E-04, 1.14845E-03
-1.9994E-09, -1.45767391E+00, -5.5430E-04, 1.06415E-03
-1.9932E-09, -1.45767391E+00, -1.50277E-03, 9.7984E-04
-1.9869E-09, -1.45556617E+00, -2.55662E-03, 9.3768E-04
-1.9807E-09, -1.45503926E+00, -3.61048E-03, 8.9553E-04
-1.9744E-09, -1.45345843E+00, -4.87511E-03, 8.1122E-04
-1.9682E-09, -1.45345843E+00, -6.03435E-03, 7.6907E-04
-1.9619E-09, -1.45345843E+00, -6.87743E-03, 8.1122E-04
-1.9557E-09, -1.45293152E+00, -8.24745E-03, 6.8476E-04
-1.9494E-09, -1.45398533E+00, -8.98515E-03, 7.2691E-04
-1.9432E-09, -1.45503926E+00, -1.014439E-02, 6.8476E-04
-1.9369E-09, -1.45503926E+00, -1.109286E-02, 7.2691E-04
-1.9307E-09, -1.45661998E+00, -1.193594E-02, 6.8476E-04
-1.9244E-09, -1.45820081E+00, -1.277903E-02, 6.4260E-04
-1.9182E-09, -1.46083546E+00, -1.320057E-02, 7.2691E-04
-1.9119E-09, -1.46241617E+00, -1.383288E-02, 6.4260E-04
-1.9057E-09, -1.46505082E+00, -1.425442E-02, 6.8476E-04
-1.8994E-09, -1.46715856E+00, -1.435981E-02, 6.4260E-04
-1.8932E-09, -1.47084701E+00, -1.467597E-02, 6.0045E-04
-1.8869E-09, -1.47348166E+00, -1.457058E-02, 6.0045E-04
-1.8807E-09, -1.47558939E+00, -1.446519E-02, 6.8476E-04
-1.8744E-09, -1.47769713E+00, -1.425442E-02, 6.4260E-04
-1.8682E-09, -1.48243952E+00, -1.404365E-02, 6.8476E-04
-1.8619E-09, -1.48507416E+00, -1.362211E-02, 8.1122E-04
-1.8557E-09, -1.48770881E+00, -1.309518E-02, 8.5338E-04
-1.8494E-09, -1.48928952E+00, -1.256825E-02, 8.9553E-04
-1.8432E-09, -1.49245107E+00, -1.172517E-02, 9.7984E-04
-1.8369E-09, -1.49508572E+00, -1.098747E-02, 1.06415E-03
-1.8307E-09, -1.49824727E+00, -1.035516E-02, 1.19061E-03
-1.8244E-09, -1.50088191E+00, -9.61746E-03, 1.35923E-03
-1.8182E-09, -1.50193584E+00, -8.66899E-03, 1.44353E-03
-1.8119E-09, -1.50404358E+00, -7.82590E-03, 1.57000E-03
-1.8057E-09, -1.50562429E+00, -7.29898E-03, 1.69646E-03
-1.7994E-09, -1.50773203E+00, -6.35051E-03, 2.03369E-03
-1.7932E-09, -1.50931275E+00, -5.71819E-03, 2.11800E-03
-1.7869E-09, -1.51036668E+00, -5.19126E-03, 2.32877E-03
-1.7807E-09, -1.51194739E+00, -4.55895E-03, 2.53954E-03
-1.7744E-09, -1.51300132E+00, -4.03202E-03, 2.70816E-03
-1.7682E-09, -1.51405513E+00, -3.92664E-03, 2.96109E-03
-1.7619E-09, -1.51510906E+00, -3.61048E-03, 3.12970E-03
-1.7557E-09, -1.51668978E+00, -3.39971E-03, 3.42478E-03
-1.7494E-09, -1.51774371E+00, -3.29432E-03, 3.63555E-03
-1.7432E-09, -1.51932442E+00, -3.39971E-03, 3.80417E-03
-1.7369E-09, -1.52090526E+00, -3.18894E-03, 3.97279E-03
-1.7307E-09, -1.52248597E+00, -3.50509E-03, 4.22571E-03
-1.7244E-09, -1.52301288E+00, -3.71587E-03, 4.43648E-03
-1.7182E-09, -1.52512062E+00, -4.13741E-03, 4.56295E-03
-1.7119E-09, -1.52670145E+00, -4.45356E-03, 4.64726E-03
-1.7057E-09, -1.52986300E+00, -4.76972E-03, 4.81587E-03
-1.6994E-09, -1.53144372E+00, -5.29665E-03, 4.85803E-03
-1.6932E-09, -1.53355145E+00, -5.71819E-03, 4.90018E-03
-1.6869E-09, -1.53565919E+00, -6.24512E-03, 4.98449E-03
-1.6807E-09, -1.53776693E+00, -6.66666E-03, 4.98449E-03
-1.6744E-09, -1.53934765E+00, -6.98282E-03, 5.02664E-03
-1.6682E-09, -1.54092848E+00, -7.61513E-03, 5.02664E-03
-1.6619E-09, -1.54461694E+00, -7.82590E-03, 4.90018E-03
-1.6557E-09, -1.54567087E+00, -8.24745E-03, 4.81587E-03
-1.6494E-09, -1.54672468E+00, -8.45822E-03, 4.68941E-03
-1.6432E-09, -1.54883242E+00, -8.66899E-03, 4.56295E-03
-1.6369E-09, -1.55041313E+00, -8.98515E-03, 4.43648E-03
-1.6307E-09, -1.55199397E+00, -9.19592E-03, 4.22571E-03
-1.6244E-09, -1.55252087E+00, -9.19592E-03, 4.01494E-03
-1.6182E-09, -1.55304778E+00, -9.30130E-03, 3.84633E-03
-1.6119E-09, -1.55357480E+00, -9.19592E-03, 3.59340E-03
-1.6057E-09, -1.55410171E+00, -9.09053E-03, 3.46694E-03
-1.5994E-09, -1.55410171E+00, -9.09053E-03, 3.17186E-03
-1.5932E-09, -1.55357480E+00, -8.77437E-03, 2.96109E-03
-1.5869E-09, -1.55199397E+00, -8.45822E-03, 2.70816E-03
-1.5807E-09, -1.55199397E+00, -8.56360E-03, 2.53954E-03
-1.5744E-09, -1.54988623E+00, -8.03667E-03, 2.28662E-03
-1.5682E-09, -1.54830551E+00, -7.72052E-03, 2.11800E-03
-1.5619E-09, -1.54619777E+00, -7.29898E-03, 1.99154E-03
-1.5557E-09, -1.54303622E+00, -7.08820E-03, 1.86508E-03
-1.5494E-09, -1.54040158E+00, -6.66666E-03, 1.69646E-03
-1.5432E-09, -1.53776693E+00, -6.13973E-03, 1.61215E-03
-1.5369E-09, -1.53513229E+00, -5.82358E-03, 1.52784E-03
-1.5307E-09, -1.53249764E+00, -5.61281E-03, 1.48569E-03
-1.5244E-09, -1.52933609E+00, -5.40204E-03, 1.48569E-03
-1.5182E-09, -1.52617455E+00, -4.87511E-03, 1.52784E-03
-1.5119E-09, -1.52353990E+00, -4.45356E-03, 1.57000E-03
-1.5057E-09, -1.52090526E+00, -4.55895E-03, 1.73861E-03
-1.4994E-09, -1.51827061E+00, -4.03202E-03, 1.78077E-03
-1.4932E-09, -1.51510906E+00, -3.92664E-03, 1.94939E-03
-1.4869E-09, -1.51247442E+00, -3.50509E-03, 2.07585E-03
-1.4807E-09, -1.51036668E+00, -3.39971E-03, 2.32877E-03
-1.4744E-09, -1.50825894E+00, -3.29432E-03, 2.49739E-03
-1.4682E-09, -1.50667810E+00, -2.87278E-03, 2.83462E-03
-1.4619E-09, -1.50509739E+00, -2.76740E-03, 3.08755E-03
-1.4557E-09, -1.50351655E+00, -2.55662E-03, 3.29832E-03
-1.4494E-09, -1.50298965E+00, -2.24047E-03, 3.55125E-03
-1.4432E-09, -1.50088191E+00, -2.24047E-03, 3.80417E-03
-1.4369E-09, -1.50140893E+00, -2.02970E-03, 4.01494E-03
-1.4307E-09, -1.50246274E+00, -1.81893E-03, 4.22571E-03
-1.4244E-09, -1.50193584E+00, -1.60815E-03, 4.43648E-03
-1.4182E-09, -1.50351655E+00, -1.50277E-03, 4.64726E-03
-1.4119E-09, -1.50351655E+00, -1.18661E-03, 4.77372E-03
-1.4057E-09, -1.50562429E+00, -1.08123E-03, 4.90018E-03
-1.3994E-09, -1.50773203E+00, -7.6507E-04, 5.06880E-03
-1.3932E-09, -1.50983977E+00, -5.5430E-04, 5.06880E-03
-1.3869E-09, -1.51194739E+00, -3.4353E-04, 5.06880E-03
-1.3807E-09, -1.51405513E+00, -2.737E-05, 5.11095E-03
-1.3744E-09, -1.51616287E+00, 4.9956E-04, 4.98449E-03
-1.3682E-09, -1.51985133E+00, 7.1033E-04, 4.94234E-03
-1.3619E-09, -1.52248597E+00, 9.2110E-04, 4.81587E-03
-1.3557E-09, -1.52564752E+00, 1.13187E-03, 4.68941E-03
-1.3494E-09, -1.52933609E+00, 1.65880E-03, 4.47864E-03
-1.3432E-09, -1.53144372E+00, 1.86957E-03, 4.31002E-03
-1.3369E-09, -1.53513229E+00, 2.08034E-03, 4.01494E-03
-1.3307E-09, -1.53671300E+00, 2.39650E-03, 3.80417E-03
-1.3244E-09, -1.54145539E+00, 2.60727E-03, 3.55125E-03
-1.3182E-09, -1.54461694E+00, 2.60727E-03, 3.25617E-03
-1.3119E-09, -1.54777849E+00, 2.81804E-03, 2.87678E-03
-1.3057E-09, -1.55146706E+00, 2.92343E-03, 2.70816E-03
-1.2994E-09, -1.55410171E+00, 3.02881E-03, 2.32877E-03
-1.2932E-09, -1.55779016E+00, 3.02881E-03, 2.07585E-03
-1.2869E-09, -1.56042480E+00, 3.02881E-03, 1.69646E-03
-1.2807E-09, -1.56305945E+00, 3.13420E-03, 1.40138E-03
-1.2744E-09, -1.56569409E+00, 2.81804E-03, 1.14845E-03
-1.2682E-09, -1.56885564E+00, 2.71265E-03, 8.5338E-04
-1.2619E-09, -1.57096338E+00, 2.39650E-03, 6.0045E-04
-1.2557E-09, -1.57254410E+00, 2.08034E-03, 3.8968E-04
-1.2494E-09, -1.57570577E+00, 1.86957E-03, 1.7891E-04
-1.2432E-09, -1.57675958E+00, 1.44803E-03, 1.029E-05
-1.2369E-09, -1.57781339E+00, 1.23726E-03, -2.0048E-04
-1.2307E-09, -1.58044803E+00, 8.1571E-04, -3.2694E-04
-1.2244E-09, -1.58150196E+00, 3.9417E-04, -4.5341E-04
-1.2182E-09, -1.58360958E+00, -2.737E-05, -6.6418E-04
-1.2119E-09, -1.58413661E+00, -2.3814E-04, -7.4849E-04
-1.2057E-09, -1.58571732E+00, -8.7046E-04, -8.7495E-04
-1.1994E-09, -1.58624423E+00, -1.18661E-03, -1.00141E-03
-1.1932E-09, -1.58835196E+00, -1.71354E-03, -1.08572E-03
-1.1869E-09, -1.58887887E+00, -1.92431E-03, -1.17003E-03
-1.1807E-09, -1.59098661E+00, -2.24047E-03, -1.17003E-03
-1.1744E-09, -1.59151351E+00, -2.76740E-03, -1.25434E-03
-1.1682E-09, -1.59309435E+00, -3.18894E-03, -1.29649E-03
-1.1619E-09, -1.59414816E+00, -3.39971E-03, -1.29649E-03
-1.1557E-09, -1.59678280E+00, -3.71587E-03, -1.33864E-03
-1.1494E-09, -1.59730971E+00, -3.92664E-03, -1.42295E-03
-1.1432E-09, -1.59941745E+00, -4.34818E-03, -1.38080E-03
-1.1369E-09, -1.60257900E+00, -4.24279E-03, -1.42295E-03
-1.1307E-09, -1.60468674E+00, -4.55895E-03, -1.33864E-03
-1.1244E-09, -1.60784829E+00, -4.55895E-03, -1.38080E-03
-1.1182E-09, -1.61100984E+00, -4.87511E-03, -1.29649E-03
-1.1119E-09, -1.61417150E+00, -4.66434E-03, -1.25434E-03
-1.1057E-09, -1.61838686E+00, -4.66434E-03, -1.17003E-03
-1.0994E-09, -1.62207532E+00, -4.76972E-03, -1.08572E-03
-1.0932E-09, -1.62734461E+00, -4.55895E-03, -9.5926E-04
-1.0869E-09, -1.63208699E+00, -4.66434E-03, -8.3279E-04
-1.0807E-09, -1.63735628E+00, -4.45356E-03, -6.6418E-04
-1.0744E-09, -1.64209867E+00, -4.13741E-03, -5.3771E-04
-1.0682E-09, -1.64684093E+00, -4.13741E-03, -3.6910E-04
-1.0619E-09, -1.65211022E+00, -3.92664E-03, -7.402E-05
-1.0557E-09, -1.65843344E+00, -3.82125E-03, 1.7891E-04
-1.0494E-09, -1.66422963E+00, -3.39971E-03, 3.8968E-04
-1.0432E-09, -1.66897190E+00, -3.08355E-03, 6.4260E-04
-1.0369E-09, -1.67529511E+00, -2.87278E-03, 8.9553E-04
-1.0307E-09, -1.68056440E+00, -2.45124E-03, 1.14845E-03
-1.0244E-09, -1.68583369E+00, -2.13508E-03, 1.48569E-03
-1.0182E-09, -1.69004905E+00, -1.81893E-03, 1.73861E-03
-1.0119E-09, -1.69426453E+00, -1.39738E-03, 1.94939E-03
-1.0057E-09, -1.69795299E+00, -7.6507E-04, 2.28662E-03
-9.994E-10, -1.70374918E+00, -3.4353E-04, 2.53954E-03
-9.932E-10, -1.70638382E+00, -2.737E-05, 2.75032E-03
-9.869E-10, -1.70849156E+00, 3.9417E-04, 2.87678E-03
-9.807E-10, -1.71112621E+00, 9.2110E-04, 3.04540E-03
-9.744E-10, -1.71376085E+00, 1.44803E-03, 3.17186E-03
-9.682E-10, -1.71586847E+00, 1.97495E-03, 3.29832E-03
-9.619E-10, -1.71744931E+00, 2.50188E-03, 3.42478E-03
-9.557E-10, -1.71744931E+00, 3.13420E-03, 3.50909E-03
-9.494E-10, -1.71797621E+00, 3.55574E-03, 3.55125E-03
-9.432E-10, -1.71797621E+00, 4.18805E-03, 3.55125E-03
-9.369E-10, -1.71692240E+00, 4.60959E-03, 3.46694E-03
-9.307E-10, -1.71639550E+00, 5.13652E-03, 3.46694E-03
-9.244E-10, -1.71586847E+00, 5.55806E-03, 3.42478E-03
-9.182E-10, -1.71428776E+00, 6.19038E-03, 3.34047E-03
-9.119E-10, -1.71218002E+00, 6.50653E-03, 3.21401E-03
-9.057E-10, -1.71007228E+00, 7.03346E-03, 3.17186E-03
-8.994E-10, -1.70796466E+00, 7.45500E-03, 2.91893E-03
-8.932E-10, -1.70638382E+00, 7.66578E-03, 2.91893E-03
-8.869E-10, -1.70427608E+00, 7.98193E-03, 2.75032E-03
-8.807E-10, -1.70322227E+00, 8.08732E-03, 2.70816E-03
-8.744E-10, -1.70111454E+00, 8.40348E-03, 2.53954E-03
-8.682E-10, -1.70111454E+00, 8.40348E-03, 2.53954E-03
-8.619E-10, -1.70006073E+00, 8.40348E-03, 2.45524E-03
-8.557E-10, -1.69953382E+00, 8.19270E-03, 2.41308E-03
-8.494E-10, -1.70006073E+00, 8.08732E-03, 2.45524E-03
-8.432E-10, -1.70058763E+00, 7.66578E-03, 2.37093E-03
-8.369E-10, -1.70164144E+00, 7.34962E-03, 2.49739E-03
-8.307E-10, -1.70269537E+00, 6.92808E-03, 2.49739E-03
-8.244E-10, -1.70374918E+00, 6.40115E-03, 2.58170E-03
-8.182E-10, -1.70480299E+00, 5.87422E-03, 2.70816E-03
-8.119E-10, -1.70638382E+00, 5.13652E-03, 2.75032E-03
-8.057E-10, -1.70849156E+00, 4.39882E-03, 2.91893E-03
-7.994E-10, -1.71059930E+00, 3.45035E-03, 3.04540E-03
-7.932E-10, -1.71270692E+00, 2.18573E-03, 3.17186E-03
-7.869E-10, -1.71586847E+00, 1.23726E-03, 3.34047E-03
-7.807E-10, -1.71850312E+00, 7.801E-05, 3.42478E-03
-7.744E-10, -1.72219169E+00, -1.08123E-03, 3.46694E-03
-7.682E-10, -1.72482634E+00, -2.66201E-03, 3.59340E-03
-7.619E-10, -1.72798789E+00, -3.82125E-03, 3.76202E-03
-7.557E-10, -1.73062253E+00, -5.29665E-03, 3.71986E-03
-7.494E-10, -1.73378408E+00, -6.66666E-03, 3.76202E-03
-7.432E-10, -1.73694563E+00, -8.03667E-03, 3.84633E-03
-7.369E-10, -1.74010718E+00, -9.30130E-03, 3.76202E-03
-7.307E-10, -1.74274182E+00, -1.088209E-02, 3.67771E-03
-7.244E-10, -1.74379575E+00, -1.204133E-02, 3.59340E-03
-7.182E-10, -1.74590337E+00, -1.362211E-02, 3.50909E-03
-7.119E-10, -1.74537647E+00, -1.457058E-02, 3.29832E-03
-7.057E-10, -1.74643040E+00, -1.594059E-02, 3.12970E-03
-6.994E-10, -1.74643040E+00, -1.699445E-02, 2.87678E-03
-6.932E-10, -1.74695730E+00, -1.804830E-02, 2.66601E-03
-6.869E-10, -1.74695730E+00, -1.868062E-02, 2.41308E-03
-6.807E-10, -1.74590337E+00, -1.941832E-02, 2.16016E-03
-6.744E-10, -1.74537647E+00, -2.005063E-02, 1.94939E-03
-6.682E-10, -1.74537647E+00, -2.047217E-02, 1.65431E-03
-6.619E-10, -1.74537647E+00, -2.057756E-02, 1.44353E-03
-6.557E-10, -1.74432266E+00, -2.089372E-02, 1.19061E-03
-6.494E-10, -1.74379575E+00, -2.068294E-02, 9.7984E-04
-6.432E-10, -1.74221492E+00, -2.047217E-02, 7.6907E-04
-6.369E-10, -1.74168801E+00, -1.983986E-02, 5.5830E-04
-6.307E-10, -1.74063408E+00, -1.920754E-02, 4.7399E-04
-6.244E-10, -1.73852646E+00, -1.815369E-02, 4.7399E-04
-6.182E-10, -1.73694563E+00, -1.709983E-02, 4.3183E-04
-6.119E-10, -1.73483789E+00, -1.604598E-02, 3.4752E-04
-6.057E-10, -1.73220325E+00, -1.488674E-02, 4.3183E-04
-5.994E-10, -1.73062253E+00, -1.341134E-02, 5.1614E-04
-5.932E-10, -1.72851479E+00, -1.161978E-02, 6.4260E-04
-5.869E-10, -1.72588015E+00, -9.93362E-03, 8.1122E-04
-5.807E-10, -1.72429943E+00, -8.24745E-03, 1.06415E-03
-5.744E-10, -1.72219169E+00, -6.35051E-03, 1.23276E-03
-5.682E-10, -1.71955705E+00, -4.55895E-03, 1.48569E-03
-5.619E-10, -1.71797621E+00, -2.76740E-03, 1.86508E-03
-5.557E-10, -1.71639550E+00, -7.6507E-04, 2.07585E-03
-5.494E-10, -1.71428776E+00, 9.2110E-04, 2.37093E-03
-5.432E-10, -1.71112621E+00, 2.92343E-03, 2.70816E-03
-5.369E-10, -1.70954537E+00, 4.60959E-03, 2.87678E-03
-5.307E-10, -1.70585692E+00, 6.08499E-03, 3.25617E-03
-5.244E-10, -1.70269537E+00, 7.66578E-03, 3.46694E-03
-5.182E-10, -1.69900680E+00, 8.93040E-03, 3.71986E-03
-5.119E-10, -1.69373751E+00, 1.040580E-02, 3.84633E-03
-5.057E-10, -1.68899524E+00, 1.156504E-02, 4.01494E-03
-4.994E-10, -1.68477976E+00, 1.240813E-02, 4.09925E-03
-4.932E-10, -1.67898357E+00, 1.304044E-02, 4.09925E-03
-4.869E-10, -1.67371428E+00, 1.356737E-02, 4.01494E-03
-4.807E-10, -1.66897190E+00, 1.419968E-02, 3.93063E-03
-4.744E-10, -1.66422963E+00, 1.451584E-02, 3.88848E-03
-4.682E-10, -1.65737951E+00, 1.462122E-02, 3.67771E-03
-4.619E-10, -1.65211022E+00, 1.462122E-02, 3.50909E-03
-4.557E-10, -1.64631402E+00, 1.430507E-02, 3.25617E-03
-4.494E-10, -1.63999093E+00, 1.398891E-02, 2.83462E-03
-4.432E-10, -1.63366783E+00, 1.346198E-02, 2.53954E-03
-4.369E-10, -1.62734461E+00, 1.293505E-02, 2.11800E-03
-4.307E-10, -1.62102151E+00, 1.230274E-02, 1.73861E-03
-4.244E-10, -1.61417150E+00, 1.167043E-02, 1.35923E-03
-4.182E-10, -1.60679448E+00, 1.093273E-02, 8.5338E-04
-4.119E-10, -1.59941745E+00, 1.030042E-02, 4.3183E-04
-4.057E-10, -1.59204042E+00, 9.24656E-03, 5.244E-05
-3.994E-10, -1.58466351E+00, 8.61425E-03, -4.5341E-04
-3.932E-10, -1.57728648E+00, 7.77116E-03, -8.3279E-04
-3.869E-10, -1.56938255E+00, 7.03346E-03, -1.25434E-03
-3.807E-10, -1.56200564E+00, 6.29576E-03, -1.59157E-03
-3.744E-10, -1.55568242E+00, 5.76884E-03, -1.88665E-03
-3.682E-10, -1.54830551E+00, 5.03114E-03, -2.13958E-03
-3.619E-10, -1.54092848E+00, 4.50421E-03, -2.30819E-03
-3.557E-10, -1.53355145E+00, 3.76651E-03, -2.47681E-03
-3.494E-10, -1.52564752E+00, 3.66112E-03, -2.60327E-03
-3.432E-10, -1.51827061E+00, 3.02881E-03, -2.64543E-03
-3.369E-10, -1.51142049E+00, 2.71265E-03, -2.64543E-03
-3.307E-10, -1.50140893E+00, 2.60727E-03, -2.60327E-03
-3.244E-10, -1.49297810E+00, 2.39650E-03, -2.56112E-03
-3.182E-10, -1.48349333E+00, 2.29111E-03, -2.30819E-03
-3.119E-10, -1.47295475E+00, 2.08034E-03, -2.13958E-03
-3.057E-10, -1.46241617E+00, 1.86957E-03, -1.92880E-03
-2.994E-10, -1.45082378E+00, 1.86957E-03, -1.59157E-03
-2.932E-10, -1.43923140E+00, 1.97495E-03, -1.38080E-03
-2.869E-10, -1.42816591E+00, 1.86957E-03, -1.04357E-03
-2.807E-10, -1.41604662E+00, 1.55341E-03, -7.0633E-04
-2.744E-10, -1.40287340E+00, 1.55341E-03, -4.5341E-04
-2.682E-10, -1.39022708E+00, 1.55341E-03, -3.186E-05
-2.619E-10, -1.37705386E+00, 1.23726E-03, 3.0537E-04
-2.557E-10, -1.36282682E+00, 1.13187E-03, 6.8476E-04
-2.494E-10, -1.34754598E+00, 1.02648E-03, 9.3768E-04
-2.432E-10, -1.33279192E+00, 9.2110E-04, 1.31707E-03
-2.369E-10, -1.31593025E+00, 7.1033E-04, 1.52784E-03
-2.307E-10, -1.30117631E+00, 2.8879E-04, 1.73861E-03
-2.244E-10, -1.28378773E+00, 1.8340E-04, 1.94939E-03
-2.182E-10, -1.26587212E+00, -2.737E-05, 2.16016E-03
-2.119E-10, -1.24795663E+00, -4.4891E-04, 2.24446E-03
-2.057E-10, -1.23004103E+00, -4.4891E-04, 2.32877E-03
-1.994E-10, -1.21001780E+00, -4.4891E-04, 2.32877E-03
-1.932E-10, -1.19210219E+00, -7.6507E-04, 2.37093E-03
-1.869E-10, -1.17313278E+00, -8.7046E-04, 2.37093E-03
-1.807E-10, -1.15574419E+00, -9.7584E-04, 2.24446E-03
-1.744E-10, -1.13782871E+00, -9.7584E-04, 2.16016E-03
-1.682E-10, -1.11991310E+00, -7.6507E-04, 1.99154E-03
-1.619E-10, -1.10147059E+00, -7.6507E-04, 1.86508E-03
-1.557E-10, -1.08302820E+00, -5.5430E-04, 1.69646E-03
-1.494E-10, -1.06563950E+00, -2.3814E-04, 1.52784E-03
-1.432E-10, -1.04877782E+00, -2.3814E-04, 1.27492E-03
-1.369E-10, -1.03086233E+00, 2.8879E-04, 1.02199E-03
-1.307E-10, -1.01400065E+00, 4.9956E-04, 8.9553E-04
-1.244E-10, -9.9608505E-01, 8.1571E-04, 6.4260E-04
-1.182E-10, -9.7816950E-01, 1.02648E-03, 4.7399E-04
-1.119E-10, -9.6078086E-01, 1.34264E-03, 2.6322E-04
-1.057E-10, -9.4444615E-01, 1.65880E-03, 1.3675E-04
-9.94E-11, -9.2811137E-01, 1.97495E-03, -3.186E-05
-9.32E-11, -9.1283047E-01, 1.86957E-03, -1.1617E-04
-8.69E-11, -8.9649570E-01, 2.18573E-03, -2.4263E-04
-8.07E-11, -8.8279557E-01, 2.08034E-03, -2.8479E-04
-7.44E-11, -8.6751467E-01, 2.08034E-03, -3.6910E-04
-6.82E-11, -8.5381454E-01, 1.65880E-03, -3.6910E-04
-6.19E-11, -8.4011441E-01, 1.13187E-03, -2.8479E-04
-5.57E-11, -8.2588732E-01, 9.2110E-04, -2.0048E-04
-4.94E-11, -8.1324106E-01, 1.8340E-04, -7.402E-05
-4.32E-11, -8.0006790E-01, -3.4353E-04, 9.460E-05
-3.69E-11, -7.8742158E-01, -1.29200E-03, 2.6322E-04
-3.07E-11, -7.7424842E-01, -2.34585E-03, 5.5830E-04
-2.44E-11, -7.6160216E-01, -3.61048E-03, 7.6907E-04
-1.82E-11, -7.4842894E-01, -4.76972E-03, 1.10630E-03
-1.19E-11, -7.3630959E-01, -6.24512E-03, 1.44353E-03
-5.7E-12, -7.2366333E-01, -7.72052E-03, 1.82292E-03
6E-13, -7.0996320E-01, -9.30130E-03, 2.20231E-03
6.8E-12, -6.9731694E-01, -1.098747E-02, 2.58170E-03
1.31E-11, -6.8730533E-01, -1.235748E-02, 3.00324E-03
1.93E-11, -6.7518598E-01, -1.393827E-02, 3.42478E-03
2.56E-11, -6.6464740E-01, -1.530828E-02, 3.84633E-03
3.18E-11, -6.5410888E-01, -1.688906E-02, 4.31002E-03
3.81E-11, -6.4304340E-01, -1.825907E-02, 4.81587E-03
4.43E-11, -6.3250482E-01, -1.962909E-02, 5.23741E-03
5.06E-11, -6.2091237E-01, -2.057756E-02, 5.61680E-03
5.68E-11, -6.1090076E-01, -2.163141E-02, 6.12265E-03
6.31E-11, -5.9983528E-01, -2.236911E-02, 6.45989E-03
6.93E-11, -5.8824289E-01, -2.321220E-02, 6.88143E-03
7.56E-11, -5.7770431E-01, -2.321220E-02, 7.26082E-03
8.18E-11, -5.6611192E-01, -2.331758E-02, 7.55590E-03
8.81E-11, -5.5451947E-01, -2.310681E-02, 7.80882E-03
9.43E-11, -5.4398096E-01, -2.268527E-02, 8.01959E-03
1.006E-10, -5.3291547E-01, -2.205296E-02, 8.31467E-03
1.068E-10, -5.2290380E-01, -2.110448E-02, 8.44114E-03
1.131E-10, -5.1341909E-01, -2.015601E-02, 8.52544E-03
1.193E-10, -5.0340748E-01, -1.910216E-02, 8.65191E-03
1.256E-10, -4.9392277E-01, -1.741599E-02, 8.69406E-03
1.318E-10, -4.8549193E-01, -1.636213E-02, 8.69406E-03
1.381E-10, -4.7653416E-01, -1.435981E-02, 8.73622E-03
1.443E-10, -4.6757638E-01, -1.267364E-02, 8.56760E-03
1.506E-10, -4.6019939E-01, -1.077670E-02, 8.35683E-03
1.568E-10, -4.5124161E-01, -9.09053E-03, 8.18821E-03
1.631E-10, -4.4439155E-01, -7.19359E-03, 7.97744E-03
1.693E-10, -4.3648764E-01, -5.29665E-03, 7.72451E-03
1.756E-10, -4.3016452E-01, -3.39971E-03, 7.38728E-03
1.818E-10, -4.2278752E-01, -2.13508E-03, 7.09220E-03
1.881E-10, -4.1646439E-01, -4.4891E-04, 6.75497E-03
1.943E-10, -4.1119510E-01, 7.1033E-04, 6.41773E-03
2.006E-10, -4.0487197E-01, 1.86957E-03, 6.03834E-03
2.068E-10, -4.0065655E-01, 2.92343E-03, 5.61680E-03
2.131E-10, -3.9591420E-01, 3.55574E-03, 5.11095E-03
2.193E-10, -3.9327955E-01, 3.87190E-03, 4.68941E-03
2.256E-10, -3.9064491E-01, 4.18805E-03, 4.31002E-03
2.318E-10, -3.8853720E-01, 4.18805E-03, 3.93063E-03
2.381E-10, -3.8590255E-01, 3.97728E-03, 3.55125E-03
2.443E-10, -3.8432178E-01, 3.45035E-03, 3.17186E-03
2.506E-10, -3.8221407E-01, 2.60727E-03, 2.75032E-03
2.568E-10, -3.8168713E-01, 1.65880E-03, 2.41308E-03
2.631E-10, -3.8010636E-01, 4.9956E-04, 1.99154E-03
2.693E-10, -3.7852558E-01, -7.6507E-04, 1.69646E-03
2.756E-10, -3.7641788E-01, -2.24047E-03, 1.48569E-03
2.818E-10, -3.7483707E-01, -3.92664E-03, 1.23276E-03
2.881E-10, -3.7220246E-01, -5.19126E-03, 9.7984E-04
2.943E-10, -3.7062165E-01, -6.98282E-03, 8.1122E-04
3.006E-10, -3.6746010E-01, -8.77437E-03, 6.4260E-04
3.068E-10, -3.6535239E-01, -1.024977E-02, 4.7399E-04
3.131E-10, -3.6271775E-01, -1.193594E-02, 3.4752E-04
3.193E-10, -3.6061004E-01, -1.341134E-02, 3.4752E-04
3.256E-10, -3.5744846E-01, -1.509751E-02, 3.4752E-04
3.318E-10, -3.5428691E-01, -1.636213E-02, 3.4752E-04
3.381E-10, -3.5217917E-01, -1.762676E-02, 3.8968E-04
3.443E-10, -3.4743685E-01, -1.857523E-02, 4.7399E-04
3.506E-10, -3.4269449E-01, -1.941832E-02, 5.5830E-04
3.568E-10, -3.3742520E-01, -2.015601E-02, 6.8476E-04
3.631E-10, -3.3320978E-01, -2.057756E-02, 7.2691E-04
3.693E-10, -3.2741356E-01, -2.089372E-02, 9.3768E-04
3.756E-10, -3.2161736E-01, -2.089372E-02, 9.7984E-04
3.818E-10, -3.1476730E-01, -2.057756E-02, 1.10630E-03
3.881E-10, -3.0897111E-01, -2.036679E-02, 1.23276E-03
3.943E-10, -3.0370182E-01, -1.983986E-02, 1.35923E-03
4.006E-10, -2.9737869E-01, -1.910216E-02, 1.61215E-03
4.068E-10, -2.9000169E-01, -1.815369E-02, 1.69646E-03
4.131E-10, -2.8473240E-01, -1.720522E-02, 1.78077E-03
4.193E-10, -2.8209779E-01, -1.615136E-02, 1.90723E-03
4.256E-10, -2.7682850E-01, -1.488674E-02, 1.90723E-03
4.318E-10, -2.7261308E-01, -1.372750E-02, 2.03369E-03
4.381E-10, -2.6997843E-01, -1.214671E-02, 2.03369E-03
4.443E-10, -2.6681685E-01, -1.088209E-02, 2.07585E-03
4.506E-10, -2.6312837E-01, -9.51207E-03, 2.07585E-03
4.568E-10, -2.6102066E-01, -8.14206E-03, 2.11800E-03
4.631E-10, -2.5838602E-01, -6.77205E-03, 2.07585E-03
4.693E-10, -2.5785908E-01, -5.61281E-03, 2.03369E-03
4.756E-10, -2.5733218E-01, -4.34818E-03, 1.94939E-03
4.818E-10, -2.5575137E-01, -3.39971E-03, 1.99154E-03
4.881E-10, -2.5469753E-01, -2.45124E-03, 1.82292E-03
4.943E-10, -2.5575137E-01, -1.60815E-03, 1.69646E-03
5.006E-10, -2.5522447E-01, -8.7046E-04, 1.61215E-03
5.068E-10, -2.5680524E-01, -3.4353E-04, 1.52784E-03
5.131E-10, -2.5785908E-01, 1.8340E-04, 1.35923E-03
5.193E-10, -2.5996679E-01, 3.9417E-04, 1.27492E-03
5.256E-10, -2.6154760E-01, 8.1571E-04, 1.14845E-03
5.318E-10, -2.6418224E-01, 8.1571E-04, 1.06415E-03
5.381E-10, -2.6576301E-01, 6.0494E-04, 9.7984E-04
5.443E-10, -2.6681685E-01, 3.9417E-04, 8.1122E-04
5.506E-10, -2.6787072E-01, 3.9417E-04, 6.8476E-04
5.568E-10, -2.6892459E-01, 7.801E-05, 6.0045E-04
5.631E-10, -2.6892459E-01, -3.4353E-04, 4.7399E-04
5.693E-10, -2.6945150E-01, -6.5968E-04, 4.3183E-04
5.756E-10, -2.6892459E-01, -1.18661E-03, 3.8968E-04
5.818E-10, -2.6681685E-01, -1.71354E-03, 3.8968E-04
5.881E-10, -2.6523608E-01, -2.02970E-03, 2.2106E-04
5.943E-10, -2.6312837E-01, -2.55662E-03, 1.7891E-04
6.006E-10, -2.6102066E-01, -2.87278E-03, 1.3675E-04
6.068E-10, -2.5838602E-01, -3.39971E-03, 1.7891E-04
6.131E-10, -2.5522447E-01, -3.61048E-03, 9.460E-05
6.193E-10, -2.5258982E-01, -3.71587E-03, 1.3675E-04
6.256E-10, -2.4837439E-01, -3.71587E-03, 9.460E-05
6.318E-10, -2.4679361E-01, -3.92664E-03, 9.460E-05
6.381E-10, -2.4205126E-01, -3.82125E-03, 1.3675E-04
6.443E-10, -2.3836276E-01, -3.92664E-03, 1.7891E-04
6.506E-10, -2.3467426E-01, -3.61048E-03, 9.460E-05
6.568E-10, -2.3098578E-01, -3.08355E-03, 2.2106E-04
6.631E-10, -2.2782421E-01, -2.66201E-03, 1.7891E-04
6.693E-10, -2.2308186E-01, -2.34585E-03, 2.2106E-04
6.756E-10, -2.2044721E-01, -1.81893E-03, 2.2106E-04
6.818E-10, -2.1781257E-01, -9.7584E-04, 3.0537E-04
6.881E-10, -2.1465100E-01, -3.4353E-04, 3.0537E-04
6.943E-10, -2.1359715E-01, 2.8879E-04, 3.8968E-04
7.006E-10, -2.1096252E-01, 9.2110E-04, 3.8968E-04
7.068E-10, -2.1096252E-01, 1.86957E-03, 3.8968E-04
7.131E-10, -2.0938173E-01, 2.81804E-03, 4.7399E-04
7.193E-10, -2.1096252E-01, 3.55574E-03, 5.5830E-04
7.256E-10, -2.1201637E-01, 4.39882E-03, 6.0045E-04
7.318E-10, -2.1359715E-01, 5.03114E-03, 6.8476E-04
7.381E-10, -2.1728565E-01, 5.87422E-03, 6.8476E-04
7.443E-10, -2.1781257E-01, 6.29576E-03, 8.5338E-04
7.506E-10, -2.2044721E-01, 6.92808E-03, 8.9553E-04
7.568E-10, -2.2466263E-01, 7.24423E-03, 1.06415E-03
7.631E-10, -2.2940499E-01, 7.66578E-03, 1.10630E-03
7.693E-10, -2.3362041E-01, 7.87655E-03, 1.31707E-03
7.756E-10, -2.3678198E-01, 7.87655E-03, 1.48569E-03
7.818E-10, -2.4205126E-01, 7.77116E-03, 1.65431E-03
7.881E-10, -2.4573976E-01, 7.77116E-03, 1.82292E-03
7.943E-10, -2.5048211E-01, 7.34962E-03, 2.03369E-03
8.006E-10, -2.5364366E-01, 7.13885E-03, 2.20231E-03
8.068E-10, -2.5838602E-01, 6.61192E-03, 2.41308E-03
8.131E-10, -2.6312837E-01, 6.19038E-03, 2.53954E-03
8.193E-10, -2.6839766E-01, 5.24191E-03, 2.75032E-03
8.256E-10, -2.7261308E-01, 4.60959E-03, 2.96109E-03
8.318E-10, -2.7630156E-01, 3.76651E-03, 3.17186E-03
8.381E-10, -2.7999008E-01, 2.92343E-03, 3.38263E-03
8.443E-10, -2.8367856E-01, 1.97495E-03, 3.50909E-03
8.506E-10, -2.8631321E-01, 9.2110E-04, 3.59340E-03
8.568E-10, -2.8947476E-01, -1.3276E-04, 3.76202E-03
8.631E-10, -2.9158247E-01, -9.7584E-04, 3.84633E-03
8.693E-10, -2.9316327E-01, -1.92431E-03, 3.93063E-03
8.756E-10, -2.9527098E-01, -2.66201E-03, 3.97279E-03
8.818E-10, -2.9632482E-01, -3.50509E-03, 4.01494E-03
8.881E-10, -2.9685175E-01, -4.24279E-03, 3.93063E-03
8.943E-10, -2.9895946E-01, -4.98049E-03, 3.84633E-03
9.006E-10, -2.9843253E-01, -5.71819E-03, 3.76202E-03
9.068E-10, -2.9790562E-01, -5.92896E-03, 3.63555E-03
9.131E-10, -2.9790562E-01, -6.24512E-03, 3.42478E-03
9.193E-10, -2.9843253E-01, -6.56128E-03, 3.12970E-03
9.256E-10, -2.9790562E-01, -6.66666E-03, 2.83462E-03
9.318E-10, -2.9790562E-01, -6.77205E-03, 2.58170E-03
9.381E-10, -2.9737869E-01, -6.66666E-03, 2.24446E-03
9.443E-10, -2.9737869E-01, -6.35051E-03, 1.90723E-03
9.506E-10, -2.9579791E-01, -6.03435E-03, 1.48569E-03
9.568E-10, -2.9632482E-01, -5.61281E-03, 1.14845E-03
9.631E-10, -2.9474404E-01, -5.40204E-03, 6.4260E-04
9.693E-10, -2.9527098E-01, -4.55895E-03, 3.0537E-04
9.756E-10, -2.9421711E-01, -3.92664E-03, -1.1617E-04
9.818E-10, -2.9316327E-01, -3.29432E-03, -5.7987E-04
9.881E-10, -2.9210940E-01, -2.66201E-03, -9.5926E-04
9.943E-10, -2.9105556E-01, -2.02970E-03, -1.25434E-03
1.0006E-09, -2.9158247E-01, -1.39738E-03, -1.63372E-03
1.0068E-09, -2.9105556E-01, -6.5968E-04, -2.01311E-03
1.0131E-09, -2.9000169E-01, -2.737E-05, -2.39250E-03
1.0193E-09, -2.9105556E-01, 4.9956E-04, -2.51896E-03
1.0256E-09, -2.9052863E-01, 1.02648E-03, -2.85620E-03
1.0318E-09, -2.9105556E-01, 1.44803E-03, -2.98266E-03
1.0381E-09, -2.9210940E-01, 1.55341E-03, -2.98266E-03
1.0443E-09, -2.9263633E-01, 1.86957E-03, -3.10912E-03
1.0506E-09, -2.9316327E-01, 1.86957E-03, -3.10912E-03
1.0568E-09, -2.9579791E-01, 1.76418E-03, -3.02481E-03
1.0631E-09, -2.9527098E-01, 1.23726E-03, -2.98266E-03
1.0693E-09, -2.9685175E-01, 1.02648E-03, -2.81404E-03
1.0756E-09, -2.9948640E-01, 6.0494E-04, -2.60327E-03
1.0818E-09, -3.0106717E-01, -1.3276E-04, -2.39250E-03
1.0881E-09, -3.0264798E-01, -7.6507E-04, -2.22388E-03
1.0943E-09, -3.0580953E-01, -1.60815E-03, -1.88665E-03
1.1006E-09, -3.0949801E-01, -2.45124E-03, -1.54942E-03
1.1068E-09, -3.1107882E-01, -3.39971E-03, -1.29649E-03
1.1131E-09, -3.1424037E-01, -4.45356E-03, -1.00141E-03
1.1193E-09, -3.1898272E-01, -5.29665E-03, -7.0633E-04
1.1256E-09, -3.2161736E-01, -6.66666E-03, -3.6910E-04
1.1318E-09, -3.2530585E-01, -7.61513E-03, -1.1617E-04
1.1381E-09, -3.3057514E-01, -8.77437E-03, 1.3675E-04
1.1443E-09, -3.3479056E-01, -9.82823E-03, 3.8968E-04
1.1506E-09, -3.3847907E-01, -1.077670E-02, 5.5830E-04
1.1568E-09, -3.4269449E-01, -1.193594E-02, 7.6907E-04
1.1631E-09, -3.4690991E-01, -1.277903E-02, 7.6907E-04
1.1693E-09, -3.5217917E-01, -1.351672E-02, 8.9553E-04
1.1756E-09, -3.5692152E-01, -1.435981E-02, 9.3768E-04
1.1818E-09, -3.6061004E-01, -1.488674E-02, 8.9553E-04
1.1881E-09, -3.6377159E-01, -1.520289E-02, 8.1122E-04
1.1943E-09, -3.6851394E-01, -1.572982E-02, 7.6907E-04
1.2006E-09, -3.7009475E-01, -1.583521E-02, 6.0045E-04
1.2068E-09, -3.7272936E-01, -1.604598E-02, 3.8968E-04
1.2131E-09, -3.7694478E-01, -1.594059E-02, 1.3675E-04
1.2193E-09, -3.7852558E-01, -1.572982E-02, -1.5833E-04
1.2256E-09, -3.8063329E-01, -1.562444E-02, -4.5341E-04
1.2318E-09, -3.8221407E-01, -1.499212E-02, -8.3279E-04
1.2381E-09, -3.8274100E-01, -1.457058E-02, -1.04357E-03
1.2443E-09, -3.8326794E-01, -1.404365E-02, -1.50726E-03
1.2506E-09, -3.8221407E-01, -1.309518E-02, -1.97096E-03
1.2568E-09, -3.8221407E-01, -1.235748E-02, -2.22388E-03
1.2631E-09, -3.8063329E-01, -1.151440E-02, -2.60327E-03
1.2693E-09, -3.7957942E-01, -1.056593E-02, -2.89835E-03
1.2756E-09, -3.7641788E-01, -9.61746E-03, -3.19343E-03
1.2818E-09, -3.7378323E-01, -8.77437E-03, -3.48851E-03
1.2881E-09, -3.7009475E-01, -7.82590E-03, -3.74144E-03
1.2943E-09, -3.6693317E-01, -6.56128E-03, -3.86790E-03
1.3006E-09, -3.6271775E-01, -5.92896E-03, -4.07867E-03
1.3068E-09, -3.5850233E-01, -4.98049E-03, -4.24729E-03
1.3131E-09, -3.5323304E-01, -4.13741E-03, -4.28944E-03
1.3193E-09, -3.4901762E-01, -3.29432E-03, -4.28944E-03
1.3256E-09, -3.4427527E-01, -2.45124E-03, -4.33159E-03
1.3318E-09, -3.3900598E-01, -1.92431E-03, -4.20513E-03
1.3381E-09, -3.3373672E-01, -1.39738E-03, -4.07867E-03
1.3443E-09, -3.2952130E-01, -1.18661E-03, -3.95221E-03
1.3506E-09, -3.2372507E-01, -7.6507E-04, -3.74144E-03
1.3568E-09, -3.1950966E-01, -4.4891E-04, -3.48851E-03
1.3631E-09, -3.1424037E-01, -4.4891E-04, -3.27774E-03
1.3693E-09, -3.1002495E-01, -5.5430E-04, -2.94051E-03
1.3756E-09, -3.0528259E-01, -4.4891E-04, -2.60327E-03
1.3818E-09, -3.0106717E-01, -7.6507E-04, -2.26604E-03
1.3881E-09, -2.9685175E-01, -1.08123E-03, -1.92880E-03
1.3943E-09, -2.9474404E-01, -1.81893E-03, -1.54942E-03
1.4006E-09, -2.9105556E-01, -2.02970E-03, -1.17003E-03
1.4068E-09, -2.8736705E-01, -2.76740E-03, -8.3279E-04
1.4131E-09, -2.8473240E-01, -3.39971E-03, -4.9556E-04
1.4193E-09, -2.8315163E-01, -4.24279E-03, -1.1617E-04
1.4256E-09, -2.8104392E-01, -5.19126E-03, 9.460E-05
1.4318E-09, -2.7999008E-01, -6.13973E-03, 4.7399E-04
1.4381E-09, -2.7999008E-01, -6.98282E-03, 7.6907E-04
1.4443E-09, -2.7999008E-01, -7.93129E-03, 8.9553E-04
1.4506E-09, -2.7999008E-01, -9.09053E-03, 1.06415E-03
1.4568E-09, -2.7999008E-01, -1.035516E-02, 1.23276E-03
1.4631E-09, -2.8104392E-01, -1.119824E-02, 1.27492E-03
1.4693E-09, -2.8209779E-01, -1.246287E-02, 1.44353E-03
1.4756E-09, -2.8209779E-01, -1.362211E-02, 1.52784E-03
1.4818E-09, -2.8473240E-01, -1.467597E-02, 1.48569E-03
1.4881E-09, -2.8525934E-01, -1.562444E-02, 1.48569E-03
1.4943E-09, -2.8684014E-01, -1.625675E-02, 1.40138E-03
1.5006E-09, -2.8842092E-01, -1.720522E-02, 1.31707E-03
1.5068E-09, -2.9000169E-01, -1.815369E-02, 1.23276E-03
1.5131E-09, -2.9105556E-01, -1.846985E-02, 1.06415E-03
1.5193E-09, -2.9316327E-01, -1.910216E-02, 9.3768E-04
1.5256E-09, -2.9421711E-01, -1.962909E-02, 8.1122E-04
1.5318E-09, -2.9527098E-01, -1.962909E-02, 6.4260E-04
1.5381E-09, -2.9579791E-01, -1.983986E-02, 4.7399E-04
1.5443E-09, -2.9737869E-01, -2.005063E-02, 2.2106E-04
1.5506E-09, -2.9737869E-01, -1.973447E-02, 9.460E-05
1.5568E-09, -2.9685175E-01, -1.952370E-02, -7.402E-05
1.5631E-09, -2.9685175E-01, -1.878600E-02, -3.2694E-04
1.5693E-09, -2.9632482E-01, -1.825907E-02, -4.5341E-04
1.5756E-09, -2.9421711E-01, -1.752138E-02, -5.7987E-04
1.5818E-09, -2.9210940E-01, -1.657291E-02, -6.6418E-04
1.5881E-09, -2.8894785E-01, -1.551905E-02, -8.7495E-04
1.5943E-09, -2.8631321E-01, -1.435981E-02, -9.1710E-04
1.6006E-09, -2.8367856E-01, -1.330595E-02, -1.00141E-03
1.6068E-09, -2.7946314E-01, -1.183056E-02, -1.12787E-03
1.6131E-09, -2.7630156E-01, -1.035516E-02, -1.12787E-03
1.6193E-09, -2.7208614E-01, -8.98515E-03, -1.04357E-03
1.6256E-09, -2.6576301E-01, -7.19359E-03, -1.12787E-03
1.6318E-09, -2.6102066E-01, -5.92896E-03, -1.08572E-03
1.6381E-09, -2.5627831E-01, -4.24279E-03, -1.04357E-03
1.6443E-09, -2.5048211E-01, -2.87278E-03, -9.5926E-04
1.6506E-09, -2.4521282E-01, -1.39738E-03, -8.3279E-04
1.6568E-09, -2.4047047E-01, -2.737E-05, -7.0633E-04
1.6631E-09, -2.3520119E-01, 1.23726E-03, -5.7987E-04
1.6693E-09, -2.2940499E-01, 2.50188E-03, -3.6910E-04
1.6756E-09, -2.2413571E-01, 3.66112E-03, -2.4263E-04
1.6818E-09, -2.1781257E-01, 4.39882E-03, -1.1617E-04
1.6881E-09, -2.1359715E-01, 5.34729E-03, 1.029E-05
1.6943E-09, -2.0885479E-01, 5.87422E-03, 2.6322E-04
1.7006E-09, -2.0516631E-01, 6.40115E-03, 4.7399E-04
1.7068E-09, -2.0200475E-01, 6.82269E-03, 6.4260E-04
1.7131E-09, -1.9884317E-01, 7.03346E-03, 8.1122E-04
1.7193E-09, -1.9620854E-01, 7.03346E-03, 1.06415E-03
1.7256E-09, -1.9357389E-01, 6.92808E-03, 1.19061E-03
1.7318E-09, -1.9093925E-01, 6.71731E-03, 1.40138E-03
1.7381E-09, -1.8988539E-01, 6.50653E-03, 1.57000E-03
1.7443E-09, -1.8935847E-01, 5.87422E-03, 1.73861E-03
1.7506E-09, -1.8830462E-01, 5.45268E-03, 1.86508E-03
1.7568E-09, -1.8830462E-01, 4.92575E-03, 2.03369E-03
1.7631E-09, -1.8777768E-01, 4.18805E-03, 2.20231E-03
1.7693E-09, -1.8725076E-01, 3.34497E-03, 2.28662E-03
1.7756E-09, -1.8777768E-01, 2.71265E-03, 2.41308E-03
1.7818E-09, -1.8725076E-01, 1.86957E-03, 2.58170E-03
1.7881E-09, -1.8777768E-01, 1.23726E-03, 2.66601E-03
1.7943E-09, -1.8725076E-01, 7.1033E-04, 2.75032E-03
1.8006E-09, -1.8725076E-01, -1.3276E-04, 2.83462E-03
1.8068E-09, -1.8619691E-01, -7.6507E-04, 2.79247E-03
1.8131E-09, -1.8566997E-01, -1.18661E-03, 2.87678E-03
1.8193E-09, -1.8461612E-01, -1.60815E-03, 2.87678E-03
1.8256E-09, -1.8356226E-01, -1.92431E-03, 2.96109E-03
1.8318E-09, -1.8145455E-01, -2.24047E-03, 3.00324E-03
1.8381E-09, -1.7987376E-01, -2.55662E-03, 3.08755E-03
1.8443E-09, -1.7776605E-01, -2.55662E-03, 3.08755E-03
1.8506E-09, -1.7407756E-01, -2.45124E-03, 3.04540E-03
1.8568E-09, -1.7091599E-01, -2.66201E-03, 3.08755E-03
1.8631E-09, -1.6722749E-01, -2.45124E-03, 3.00324E-03
1.8693E-09, -1.6301207E-01, -2.55662E-03, 3.04540E-03
1.8756E-09, -1.5932359E-01, -2.24047E-03, 3.08755E-03
1.8818E-09, -1.5510815E-01, -2.34585E-03, 3.04540E-03
1.8881E-09, -1.5141967E-01, -2.13508E-03, 3.08755E-03
1.8943E-09, -1.4667732E-01, -1.92431E-03, 3.04540E-03
1.9006E-09, -1.4193496E-01, -2.13508E-03, 3.04540E-03
1.9068E-09, -1.3771954E-01, -2.02970E-03, 3.04540E-03
1.9131E-09, -1.3403104E-01, -2.02970E-03, 3.04540E-03
1.9193E-09, -1.3034254E-01, -2.13508E-03, 3.12970E-03
1.9256E-09, -1.2823483E-01, -2.34585E-03, 3.00324E-03
1.9318E-09, -1.2454634E-01, -2.76740E-03, 3.08755E-03
1.9381E-09, -1.2191170E-01, -3.08355E-03, 3.04540E-03
1.9443E-09, -1.1927706E-01, -3.61048E-03, 3.04540E-03
1.9506E-09, -1.1769628E-01, -4.03202E-03, 3.04540E-03
1.9568E-09, -1.1664242E-01, -4.66434E-03, 3.08755E-03
1.9631E-09, -1.1611550E-01, -5.50742E-03, 3.08755E-03
1.9693E-09, -1.1611550E-01, -6.24512E-03, 3.08755E-03
1.9756E-09, -1.1611550E-01, -7.08820E-03, 3.00324E-03
1.9818E-09, -1.1664242E-01, -7.93129E-03, 3.00324E-03
1.9881E-09, -1.1664242E-01, -8.87976E-03, 2.91893E-03
1.9943E-09, -1.1822321E-01, -9.72284E-03, 2.91893E-03
2.0006E-09, -1.1769628E-01, -1.067131E-02, 2.83462E-03
2.0068E-09, -1.1927706E-01, -1.130363E-02, 2.79247E-03
2.0131E-09, -1.2033091E-01, -1.225210E-02, 2.62385E-03
2.0193E-09, -1.2138478E-01, -1.298980E-02, 2.53954E-03
2.0256E-09, -1.2243863E-01, -1.372750E-02, 2.41308E-03
2.0318E-09, -1.2349249E-01, -1.414904E-02, 2.24446E-03
2.0381E-09, -1.2401941E-01, -1.467597E-02, 2.11800E-03
2.0443E-09, -1.2401941E-01, -1.499212E-02, 1.99154E-03
2.0506E-09, -1.2349249E-01, -1.520289E-02, 1.73861E-03
2.0568E-09, -1.2191170E-01, -1.509751E-02, 1.52784E-03
2.0631E-09, -1.2085784E-01, -1.520289E-02, 1.23276E-03
2.0693E-09, -1.1822321E-01, -1.499212E-02, 1.02199E-03
2.0756E-09, -1.1611550E-01, -1.446519E-02, 6.8476E-04
2.0818E-09, -1.1242700E-01, -1.404365E-02, 3.8968E-04
2.0881E-09, -1.0873850E-01, -1.351672E-02, 5.244E-05
2.0943E-09, -1.0557694E-01, -1.277903E-02, -1.1617E-04
2.1006E-09, -9.978073E-02, -1.193594E-02, -4.5341E-04
2.1068E-09, -9.556530E-02, -1.119824E-02, -7.4849E-04
2.1131E-09, -9.029603E-02, -1.014439E-02, -1.08572E-03
2.1193E-09, -8.608060E-02, -9.09053E-03, -1.38080E-03
2.1256E-09, -8.028440E-02, -8.35283E-03, -1.67588E-03
2.1318E-09, -7.501512E-02, -7.29898E-03, -1.84450E-03
2.1381E-09, -7.079970E-02, -6.35051E-03, -2.09742E-03
2.1443E-09, -6.605735E-02, -5.40204E-03, -2.35035E-03
2.1506E-09, -6.131500E-02, -4.34818E-03, -2.56112E-03
2.1568E-09, -5.762650E-02, -3.39971E-03, -2.68758E-03
2.1631E-09, -5.446493E-02, -2.97817E-03, -2.77189E-03
2.1693E-09, -5.235722E-02, -2.34585E-03, -2.85620E-03
2.1756E-09, -5.024951E-02, -1.92431E-03, -2.89835E-03
2.1818E-09, -4.814180E-02, -1.50277E-03, -2.94051E-03
2.1881E-09, -4.708794E-02, -1.18661E-03, -2.94051E-03
2.1943E-09, -4.814180E-02, -1.08123E-03, -2.89835E-03
2.2006E-09, -4.919565E-02, -1.08123E-03, -2.81404E-03
2.2068E-09, -4.972258E-02, -1.18661E-03, -2.64543E-03
2.2131E-09, -5.235722E-02, -1.29200E-03, -2.51896E-03
2.2193E-09, -5.499186E-02, -1.71354E-03, -2.35035E-03
2.2256E-09, -5.762650E-02, -2.13508E-03, -2.18173E-03
2.2318E-09, -6.236885E-02, -2.87278E-03, -1.92880E-03
2.2381E-09, -6.711120E-02, -3.39971E-03, -1.71803E-03
2.2443E-09, -7.132663E-02, -4.13741E-03, -1.54942E-03
2.2506E-09, -7.606898E-02, -4.76972E-03, -1.29649E-03
2.2568E-09, -8.028440E-02, -5.71819E-03, -1.04357E-03
2.2631E-09, -8.449982E-02, -6.56128E-03, -8.3279E-04
2.2693E-09, -8.924218E-02, -7.40436E-03, -5.7987E-04
2.2756E-09, -9.398452E-02, -8.35283E-03, -4.5341E-04
2.2818E-09, -9.661917E-02, -8.98515E-03, -1.5833E-04
2.2881E-09, -9.925380E-02, -9.82823E-03, -7.402E-05
2.2943E-09, -1.0346922E-01, -1.056593E-02, 5.244E-05
2.3006E-09, -1.0452309E-01, -1.140901E-02, 1.7891E-04
2.3068E-09, -1.0610387E-01, -1.193594E-02, 3.0537E-04
2.3131E-09, -1.0663079E-01, -1.246287E-02, 2.6322E-04
2.3193E-09, -1.0715772E-01, -1.320057E-02, 3.4752E-04
2.3256E-09, -1.0557694E-01, -1.372750E-02, 2.6322E-04
2.3318E-09, -1.0505001E-01, -1.425442E-02, 2.6322E-04
2.3381E-09, -1.0346922E-01, -1.467597E-02, 2.2106E-04
2.3443E-09, -1.0030766E-01, -1.509751E-02, 9.460E-05
2.3506E-09, -9.767302E-02, -1.520289E-02, -7.402E-05
2.3568E-09, -9.451145E-02, -1.551905E-02, -1.5833E-04
2.3631E-09, -8.976910E-02, -1.541366E-02, -3.2694E-04
2.3693E-09, -8.660753E-02, -1.562444E-02, -4.9556E-04
2.3756E-09, -8.239211E-02, -1.562444E-02, -6.2202E-04
2.3818E-09, -7.764976E-02, -1.530828E-02, -9.5926E-04
2.3881E-09, -7.343434E-02, -1.520289E-02, -1.04357E-03
2.3943E-09, -6.974584E-02, -1.499212E-02, -1.08572E-03
2.4006E-09, -6.553042E-02, -1.478135E-02, -1.33864E-03
2.4068E-09, -6.236885E-02, -1.425442E-02, -1.42295E-03
2.4131E-09, -6.026114E-02, -1.393827E-02, -1.59157E-03
2.4193E-09, -5.815343E-02, -1.341134E-02, -1.63372E-03
2.4256E-09, -5.551879E-02, -1.277903E-02, -1.67588E-03
2.4318E-09, -5.499186E-02, -1.225210E-02, -1.71803E-03
2.4381E-09, -5.446493E-02, -1.161978E-02, -1.67588E-03
2.4443E-09, -5.393801E-02, -1.067131E-02, -1.54942E-03
2.4506E-09, -5.499186E-02, -9.82823E-03, -1.50726E-03
2.4568E-09, -5.709957E-02, -8.98515E-03, -1.42295E-03
2.4631E-09, -5.920728E-02, -8.03667E-03, -1.21218E-03
2.4693E-09, -6.184192E-02, -7.19359E-03, -1.04357E-03
2.4756E-09, -6.447656E-02, -6.03435E-03, -7.9064E-04
2.4818E-09, -6.763813E-02, -4.98049E-03, -6.2202E-04
2.4881E-09, -7.185356E-02, -3.82125E-03, -4.1125E-04
2.4943E-09, -7.606898E-02, -2.76740E-03, -7.402E-05
2.5006E-09, -7.923055E-02, -1.71354E-03, 1.3675E-04
2.5068E-09, -8.449982E-02, -5.5430E-04, 3.8968E-04
2.5131E-09, -8.766139E-02, 2.8879E-04, 6.4260E-04
2.5193E-09, -9.240374E-02, 1.55341E-03, 8.5338E-04
2.5256E-09, -9.609224E-02, 2.50188E-03, 1.06415E-03
2.5318E-09, -9.978073E-02, 3.23958E-03, 1.23276E-03
2.5381E-09, -1.0399615E-01, 4.18805E-03, 1.44353E-03
2.5443E-09, -1.0715772E-01, 4.50421E-03, 1.52784E-03
2.5506E-09, -1.0926543E-01, 5.24191E-03, 1.57000E-03
2.5568E-09, -1.1348086E-01, 5.66345E-03, 1.65431E-03
2.5631E-09, -1.1506164E-01, 6.08499E-03, 1.57000E-03
2.5693E-09, -1.1611550E-01, 5.97961E-03, 1.57000E-03
2.5756E-09, -1.1875013E-01, 5.97961E-03, 1.52784E-03
2.5818E-09, -1.1927706E-01, 5.66345E-03, 1.40138E-03
2.5881E-09, -1.1980399E-01, 5.24191E-03, 1.10630E-03
2.5943E-09, -1.2033091E-01, 4.71498E-03, 9.3768E-04
2.6006E-09, -1.2085784E-01, 4.08267E-03, 7.2691E-04
2.6068E-09, -1.2191170E-01, 3.13420E-03, 4.3183E-04
2.6131E-09, -1.2138478E-01, 2.29111E-03, 9.460E-05
2.6193E-09, -1.2138478E-01, 1.02648E-03, -2.0048E-04
2.6256E-09, -1.2033091E-01, -2.737E-05, -6.2202E-04
2.6318E-09, -1.2033091E-01, -1.39738E-03, -9.1710E-04
2.6381E-09, -1.1927706E-01, -2.76740E-03, -1.29649E-03
2.6443E-09, -1.1927706E-01, -4.24279E-03, -1.71803E-03
2.6506E-09, -1.1927706E-01, -5.71819E-03, -1.97096E-03
2.6568E-09, -1.1875013E-01, -6.87743E-03, -2.30819E-03
2.6631E-09, -1.1875013E-01, -8.35283E-03, -2.60327E-03
2.6693E-09, -1.1927706E-01, -9.72284E-03, -2.89835E-03
2.6756E-09, -1.1980399E-01, -1.077670E-02, -3.10912E-03
2.6818E-09, -1.1927706E-01, -1.204133E-02, -3.23559E-03
2.6881E-09, -1.1980399E-01, -1.298980E-02, -3.40420E-03
2.6943E-09, -1.2033091E-01, -1.383288E-02, -3.57282E-03
2.7006E-09, -1.2138478E-01, -1.446519E-02, -3.57282E-03
2.7068E-09, -1.2085784E-01, -1.509751E-02, -3.65713E-03
2.7131E-09, -1.2033091E-01, -1.551905E-02, -3.57282E-03
2.7193E-09, -1.1980399E-01, -1.562444E-02, -3.53066E-03
2.7256E-09, -1.2085784E-01, -1.551905E-02, -3.40420E-03
2.7318E-09, -1.1980399E-01, -1.541366E-02, -3.19343E-03
2.7381E-09, -1.1927706E-01, -1.509751E-02, -2.98266E-03
2.7443E-09, -1.1769628E-01, -1.446519E-02, -2.72973E-03
2.7506E-09, -1.1611550E-01, -1.372750E-02, -2.47681E-03
2.7568E-09, -1.1400779E-01, -1.309518E-02, -2.18173E-03
2.7631E-09, -1.1190007E-01, -1.214671E-02, -1.80234E-03
2.7693E-09, -1.0979236E-01, -1.109286E-02, -1.50726E-03
2.7756E-09, -1.0663079E-01, -9.93362E-03, -1.12787E-03
2.7818E-09, -1.0399615E-01, -8.87976E-03, -7.9064E-04
2.7881E-09, -9.978073E-02, -7.93129E-03, -4.9556E-04
2.7943E-09, -9.819995E-02, -6.87743E-03, -2.0048E-04
2.8006E-09, -9.345759E-02, -5.71819E-03, 9.460E-05
2.8068E-09, -9.029603E-02, -4.66434E-03, 4.3183E-04
2.8131E-09, -8.608060E-02, -3.71587E-03, 6.8476E-04
2.8193E-09, -8.239211E-02, -3.08355E-03, 8.9553E-04
2.8256E-09, -7.817668E-02, -2.24047E-03, 1.06415E-03
2.8318E-09, -7.554205E-02, -1.81893E-03, 1.23276E-03
2.8381E-09, -7.185356E-02, -1.39738E-03, 1.35923E-03
2.8443E-09, -6.921891E-02, -1.29200E-03, 1.40138E-03
2.8506E-09, -6.553042E-02, -8.7046E-04, 1.44353E-03
2.8568E-09, -6.394964E-02, -1.08123E-03, 1.44353E-03
2.8631E-09, -6.184192E-02, -1.29200E-03, 1.44353E-03
2.8693E-09, -6.078807E-02, -1.39738E-03, 1.35923E-03
2.8756E-09, -5.920728E-02, -1.81893E-03, 1.23276E-03
2.8818E-09, -5.920728E-02, -2.45124E-03, 1.10630E-03
2.8881E-09, -5.973421E-02, -2.87278E-03, 1.02199E-03
2.8943E-09, -6.026114E-02, -3.71587E-03, 8.9553E-04
2.9006E-09, -6.184192E-02, -4.34818E-03, 6.8476E-04
2.9068E-09, -6.289578E-02, -4.87511E-03, 4.7399E-04
2.9131E-09, -6.447656E-02, -5.40204E-03, 3.0537E-04
2.9193E-09, -6.553042E-02, -6.13973E-03, 5.244E-05
2.9256E-09, -6.816506E-02, -6.56128E-03, -1.5833E-04
2.9318E-09, -7.185356E-02, -7.19359E-03, -2.4263E-04
2.9381E-09, -7.343434E-02, -7.50975E-03, -4.1125E-04
2.9443E-09, -7.554205E-02, -7.72052E-03, -7.0633E-04
2.9506E-09, -7.712283E-02, -7.72052E-03, -8.3279E-04
2.9568E-09, -8.028440E-02, -7.40436E-03, -9.1710E-04
2.9631E-09, -8.028440E-02, -7.29898E-03, -1.08572E-03
2.9693E-09, -8.397289E-02, -6.98282E-03, -1.12787E-03
2.9756E-09, -8.449982E-02, -6.35051E-03, -1.29649E-03
2.9818E-09, -8.555368E-02, -5.61281E-03, -1.46511E-03
2.9881E-09, -8.555368E-02, -4.76972E-03, -1.38080E-03
2.9943E-09, -8.660753E-02, -3.71587E-03, -1.38080E-03
3.0006E-09, -8.608060E-02, -2.45124E-03, -1.42295E-03
3.0068E-09, -8.502675E-02, -1.29200E-03, -1.38080E-03
3.0131E-09, -8.397289E-02, 1.8340E-04, -1.42295E-03
3.0193E-09, -8.291904E-02, 1.44803E-03, -1.25434E-03
3.0256E-09, -8.081133E-02, 3.02881E-03, -1.21218E-03
3.0318E-09, -8.028440E-02, 4.50421E-03, -1.17003E-03
3.0381E-09, -7.870361E-02, 5.97961E-03, -1.04357E-03
3.0443E-09, -7.712283E-02, 7.66578E-03, -9.1710E-04
3.0506E-09, -7.554205E-02, 9.03579E-03, -8.3279E-04
3.0568E-09, -7.448819E-02, 1.019503E-02, -7.0633E-04
3.0631E-09, -7.396127E-02, 1.156504E-02, -5.3771E-04
3.0693E-09, -7.290741E-02, 1.272428E-02, -4.1125E-04
3.0756E-09, -7.343434E-02, 1.367275E-02, -2.4263E-04
3.0818E-09, -7.554205E-02, 1.462122E-02, -7.402E-05
3.0881E-09, -7.606898E-02, 1.546431E-02, 1.3675E-04
3.0943E-09, -8.028440E-02, 1.599124E-02, 1.7891E-04
3.1006E-09, -8.291904E-02, 1.651816E-02, 3.8968E-04
3.1068E-09, -8.766139E-02, 1.683432E-02, 5.1614E-04
3.1131E-09, -9.187681E-02, 1.704509E-02, 6.0045E-04
3.1193E-09, -9.767302E-02, 1.693971E-02, 7.6907E-04
3.1256E-09, -1.0452309E-01, 1.683432E-02, 8.9553E-04
3.1318E-09, -1.1242700E-01, 1.641278E-02, 1.06415E-03
3.1381E-09, -1.2138478E-01, 1.588585E-02, 1.23276E-03
3.1443E-09, -1.2928869E-01, 1.535892E-02, 1.31707E-03
3.1506E-09, -1.3877340E-01, 1.493738E-02, 1.44353E-03
3.1568E-09, -1.4773117E-01, 1.430507E-02, 1.52784E-03
3.1631E-09, -1.5774280E-01, 1.356737E-02, 1.65431E-03
3.1693E-09, -1.6880828E-01, 1.282967E-02, 1.69646E-03
3.1756E-09, -1.7829299E-01, 1.188120E-02, 1.73861E-03
3.1818E-09, -1.8830462E-01, 1.093273E-02, 1.78077E-03
3.1881E-09, -1.9673546E-01, 1.019503E-02, 1.90723E-03
3.1943E-09, -2.0516631E-01, 9.56272E-03, 1.99154E-03
3.2006E-09, -2.1307023E-01, 8.61425E-03, 1.90723E-03
3.2068E-09, -2.2044721E-01, 7.77116E-03, 1.90723E-03
3.2131E-09, -2.2729728E-01, 7.03346E-03, 1.90723E-03
3.2193E-09, -2.3203963E-01, 6.40115E-03, 1.90723E-03
3.2256E-09, -2.3520119E-01, 5.76884E-03, 1.90723E-03
3.2318E-09, -2.3783584E-01, 5.34729E-03, 1.86508E-03
3.2381E-09, -2.3941661E-01, 4.82037E-03, 1.82292E-03
3.2443E-09, -2.3994355E-01, 4.18805E-03, 1.73861E-03
3.2506E-09, -2.3836276E-01, 3.97728E-03, 1.69646E-03
3.2568E-09, -2.3625505E-01, 3.55574E-03, 1.61215E-03
3.2631E-09, -2.3256655E-01, 3.34497E-03, 1.52784E-03
3.2693E-09, -2.2835113E-01, 3.02881E-03, 1.48569E-03
3.2756E-09, -2.2308186E-01, 2.92343E-03, 1.44353E-03
3.2818E-09, -2.1465100E-01, 2.39650E-03, 1.40138E-03
3.2881E-09, -2.0780094E-01, 2.39650E-03, 1.31707E-03
3.2943E-09, -1.9937010E-01, 2.08034E-03, 1.23276E-03
3.3006E-09, -1.9199310E-01, 1.86957E-03, 1.19061E-03
3.3068E-09, -1.8303533E-01, 1.86957E-03, 1.14845E-03
3.3131E-09, -1.7407756E-01, 1.86957E-03, 1.06415E-03
3.3193E-09, -1.6511978E-01, 1.65880E-03, 1.02199E-03
3.3256E-09, -1.5774280E-01, 1.76418E-03, 9.7984E-04
3.3318E-09, -1.5036580E-01, 1.65880E-03, 9.3768E-04
3.3381E-09, -1.4404267E-01, 1.55341E-03, 9.3768E-04
3.3443E-09, -1.3719261E-01, 1.55341E-03, 9.3768E-04
3.3506E-09, -1.3192333E-01, 1.65880E-03, 9.7984E-04
3.3568E-09, -1.2770791E-01, 1.65880E-03, 8.9553E-04
3.3631E-09, -1.2507327E-01, 1.76418E-03, 8.9553E-04
3.3693E-09, -1.2296556E-01, 1.76418E-03, 8.5338E-04
3.3756E-09, -1.2191170E-01, 2.18573E-03, 8.1122E-04
3.3818E-09, -1.2191170E-01, 2.29111E-03, 6.8476E-04
3.3881E-09, -1.2454634E-01, 2.50188E-03, 7.2691E-04
3.3943E-09, -1.2770791E-01, 2.60727E-03, 6.4260E-04
3.4006E-09, -1.3086948E-01, 3.02881E-03, 6.0045E-04
3.4068E-09, -1.3666569E-01, 3.23958E-03, 4.7399E-04
3.4131E-09, -1.4298882E-01, 3.76651E-03, 3.4752E-04
3.4193E-09, -1.4931194E-01, 3.97728E-03, 2.6322E-04
3.4256E-09, -1.5721586E-01, 4.50421E-03, 5.244E-05
3.4318E-09, -1.6511978E-01, 4.82037E-03, -7.402E-05
3.4381E-09, -1.7355064E-01, 5.34729E-03, -2.0048E-04
3.4443E-09, -1.8250841E-01, 5.76884E-03, -4.5341E-04
3.4506E-09, -1.9093925E-01, 6.19038E-03, -6.6418E-04
3.4568E-09, -1.9884317E-01, 6.61192E-03, -8.7495E-04
3.4631E-09, -2.0674708E-01, 6.92808E-03, -1.08572E-03
3.4693E-09, -2.1412408E-01, 7.03346E-03, -1.29649E-03
3.4756E-09, -2.2097415E-01, 7.45500E-03, -1.59157E-03
3.4818E-09, -2.2782421E-01, 7.34962E-03, -1.84450E-03
3.4881E-09, -2.3309349E-01, 7.56039E-03, -2.09742E-03
3.4943E-09, -2.3678198E-01, 7.77116E-03, -2.30819E-03
3.5006E-09, -2.3994355E-01, 7.56039E-03, -2.51896E-03
3.5068E-09, -2.4205126E-01, 7.34962E-03, -2.72973E-03
3.5131E-09, -2.4363205E-01, 7.03346E-03, -2.98266E-03
3.5193E-09, -2.4468590E-01, 6.61192E-03, -3.02481E-03
3.5256E-09, -2.4310511E-01, 6.19038E-03, -3.15128E-03
3.5318E-09, -2.4205126E-01, 5.45268E-03, -3.15128E-03
3.5381E-09, -2.3994355E-01, 4.60959E-03, -3.19343E-03
3.5443E-09, -2.3678198E-01, 3.66112E-03, -3.19343E-03
3.5506E-09, -2.3203963E-01, 3.02881E-03, -3.10912E-03
3.5568E-09, -2.2782421E-01, 1.97495E-03, -3.02481E-03
3.5631E-09, -2.2202800E-01, 9.2110E-04, -2.77189E-03
3.5693E-09, -2.1675871E-01, -3.4353E-04, -2.56112E-03
3.5756E-09, -2.1148944E-01, -1.50277E-03, -2.22388E-03
3.5818E-09, -2.0569323E-01, -2.55662E-03, -1.80234E-03
3.5881E-09, -1.9884317E-01, -3.71587E-03, -1.50726E-03
3.5943E-09, -1.9357389E-01, -5.08588E-03, -1.12787E-03
3.6006E-09, -1.8777768E-01, -6.03435E-03, -6.6418E-04
3.6068E-09, -1.8303533E-01, -7.29898E-03, -1.5833E-04
3.6131E-09, -1.7829299E-01, -8.24745E-03, 3.0537E-04
3.6193E-09, -1.7460449E-01, -9.09053E-03, 8.1122E-04
3.6256E-09, -1.7038907E-01, -1.003900E-02, 1.27492E-03
3.6318E-09, -1.6775443E-01, -1.109286E-02, 1.73861E-03
3.6381E-09, -1.6564672E-01, -1.172517E-02, 2.24446E-03
3.6443E-09, -1.6406593E-01, -1.235748E-02, 2.66601E-03
3.6506E-09, -1.6248515E-01, -1.277903E-02, 3.04540E-03
3.6568E-09, -1.6195822E-01, -1.298980E-02, 3.50909E-03
3.6631E-09, -1.6195822E-01, -1.330595E-02, 3.76202E-03
3.6693E-09, -1.6301207E-01, -1.341134E-02, 4.09925E-03
3.6756E-09, -1.6406593E-01, -1.341134E-02, 4.31002E-03
3.6818E-09, -1.6459286E-01, -1.330595E-02, 4.47864E-03
3.6881E-09, -1.6617364E-01, -1.288441E-02, 4.60510E-03
3.6943E-09, -1.6880828E-01, -1.267364E-02, 4.60510E-03
3.7006E-09, -1.7038907E-01, -1.204133E-02, 4.64726E-03
3.7068E-09, -1.7249678E-01, -1.161978E-02, 4.52079E-03
3.7131E-09, -1.7407756E-01, -1.077670E-02, 4.43648E-03
3.7193E-09, -1.7618528E-01, -9.93362E-03, 4.22571E-03
3.7256E-09, -1.7671220E-01, -9.19592E-03, 3.97279E-03
3.7318E-09, -1.7881991E-01, -8.35283E-03, 3.71986E-03
3.7381E-09, -1.8040070E-01, -7.40436E-03, 3.42478E-03
3.7443E-09, -1.8092762E-01, -6.45589E-03, 3.12970E-03
3.7506E-09, -1.8092762E-01, -5.40204E-03, 2.70816E-03
3.7568E-09, -1.8092762E-01, -4.66434E-03, 2.45524E-03
3.7631E-09, -1.8145455E-01, -3.39971E-03, 2.03369E-03
3.7693E-09, -1.8145455E-01, -2.45124E-03, 1.73861E-03
3.7756E-09, -1.7934684E-01, -1.39738E-03, 1.40138E-03
3.7818E-09, -1.7829299E-01, -4.4891E-04, 1.06415E-03
3.7881E-09, -1.7671220E-01, 6.0494E-04, 8.1122E-04
3.7943E-09, -1.7460449E-01, 1.44803E-03, 5.5830E-04
3.8006E-09, -1.7302370E-01, 2.18573E-03, 3.8968E-04
3.8068E-09, -1.7038907E-01, 2.92343E-03, 3.0537E-04
3.8131E-09, -1.6722749E-01, 3.87190E-03, 1.7891E-04
3.8193E-09, -1.6459286E-01, 4.60959E-03, 1.7891E-04
3.8256E-09, -1.6195822E-01, 5.13652E-03, 9.460E-05
3.8318E-09, -1.5879665E-01, 5.55806E-03, 1.7891E-04
3.8381E-09, -1.5563509E-01, 5.97961E-03, 3.0537E-04
3.8443E-09, -1.5300044E-01, 6.61192E-03, 3.8968E-04
3.8506E-09, -1.4931194E-01, 6.82269E-03, 5.1614E-04
3.8568E-09, -1.4615038E-01, 7.03346E-03, 7.6907E-04
3.8631E-09, -1.4193496E-01, 7.03346E-03, 8.9553E-04
3.8693E-09, -1.3982725E-01, 7.03346E-03, 1.19061E-03
3.8756E-09, -1.3613875E-01, 6.92808E-03, 1.44353E-03
3.8818E-09, -1.3297719E-01, 6.71731E-03, 1.61215E-03
3.8881E-09, -1.3034254E-01, 6.40115E-03, 1.78077E-03
3.8943E-09, -1.2665406E-01, 5.97961E-03, 1.94939E-03
3.9006E-09, -1.2401941E-01, 5.24191E-03, 2.11800E-03
3.9068E-09, -1.1980399E-01, 4.60959E-03, 2.24446E-03
3.9131E-09, -1.1611550E-01, 3.97728E-03, 2.32877E-03
3.9193E-09, -1.1242700E-01, 2.92343E-03, 2.37093E-03
3.9256E-09, -1.0926543E-01, 2.18573E-03, 2.28662E-03
3.9318E-09, -1.0557694E-01, 1.13187E-03, 2.24446E-03
3.9381E-09, -1.0136151E-01, 7.801E-05, 2.11800E-03
3.9443E-09, -9.714609E-02, -9.7584E-04, 1.86508E-03
3.9506E-09, -9.398452E-02, -2.24047E-03, 1.61215E-03
3.9568E-09, -8.976910E-02, -3.50509E-03, 1.35923E-03
3.9631E-09, -8.608060E-02, -4.76972E-03, 9.7984E-04
3.9693E-09, -8.239211E-02, -6.13973E-03, 5.5830E-04
3.9756E-09, -7.817668E-02, -7.40436E-03, 2.2106E-04
3.9818E-09, -7.501512E-02, -8.77437E-03, -1.5833E-04
3.9881E-09, -7.079970E-02, -9.61746E-03, -6.2202E-04
3.9943E-09, -6.711120E-02, -1.088209E-02, -1.04357E-03
4.0006E-09, -6.500349E-02, -1.193594E-02, -1.46511E-03
4.0068E-09, -6.184192E-02, -1.298980E-02, -1.88665E-03
4.0131E-09, -5.920728E-02, -1.393827E-02, -2.30819E-03
4.0193E-09, -5.762650E-02, -1.478135E-02, -2.60327E-03
4.0256E-09, -5.604572E-02, -1.541366E-02, -2.98266E-03
4.0318E-09, -5.499186E-02, -1.594059E-02, -3.23559E-03
4.0381E-09, -5.446493E-02, -1.625675E-02, -3.36205E-03
4.0443E-09, -5.446493E-02, -1.646752E-02, -3.48851E-03
4.0506E-09, -5.499186E-02, -1.657291E-02, -3.53066E-03
4.0568E-09, -5.446493E-02, -1.657291E-02, -3.57282E-03
4.0631E-09, -5.604572E-02, -1.646752E-02, -3.44636E-03
4.0693E-09, -5.762650E-02, -1.594059E-02, -3.27774E-03
4.0756E-09, -5.973421E-02, -1.541366E-02, -3.02481E-03
4.0818E-09, -6.131500E-02, -1.478135E-02, -2.68758E-03
4.0881E-09, -6.289578E-02, -1.372750E-02, -2.39250E-03
4.0943E-09, -6.605735E-02, -1.288441E-02, -1.92880E-03
4.1006E-09, -6.816506E-02, -1.183056E-02, -1.50726E-03
4.1068E-09, -7.079970E-02, -1.067131E-02, -1.04357E-03
4.1131E-09, -7.343434E-02, -9.51207E-03, -4.9556E-04
4.1193E-09, -7.554205E-02, -8.35283E-03, 1.3675E-04
4.1256E-09, -7.712283E-02, -7.08820E-03, 6.0045E-04
4.1318E-09, -8.028440E-02, -5.61281E-03, 1.19061E-03
4.1381E-09, -8.133826E-02, -4.55895E-03, 1.73861E-03
4.1443E-09, -8.291904E-02, -2.97817E-03, 2.24446E-03
4.1506E-09, -8.186518E-02, -1.81893E-03, 2.66601E-03
4.1568E-09, -8.291904E-02, -5.5430E-04, 3.08755E-03
4.1631E-09, -8.239211E-02, 4.9956E-04, 3.46694E-03
4.1693E-09, -8.133826E-02, 1.65880E-03, 3.80417E-03
4.1756E-09, -8.081133E-02, 2.60727E-03, 4.09925E-03
4.1818E-09, -7.817668E-02, 3.55574E-03, 4.22571E-03
4.1881E-09, -7.554205E-02, 4.39882E-03, 4.31002E-03
4.1943E-09, -7.238048E-02, 4.92575E-03, 4.31002E-03
4.2006E-09, -6.816506E-02, 5.34729E-03, 4.31002E-03
4.2068E-09, -6.342271E-02, 5.87422E-03, 4.09925E-03
4.2131E-09, -5.868036E-02, 6.19038E-03, 3.88848E-03
4.2193E-09, -5.499186E-02, 6.40115E-03, 3.63555E-03
4.2256E-09, -5.024951E-02, 6.50653E-03, 3.25617E-03
4.2318E-09, -4.550716E-02, 6.29576E-03, 2.96109E-03
4.2381E-09, -4.076481E-02, 6.29576E-03, 2.45524E-03
4.2443E-09, -3.549553E-02, 5.87422E-03, 2.07585E-03
4.2506E-09, -3.075318E-02, 5.66345E-03, 1.48569E-03
4.2568E-09, -2.706468E-02, 5.13652E-03, 9.7984E-04
4.2631E-09, -2.179541E-02, 4.50421E-03, 4.3183E-04
4.2693E-09, -1.863384E-02, 3.87190E-03, -7.402E-05
4.2756E-09, -1.494534E-02, 3.23958E-03, -5.7987E-04
4.2818E-09, -1.231070E-02, 2.50188E-03, -1.12787E-03
4.2881E-09, -8.62221E-03, 1.76418E-03, -1.67588E-03
4.2943E-09, -5.46064E-03, 8.1571E-04, -2.05527E-03
4.3006E-09, -3.87986E-03, 7.801E-05, -2.43465E-03
4.3068E-09, -3.35293E-03, -7.6507E-04, -2.77189E-03
4.3131E-09, -1.77215E-03, -1.29200E-03, -3.06697E-03
4.3193E-09, -2.29907E-03, -2.13508E-03, -3.27774E-03
4.3256E-09, -1.24522E-03, -2.87278E-03, -3.44636E-03
4.3318E-09, -1.77215E-03, -3.39971E-03, -3.53066E-03
4.3381E-09, -1.77215E-03, -4.13741E-03, -3.53066E-03
4.3443E-09, -2.29907E-03, -4.55895E-03, -3.53066E-03
4.3506E-09, -1.24522E-03, -4.98049E-03, -3.44636E-03
4.3568E-09, -1.77215E-03, -5.50742E-03, -3.19343E-03
4.3631E-09, -2.29907E-03, -5.71819E-03, -2.98266E-03
4.3693E-09, -1.77215E-03, -5.92896E-03, -2.72973E-03
4.3756E-09, -1.24522E-03, -6.45589E-03, -2.35035E-03
4.3818E-09, -1.24522E-03, -6.45589E-03, -1.92880E-03
4.3881E-09, 8.6249E-04, -6.35051E-03, -1.59157E-03
4.3943E-09, 8.6249E-04, -6.13973E-03, -1.12787E-03
4.4006E-09, 3.49713E-03, -6.13973E-03, -6.6418E-04
4.4068E-09, 5.60485E-03, -5.92896E-03, -1.5833E-04
4.4131E-09, 8.23948E-03, -5.50742E-03, 2.6322E-04
4.4193E-09, 1.034720E-02, -5.40204E-03, 7.2691E-04
4.4256E-09, 1.403569E-02, -4.98049E-03, 1.10630E-03
4.4318E-09, 1.772419E-02, -4.45356E-03, 1.57000E-03
4.4381E-09, 2.035883E-02, -4.13741E-03, 2.07585E-03
4.4443E-09, 2.510118E-02, -3.71587E-03, 2.37093E-03
4.4506E-09, 2.931660E-02, -3.18894E-03, 2.75032E-03
4.4568E-09, 3.353202E-02, -2.76740E-03, 3.04540E-03
4.4631E-09, 3.722052E-02, -2.24047E-03, 3.25617E-03
4.4693E-09, 4.143594E-02, -1.60815E-03, 3.38263E-03
4.4756E-09, 4.459751E-02, -1.18661E-03, 3.55125E-03
4.4818E-09, 4.828600E-02, -7.6507E-04, 3.63555E-03
4.4881E-09, 5.250143E-02, -3.4353E-04, 3.63555E-03
4.4943E-09, 5.408221E-02, 1.8340E-04, 3.55125E-03
4.5006E-09, 5.724378E-02, 2.8879E-04, 3.38263E-03
4.5068E-09, 5.777070E-02, 8.1571E-04, 3.29832E-03
4.5131E-09, 5.935149E-02, 1.02648E-03, 3.08755E-03
4.5193E-09, 5.935149E-02, 9.2110E-04, 2.79247E-03
4.5256E-09, 5.987842E-02, 1.13187E-03, 2.49739E-03
4.5318E-09, 5.882456E-02, 1.23726E-03, 2.20231E-03
4.5381E-09, 5.724378E-02, 1.13187E-03, 1.82292E-03
4.5443E-09, 5.513607E-02, 1.13187E-03, 1.40138E-03
4.5506E-09, 5.197450E-02, 7.1033E-04, 9.3768E-04
4.5568E-09, 4.933986E-02, 2.8879E-04, 5.1614E-04
4.5631E-09, 4.512443E-02, 7.801E-05, 5.244E-05
4.5693E-09, 4.196287E-02, -5.5430E-04, -4.5341E-04
4.5756E-09, 3.774745E-02, -7.6507E-04, -7.9064E-04
4.5818E-09, 3.511281E-02, -1.08123E-03, -1.33864E-03
4.5881E-09, 3.142431E-02, -1.71354E-03, -1.63372E-03
4.5943E-09, 2.720889E-02, -2.34585E-03, -1.97096E-03
4.6006E-09, 2.404732E-02, -2.87278E-03, -2.39250E-03
4.6068E-09, 2.088575E-02, -3.39971E-03, -2.68758E-03
4.6131E-09, 1.825111E-02, -3.82125E-03, -3.02481E-03
4.6193E-09, 1.561647E-02, -4.55895E-03, -3.27774E-03
4.6256E-09, 1.403569E-02, -4.66434E-03, -3.48851E-03
4.6318E-09, 1.403569E-02, -5.29665E-03, -3.65713E-03
4.6381E-09, 1.298183E-02, -5.71819E-03, -3.65713E-03
4.6443E-09, 1.298183E-02, -5.92896E-03, -3.74144E-03
4.6506E-09, 1.508955E-02, -5.92896E-03, -3.78359E-03
4.6568E-09, 1.667033E-02, -6.13973E-03, -3.69928E-03
4.6631E-09, 2.035883E-02, -6.13973E-03, -3.57282E-03
4.6693E-09, 2.299346E-02, -6.03435E-03, -3.44636E-03
4.6756E-09, 2.720889E-02, -5.82358E-03, -3.15128E-03
4.6818E-09, 3.195124E-02, -5.61281E-03, -2.94051E-03
4.6881E-09, 3.669359E-02, -4.98049E-03, -2.60327E-03
4.6943E-09, 4.196287E-02, -4.66434E-03, -2.26604E-03
4.7006E-09, 4.775907E-02, -4.13741E-03, -1.97096E-03
4.7068E-09, 5.250143E-02, -3.61048E-03, -1.54942E-03
4.7131E-09, 5.935149E-02, -2.55662E-03, -1.08572E-03
4.7193E-09, 6.409384E-02, -1.71354E-03, -7.0633E-04
4.7256E-09, 6.883619E-02, -9.7584E-04, -2.0048E-04
4.7318E-09, 7.357854E-02, -1.3276E-04, 2.6322E-04
4.7381E-09, 7.726704E-02, 8.1571E-04, 7.6907E-04
4.7443E-09, 8.200939E-02, 1.97495E-03, 1.14845E-03
4.7506E-09, 8.411710E-02, 2.92343E-03, 1.52784E-03
4.7568E-09, 8.569788E-02, 3.76651E-03, 1.99154E-03
4.7631E-09, 8.780559E-02, 4.71498E-03, 2.37093E-03
4.7693E-09, 8.780559E-02, 5.66345E-03, 2.70816E-03
4.7756E-09, 8.727866E-02, 6.40115E-03, 3.08755E-03
4.7818E-09, 8.622481E-02, 7.03346E-03, 3.29832E-03
4.7881E-09, 8.464403E-02, 7.87655E-03, 3.59340E-03
4.7943E-09, 8.042860E-02, 8.40348E-03, 3.80417E-03
4.8006E-09, 7.674011E-02, 8.82502E-03, 3.97279E-03
4.8068E-09, 7.199775E-02, 9.24656E-03, 4.09925E-03
4.8131E-09, 6.672848E-02, 9.35195E-03, 4.18356E-03
4.8193E-09, 6.198613E-02, 9.35195E-03, 4.22571E-03
4.8256E-09, 5.513607E-02, 9.14117E-03, 4.14140E-03
4.8318E-09, 4.933986E-02, 9.14117E-03, 4.18356E-03
4.8381E-09, 4.143594E-02, 8.61425E-03, 4.09925E-03
4.8443E-09, 3.511281E-02, 8.19270E-03, 3.88848E-03
4.8506E-09, 2.826274E-02, 7.77116E-03, 3.76202E-03
4.8568E-09, 2.246654E-02, 7.03346E-03, 3.63555E-03
4.8631E-09, 1.667033E-02, 6.08499E-03, 3.38263E-03
4.8693E-09, 1.087412E-02, 5.03114E-03, 3.17186E-03
4.8756E-09, 6.65870E-03, 4.08267E-03, 3.00324E-03
4.8818E-09, 2.44328E-03, 3.02881E-03, 2.70816E-03
4.8881E-09, 3.3557E-04, 2.08034E-03, 2.37093E-03
4.8943E-09, -2.82600E-03, 9.2110E-04, 2.16016E-03
4.9006E-09, -4.93371E-03, -1.3276E-04, 1.94939E-03
4.9068E-09, -4.93371E-03, -1.39738E-03, 1.61215E-03
4.9131E-09, -4.40678E-03, -2.24047E-03, 1.44353E-03
4.9193E-09, -3.87986E-03, -3.50509E-03, 1.19061E-03
4.9256E-09, -1.24522E-03, -4.24279E-03, 9.7984E-04
4.9318E-09, 1.38942E-03, -5.19126E-03, 7.6907E-04
4.9381E-09, 5.07792E-03, -6.03435E-03, 6.0045E-04
4.9443E-09, 8.23948E-03, -6.45589E-03, 3.8968E-04
4.9506E-09, 1.403569E-02, -6.87743E-03, 2.2106E-04
4.9568E-09, 1.930497E-02, -7.29898E-03, 1.7891E-04
4.9631E-09, 2.404732E-02, -7.40436E-03, 5.244E-05
4.9693E-09, 2.931660E-02, -7.50975E-03, 5.244E-05
4.9756E-09, 3.616666E-02, -7.29898E-03, 5.244E-05
4.9818E-09, 4.196287E-02, -6.98282E-03, -3.186E-05
4.9881E-09, 4.775907E-02, -6.66666E-03, -3.186E-05
4.9943E-09, 5.250143E-02, -6.03435E-03, -3.186E-05
5.0006E-09, 5.882456E-02, -5.29665E-03, 1.029E-05
5.0068E-09, 6.303998E-02, -4.66434E-03, 5.244E-05
5.0131E-09, 6.725541E-02, -3.82125E-03, 9.460E-05
5.0193E-09, 7.094390E-02, -2.76740E-03, 1.3675E-04
5.0256E-09, 7.357854E-02, -1.71354E-03, 2.2106E-04
5.0318E-09, 7.463240E-02, -7.6507E-04, 3.0537E-04
5.0381E-09, 7.621318E-02, 1.8340E-04, 3.4752E-04
5.0443E-09, 7.726704E-02, 1.34264E-03, 4.7399E-04
5.0506E-09, 7.726704E-02, 2.29111E-03, 4.7399E-04
5.0568E-09, 7.621318E-02, 3.34497E-03, 5.1614E-04
5.0631E-09, 7.568625E-02, 4.08267E-03, 5.5830E-04
5.0693E-09, 7.410547E-02, 4.71498E-03, 5.5830E-04
5.0756E-09, 7.147083E-02, 5.45268E-03, 4.7399E-04
5.0818E-09, 6.883619E-02, 5.87422E-03, 4.7399E-04
5.0881E-09, 6.672848E-02, 6.19038E-03, 4.7399E-04
5.0943E-09, 6.356691E-02, 6.40115E-03, 5.1614E-04
5.1006E-09, 6.093227E-02, 6.19038E-03, 3.4752E-04
5.1068E-09, 5.671685E-02, 6.29576E-03, 2.6322E-04
5.1131E-09, 5.460914E-02, 5.97961E-03, 1.3675E-04
5.1193E-09, 5.144757E-02, 5.55806E-03, 1.029E-05
5.1256E-09, 4.933986E-02, 4.71498E-03, -2.0048E-04
5.1318E-09, 4.617829E-02, 3.87190E-03, -3.2694E-04
5.1381E-09, 4.565137E-02, 2.92343E-03, -4.5341E-04
5.1443E-09, 4.459751E-02, 1.86957E-03, -6.6418E-04
5.1506E-09, 4.407058E-02, 8.1571E-04, -8.7495E-04
5.1568E-09, 4.512443E-02, -2.3814E-04, -1.00141E-03
5.1631E-09, 4.512443E-02, -1.60815E-03, -1.25434E-03
5.1693E-09, 4.670522E-02, -2.76740E-03, -1.42295E-03
5.1756E-09, 4.881293E-02, -3.92664E-03, -1.67588E-03
5.1818E-09, 5.197450E-02, -5.29665E-03, -1.84450E-03
5.1881E-09, 5.566299E-02, -6.24512E-03, -2.05527E-03
5.1943E-09, 5.829763E-02, -7.40436E-03, -2.18173E-03
5.2006E-09, 6.303998E-02, -8.35283E-03, -2.35035E-03
5.2068E-09, 6.830926E-02, -9.09053E-03, -2.39250E-03
5.2131E-09, 7.305162E-02, -9.51207E-03, -2.51896E-03
5.2193E-09, 7.779396E-02, -1.003900E-02, -2.64543E-03
5.2256E-09, 8.306324E-02, -1.024977E-02, -2.68758E-03
5.2318E-09, 8.833252E-02, -1.024977E-02, -2.77189E-03
5.2381E-09, 9.465566E-02, -1.024977E-02, -2.68758E-03
5.2443E-09, 1.0045186E-01, -9.93362E-03, -2.68758E-03
5.2506E-09, 1.0466728E-01, -9.30130E-03, -2.68758E-03
5.2568E-09, 1.0940964E-01, -8.56360E-03, -2.56112E-03
5.2631E-09, 1.1362506E-01, -7.72052E-03, -2.47681E-03
5.2693E-09, 1.1731356E-01, -6.77205E-03, -2.35035E-03
5.2756E-09, 1.2100205E-01, -5.50742E-03, -2.18173E-03
5.2818E-09, 1.2469055E-01, -4.24279E-03, -2.05527E-03
5.2881E-09, 1.2679826E-01, -2.97817E-03, -1.92880E-03
5.2943E-09, 1.2890597E-01, -1.60815E-03, -1.76019E-03
5.3006E-09, 1.2943290E-01, 7.801E-05, -1.46511E-03
5.3068E-09, 1.2995982E-01, 1.23726E-03, -1.38080E-03
5.3131E-09, 1.3101368E-01, 2.71265E-03, -1.21218E-03
5.3193E-09, 1.3048676E-01, 4.18805E-03, -1.04357E-03
5.3256E-09, 1.2995982E-01, 5.45268E-03, -9.1710E-04
5.3318E-09, 1.2732518E-01, 6.50653E-03, -7.9064E-04
5.3381E-09, 1.2521747E-01, 7.66578E-03, -6.2202E-04
5.3443E-09, 1.2363669E-01, 8.40348E-03, -5.7987E-04
5.3506E-09, 1.2047512E-01, 9.35195E-03, -4.9556E-04
5.3568E-09, 1.1784048E-01, 9.98426E-03, -4.9556E-04
5.3631E-09, 1.1467891E-01, 1.030042E-02, -5.3771E-04
5.3693E-09, 1.1046349E-01, 1.051119E-02, -5.3771E-04
5.3756E-09, 1.0624807E-01, 1.051119E-02, -6.6418E-04
5.3818E-09, 1.0308650E-01, 1.040580E-02, -7.4849E-04
5.3881E-09, 1.0045186E-01, 1.008964E-02, -9.5926E-04
5.3943E-09, 9.570951E-02, 9.77349E-03, -1.12787E-03
5.4006E-09, 9.254795E-02, 9.03579E-03, -1.38080E-03
5.4068E-09, 8.885945E-02, 8.29809E-03, -1.50726E-03
5.4131E-09, 8.517095E-02, 7.66578E-03, -1.76019E-03
5.4193E-09, 8.200939E-02, 6.50653E-03, -2.01311E-03
5.4256E-09, 7.884782E-02, 5.76884E-03, -2.26604E-03
5.4318E-09, 7.621318E-02, 4.71498E-03, -2.47681E-03
5.4381E-09, 7.357854E-02, 3.66112E-03, -2.68758E-03
5.4443E-09, 7.041697E-02, 2.92343E-03, -2.98266E-03
5.4506E-09, 6.936312E-02, 1.97495E-03, -3.19343E-03
5.4568E-09, 6.672848E-02, 1.44803E-03, -3.31989E-03
5.4631E-09, 6.567463E-02, 4.9956E-04, -3.48851E-03
5.4693E-09, 6.409384E-02, -2.3814E-04, -3.61497E-03
5.4756E-09, 6.251305E-02, -7.6507E-04, -3.61497E-03
5.4818E-09, 6.198613E-02, -1.18661E-03, -3.69928E-03
5.4881E-09, 6.040534E-02, -1.39738E-03, -3.61497E-03
5.4943E-09, 5.935149E-02, -1.71354E-03, -3.48851E-03
5.5006E-09, 5.882456E-02, -1.92431E-03, -3.36205E-03
5.5068E-09, 5.829763E-02, -1.81893E-03, -3.19343E-03
5.5131E-09, 5.882456E-02, -1.60815E-03, -2.94051E-03
5.5193E-09, 5.777070E-02, -1.39738E-03, -2.64543E-03
5.5256E-09, 5.829763E-02, -9.7584E-04, -2.30819E-03
5.5318E-09, 5.777070E-02, -7.6507E-04, -1.92880E-03
5.5381E-09, 5.829763E-02, -2.737E-05, -1.46511E-03
5.5443E-09, 5.829763E-02, 7.801E-05, -1.04357E-03
5.5506E-09, 5.777070E-02, 6.0494E-04, -6.2202E-04
5.5568E-09, 5.777070E-02, 9.2110E-04, -2.0048E-04
5.5631E-09, 5.829763E-02, 1.55341E-03, 2.6322E-04
5.5693E-09, 5.829763E-02, 1.65880E-03, 7.6907E-04
5.5756E-09, 5.882456E-02, 1.97495E-03, 1.23276E-03
5.5818E-09, 5.987842E-02, 1.76418E-03, 1.69646E-03
5.5881E-09, 5.935149E-02, 1.86957E-03, 1.99154E-03
5.5943E-09, 5.935149E-02, 1.44803E-03, 2.41308E-03
5.6006E-09, 6.040534E-02, 1.34264E-03, 2.70816E-03
5.6068E-09, 6.093227E-02, 9.2110E-04, 3.00324E-03
5.6131E-09, 6.198613E-02, 2.8879E-04, 3.17186E-03
5.6193E-09, 6.145920E-02, -4.4891E-04, 3.42478E-03
5.6256E-09, 6.251305E-02, -1.29200E-03, 3.63555E-03
5.6318E-09, 6.251305E-02, -2.24047E-03, 3.59340E-03
5.6381E-09, 6.356691E-02, -3.29432E-03, 3.67771E-03
5.6443E-09, 6.356691E-02, -4.55895E-03, 3.63555E-03
5.6506E-09, 6.409384E-02, -5.71819E-03, 3.50909E-03
5.6568E-09, 6.462077E-02, -6.87743E-03, 3.42478E-03
5.6631E-09, 6.462077E-02, -8.35283E-03, 3.21401E-03
5.6693E-09, 6.567463E-02, -9.72284E-03, 3.04540E-03
5.6756E-09, 6.462077E-02, -1.109286E-02, 2.83462E-03
5.6818E-09, 6.567463E-02, -1.246287E-02, 2.49739E-03
5.6881E-09, 6.567463E-02, -1.351672E-02, 2.28662E-03
5.6943E-09, 6.620155E-02, -1.478135E-02, 1.99154E-03
5.7006E-09, 6.567463E-02, -1.562444E-02, 1.69646E-03
5.7068E-09, 6.514770E-02, -1.646752E-02, 1.44353E-03
5.7131E-09, 6.567463E-02, -1.720522E-02, 1.23276E-03
5.7193E-09, 6.462077E-02, -1.794292E-02, 1.02199E-03
5.7256E-09, 6.462077E-02, -1.825907E-02, 7.2691E-04
5.7318E-09, 6.303998E-02, -1.846985E-02, 6.0045E-04
5.7381E-09, 6.198613E-02, -1.889139E-02, 4.7399E-04
5.7443E-09, 6.198613E-02, -1.878600E-02, 3.4752E-04
5.7506E-09, 6.040534E-02, -1.868062E-02, 2.2106E-04
5.7568E-09, 6.040534E-02, -1.846985E-02, 2.6322E-04
5.7631E-09, 5.882456E-02, -1.804830E-02, 2.2106E-04
5.7693E-09, 5.671685E-02, -1.752138E-02, 2.2106E-04
5.7756E-09, 5.566299E-02, -1.667829E-02, 3.4752E-04
5.7818E-09, 5.408221E-02, -1.615136E-02, 4.3183E-04
5.7881E-09, 5.250143E-02, -1.530828E-02, 5.1614E-04
5.7943E-09, 5.039372E-02, -1.446519E-02, 6.4260E-04
5.8006E-09, 4.881293E-02, -1.372750E-02, 8.1122E-04
5.8068E-09, 4.828600E-02, -1.309518E-02, 9.3768E-04
5.8131E-09, 4.565137E-02, -1.225210E-02, 1.06415E-03
5.8193E-09, 4.459751E-02, -1.140901E-02, 1.14845E-03
5.8256E-09, 4.248980E-02, -1.067131E-02, 1.27492E-03
5.8318E-09, 4.038208E-02, -1.014439E-02, 1.31707E-03
5.8381E-09, 3.932823E-02, -9.30130E-03, 1.35923E-03
5.8443E-09, 3.722052E-02, -8.77437E-03, 1.40138E-03
5.8506E-09, 3.669359E-02, -8.14206E-03, 1.35923E-03
5.8568E-09, 3.511281E-02, -7.93129E-03, 1.40138E-03
5.8631E-09, 3.300510E-02, -7.61513E-03, 1.27492E-03
5.8693E-09, 3.247816E-02, -7.40436E-03, 1.14845E-03
5.8756E-09, 3.142431E-02, -7.08820E-03, 1.02199E-03
5.8818E-09, 2.984353E-02, -7.29898E-03, 8.9553E-04
5.8881E-09, 2.984353E-02, -7.08820E-03, 6.4260E-04
5.8943E-09, 2.773582E-02, -7.19359E-03, 4.3183E-04
5.9006E-09, 2.826274E-02, -7.40436E-03, 1.7891E-04
5.9068E-09, 2.826274E-02, -7.40436E-03, -3.186E-05
5.9131E-09, 2.773582E-02, -7.40436E-03, -3.2694E-04
5.9193E-09, 2.668196E-02, -7.61513E-03, -5.7987E-04
5.9256E-09, 2.668196E-02, -7.72052E-03, -9.1710E-04
5.9318E-09, 2.720889E-02, -7.82590E-03, -1.00141E-03
5.9381E-09, 2.668196E-02, -8.03667E-03, -1.29649E-03
5.9443E-09, 2.773582E-02, -8.03667E-03, -1.46511E-03
5.9506E-09, 2.826274E-02, -7.93129E-03, -1.63372E-03
5.9568E-09, 2.826274E-02, -8.14206E-03, -1.80234E-03
5.9631E-09, 2.931660E-02, -8.03667E-03, -1.88665E-03
5.9693E-09, 2.931660E-02, -8.03667E-03, -1.97096E-03
5.9756E-09, 3.037046E-02, -8.03667E-03, -2.09742E-03
5.9818E-09, 3.142431E-02, -8.03667E-03, -1.97096E-03
5.9881E-09, 3.353202E-02, -7.72052E-03, -1.92880E-03
5.9943E-09, 3.353202E-02, -7.61513E-03, -1.84450E-03
6.0006E-09, 3.511281E-02, -7.50975E-03, -1.76019E-03
6.0068E-09, 3.722052E-02, -7.19359E-03, -1.59157E-03
6.0131E-09, 3.827437E-02, -7.08820E-03, -1.50726E-03
6.0193E-09, 3.985516E-02, -6.77205E-03, -1.38080E-03
6.0256E-09, 4.196287E-02, -6.66666E-03, -1.21218E-03
6.0318E-09, 4.407058E-02, -6.35051E-03, -1.00141E-03
6.0381E-09, 4.512443E-02, -6.45589E-03, -7.9064E-04
6.0443E-09, 4.670522E-02, -6.35051E-03, -6.6418E-04
6.0506E-09, 4.723215E-02, -6.03435E-03, -6.2202E-04
6.0568E-09, 4.986679E-02, -6.13973E-03, -4.5341E-04
6.0631E-09, 5.197450E-02, -6.13973E-03, -3.2694E-04
6.0693E-09, 5.197450E-02, -6.03435E-03, -3.2694E-04
6.0756E-09, 5.302835E-02, -6.13973E-03, -2.4263E-04
6.0818E-09, 5.408221E-02, -6.35051E-03, -3.2694E-04
6.0881E-09, 5.566299E-02, -6.45589E-03, -4.1125E-04
6.0943E-09, 5.671685E-02, -6.56128E-03, -3.6910E-04
6.1006E-09, 5.724378E-02, -6.77205E-03, -5.7987E-04
6.1068E-09, 5.777070E-02, -6.87743E-03, -7.0633E-04
6.1131E-09, 5.671685E-02, -7.08820E-03, -8.7495E-04
6.1193E-09, 5.618992E-02, -7.29898E-03, -1.00141E-03
6.1256E-09, 5.724378E-02, -7.19359E-03, -1.25434E-03
6.1318E-09, 5.566299E-02, -7.61513E-03, -1.42295E-03
6.1381E-09, 5.408221E-02, -7.82590E-03, -1.63372E-03
6.1443E-09, 5.197450E-02, -7.93129E-03, -1.84450E-03
6.1506E-09, 4.986679E-02, -8.03667E-03, -1.97096E-03
6.1568E-09, 4.828600E-02, -8.14206E-03, -2.09742E-03
6.1631E-09, 4.565137E-02, -8.24745E-03, -2.26604E-03
6.1693E-09, 4.248980E-02, -8.24745E-03, -2.35035E-03
6.1756E-09, 3.932823E-02, -8.35283E-03, -2.39250E-03
6.1818E-09, 3.669359E-02, -8.24745E-03, -2.39250E-03
6.1881E-09, 3.247816E-02, -8.24745E-03, -2.35035E-03
6.1943E-09, 2.878967E-02, -8.35283E-03, -2.22388E-03
6.2006E-09, 2.562810E-02, -8.24745E-03, -2.01311E-03
6.2068E-09, 2.141268E-02, -8.35283E-03, -1.88665E-03
6.2131E-09, 1.825111E-02, -8.14206E-03, -1.63372E-03
6.2193E-09, 1.456262E-02, -8.24745E-03, -1.33864E-03
6.2256E-09, 1.034720E-02, -8.14206E-03, -1.00141E-03
6.2318E-09, 7.18563E-03, -8.24745E-03, -6.6418E-04
6.2381E-09, 4.02406E-03, -8.35283E-03, -2.0048E-04
6.2443E-09, 8.6249E-04, -8.56360E-03, 1.7891E-04
6.2506E-09, -7.1829E-04, -8.56360E-03, 5.1614E-04
6.2568E-09, -3.87986E-03, -8.87976E-03, 9.7984E-04
6.2631E-09, -5.98757E-03, -9.19592E-03, 1.31707E-03
6.2693E-09, -7.04142E-03, -9.40669E-03, 1.69646E-03
6.2756E-09, -9.14914E-03, -9.93362E-03, 2.03369E-03
6.2818E-09, -1.072992E-02, -1.035516E-02, 2.32877E-03
6.2881E-09, -1.178377E-02, -1.077670E-02, 2.58170E-03
6.2943E-09, -1.231070E-02, -1.130363E-02, 2.79247E-03
6.3006E-09, -1.231070E-02, -1.183056E-02, 2.91893E-03
6.3068E-09, -1.283763E-02, -1.225210E-02, 2.96109E-03
6.3131E-09, -1.231070E-02, -1.267364E-02, 2.96109E-03
6.3193E-09, -1.231070E-02, -1.330595E-02, 2.91893E-03
6.3256E-09, -1.231070E-02, -1.383288E-02, 2.79247E-03
6.3318E-09, -1.125685E-02, -1.425442E-02, 2.62385E-03
6.3381E-09, -1.125685E-02, -1.467597E-02, 2.41308E-03
6.3443E-09, -1.072992E-02, -1.488674E-02, 2.11800E-03
6.3506E-09, -1.020299E-02, -1.530828E-02, 1.78077E-03
6.3568E-09, -1.020299E-02, -1.541366E-02, 1.44353E-03
6.3631E-09, -1.020299E-02, -1.562444E-02, 1.02199E-03
6.3693E-09, -1.072992E-02, -1.583521E-02, 6.8476E-04
6.3756E-09, -1.178377E-02, -1.562444E-02, 2.6322E-04
6.3818E-09, -1.178377E-02, -1.562444E-02, -1.5833E-04
6.3881E-09, -1.389149E-02, -1.530828E-02, -4.9556E-04
6.3943E-09, -1.494534E-02, -1.488674E-02, -7.4849E-04
6.4006E-09, -1.652613E-02, -1.446519E-02, -1.08572E-03
6.4068E-09, -1.863384E-02, -1.404365E-02, -1.33864E-03
6.4131E-09, -2.074155E-02, -1.341134E-02, -1.50726E-03
6.4193E-09, -2.232233E-02, -1.267364E-02, -1.59157E-03
6.4256E-09, -2.601083E-02, -1.193594E-02, -1.67588E-03
6.4318E-09, -2.759161E-02, -1.119824E-02, -1.54942E-03
6.4381E-09, -3.128011E-02, -1.056593E-02, -1.42295E-03
6.4443E-09, -3.286089E-02, -9.72284E-03, -1.21218E-03
6.4506E-09, -3.654939E-02, -8.66899E-03, -9.1710E-04
6.4568E-09, -3.918403E-02, -7.82590E-03, -5.7987E-04
6.4631E-09, -4.234559E-02, -6.98282E-03, -2.0048E-04
6.4693E-09, -4.339945E-02, -6.35051E-03, 3.4752E-04
6.4756E-09, -4.550716E-02, -5.71819E-03, 8.5338E-04
6.4818E-09, -4.708794E-02, -4.76972E-03, 1.35923E-03
6.4881E-09, -4.866873E-02, -4.13741E-03, 1.90723E-03
6.4943E-09, -4.972258E-02, -3.82125E-03, 2.45524E-03
6.5006E-09, -4.972258E-02, -3.08355E-03, 3.12970E-03
6.5068E-09, -4.919565E-02, -2.87278E-03, 3.63555E-03
6.5131E-09, -4.866873E-02, -2.45124E-03, 4.14140E-03
6.5193E-09, -4.814180E-02, -2.34585E-03, 4.64726E-03
6.5256E-09, -4.498023E-02, -2.02970E-03, 5.11095E-03
6.5318E-09, -4.445330E-02, -2.24047E-03, 5.53249E-03
6.5381E-09, -4.181866E-02, -2.02970E-03, 5.78542E-03
6.5443E-09, -3.971095E-02, -2.24047E-03, 6.03834E-03
6.5506E-09, -3.654939E-02, -2.34585E-03, 6.12265E-03
6.5568E-09, -3.444167E-02, -2.55662E-03, 6.24912E-03
6.5631E-09, -3.075318E-02, -2.87278E-03, 6.24912E-03
6.5693E-09, -2.759161E-02, -3.08355E-03, 6.08050E-03
6.5756E-09, -2.443004E-02, -3.39971E-03, 5.86973E-03
6.5818E-09, -2.232233E-02, -3.82125E-03, 5.61680E-03
6.5881E-09, -1.916077E-02, -3.92664E-03, 5.19526E-03
6.5943E-09, -1.810691E-02, -4.34818E-03, 4.64726E-03
6.6006E-09, -1.599920E-02, -4.87511E-03, 4.26787E-03
6.6068E-09, -1.441841E-02, -4.98049E-03, 3.59340E-03
6.6131E-09, -1.283763E-02, -5.19126E-03, 3.04540E-03
6.6193E-09, -1.178377E-02, -5.61281E-03, 2.41308E-03
6.6256E-09, -1.178377E-02, -5.82358E-03, 1.65431E-03
6.6318E-09, -1.389149E-02, -6.03435E-03, 1.02199E-03
6.6381E-09, -1.441841E-02, -6.24512E-03, 4.3183E-04
6.6443E-09, -1.547227E-02, -6.45589E-03, -1.1617E-04
6.6506E-09, -1.652613E-02, -6.45589E-03, -7.0633E-04
6.6568E-09, -1.916077E-02, -6.66666E-03, -1.25434E-03
6.6631E-09, -2.126848E-02, -6.66666E-03, -1.67588E-03
6.6693E-09, -2.390312E-02, -6.87743E-03, -2.05527E-03
6.6756E-09, -2.548390E-02, -7.08820E-03, -2.30819E-03
6.6818E-09, -2.917239E-02, -7.08820E-03, -2.47681E-03
6.6881E-09, -3.075318E-02, -7.19359E-03, -2.60327E-03
6.6943E-09, -3.391474E-02, -7.40436E-03, -2.47681E-03
6.7006E-09, -3.496860E-02, -7.40436E-03, -2.39250E-03
6.7068E-09, -3.654939E-02, -7.61513E-03, -2.22388E-03
6.7131E-09, -3.602246E-02, -7.72052E-03, -1.88665E-03
6.7193E-09, -3.707631E-02, -8.03667E-03, -1.50726E-03
6.7256E-09, -3.707631E-02, -8.14206E-03, -1.04357E-03
6.7318E-09, -3.496860E-02, -8.56360E-03, -4.5341E-04
6.7381E-09, -3.391474E-02, -8.77437E-03, 2.2106E-04
6.7443E-09, -3.075318E-02, -9.09053E-03, 8.9553E-04
6.7506E-09, -2.653776E-02, -9.40669E-03, 1.65431E-03
6.7568E-09, -2.337619E-02, -9.72284E-03, 2.37093E-03
6.7631E-09, -1.863384E-02, -1.014439E-02, 3.17186E-03
6.7693E-09, -1.231070E-02, -1.056593E-02, 3.97279E-03
6.7756E-09, -6.51450E-03, -1.077670E-02, 4.73156E-03
6.7818E-09, -7.1829E-04, -1.119824E-02, 5.49034E-03
6.7881E-09, 6.65870E-03, -1.140901E-02, 6.24912E-03
6.7943E-09, 1.298183E-02, -1.183056E-02, 6.96574E-03
6.8006E-09, 2.088575E-02, -1.193594E-02, 7.59805E-03
6.8068E-09, 2.773582E-02, -1.225210E-02, 8.18821E-03
6.8131E-09, 3.353202E-02, -1.225210E-02, 8.69406E-03
6.8193E-09, 3.985516E-02, -1.214671E-02, 9.11560E-03
6.8256E-09, 4.617829E-02, -1.193594E-02, 9.36853E-03
6.8318E-09, 5.039372E-02, -1.193594E-02, 9.74792E-03
6.8381E-09, 5.460914E-02, -1.193594E-02, 9.91653E-03
6.8443E-09, 5.777070E-02, -1.140901E-02, 9.95869E-03
6.8506E-09, 6.093227E-02, -1.109286E-02, 9.91653E-03
6.8568E-09, 6.145920E-02, -1.067131E-02, 9.83223E-03
6.8631E-09, 6.093227E-02, -9.93362E-03, 9.70576E-03
6.8693E-09, 5.829763E-02, -9.40669E-03, 9.41068E-03
6.8756E-09, 5.618992E-02, -8.77437E-03, 9.07345E-03
6.8818E-09, 5.250143E-02, -8.03667E-03, 8.77837E-03
6.8881E-09, 4.775907E-02, -7.19359E-03, 8.14606E-03
6.8943E-09, 3.985516E-02, -6.35051E-03, 7.72451E-03
6.9006E-09, 3.247816E-02, -5.29665E-03, 7.09220E-03
6.9068E-09, 2.457425E-02, -4.45356E-03, 6.58635E-03
6.9131E-09, 1.456262E-02, -3.50509E-03, 5.82757E-03
6.9193E-09, 4.55099E-03, -2.45124E-03, 5.23741E-03
6.9256E-09, -5.46064E-03, -1.50277E-03, 4.47864E-03
6.9318E-09, -1.757998E-02, -7.6507E-04, 3.88848E-03
6.9381E-09, -2.811854E-02, 1.8340E-04, 3.17186E-03
6.9443E-09, -4.023788E-02, 1.23726E-03, 2.53954E-03
6.9506E-09, -5.077644E-02, 2.08034E-03, 1.90723E-03
6.9568E-09, -6.131500E-02, 2.81804E-03, 1.23276E-03
6.9631E-09, -7.132663E-02, 3.45035E-03, 6.4260E-04
6.9693E-09, -8.081133E-02, 4.18805E-03, 9.460E-05
6.9756E-09, -9.082296E-02, 4.71498E-03, -4.1125E-04
6.9818E-09, -9.819995E-02, 5.24191E-03, -8.3279E-04
6.9881E-09, -1.0346922E-01, 5.87422E-03, -1.29649E-03
6.9943E-09, -1.0926543E-01, 6.08499E-03, -1.54942E-03
7.0006E-09, -1.1400779E-01, 6.50653E-03, -1.92880E-03
7.0068E-09, -1.1611550E-01, 6.71731E-03, -2.13958E-03
7.0131E-09, -1.1769628E-01, 6.82269E-03, -2.39250E-03
7.0193E-09, -1.1875013E-01, 6.82269E-03, -2.39250E-03
7.0256E-09, -1.1875013E-01, 7.13885E-03, -2.47681E-03
7.0318E-09, -1.1558857E-01, 7.03346E-03, -2.43465E-03
7.0381E-09, -1.1295393E-01, 6.92808E-03, -2.43465E-03
7.0443E-09, -1.0926543E-01, 6.92808E-03, -2.30819E-03
7.0506E-09, -1.0399615E-01, 6.92808E-03, -2.05527E-03
7.0568E-09, -9.978073E-02, 6.61192E-03, -1.88665E-03
7.0631E-09, -9.293067E-02, 6.50653E-03, -1.59157E-03
7.0693E-09, -8.608060E-02, 6.29576E-03, -1.25434E-03
7.0756E-09, -7.923055E-02, 5.87422E-03, -9.1710E-04
7.0818E-09, -7.238048E-02, 5.55806E-03, -4.9556E-04
7.0881E-09, -6.500349E-02, 5.45268E-03, -7.402E-05
7.0943E-09, -5.815343E-02, 5.03114E-03, 3.8968E-04
7.1006E-09, -5.077644E-02, 4.71498E-03, 8.1122E-04
7.1068E-09, -4.392638E-02, 4.50421E-03, 1.23276E-03
7.1131E-09, -3.813017E-02, 4.18805E-03, 1.65431E-03
7.1193E-09, -3.286089E-02, 3.87190E-03, 2.16016E-03
7.1256E-09, -2.759161E-02, 3.55574E-03, 2.49739E-03
7.1318E-09, -2.337619E-02, 3.34497E-03, 2.96109E-03
7.1381E-09, -1.968769E-02, 2.92343E-03, 3.38263E-03
7.1443E-09, -1.652613E-02, 2.60727E-03, 3.67771E-03
7.1506E-09, -1.441841E-02, 2.29111E-03, 3.97279E-03
7.1568E-09, -1.231070E-02, 1.97495E-03, 4.26787E-03
7.1631E-09, -1.125685E-02, 1.76418E-03, 4.47864E-03
7.1693E-09, -1.072992E-02, 1.34264E-03, 4.73156E-03
7.1756E-09, -1.020299E-02, 1.13187E-03, 4.77372E-03
7.1818E-09, -1.231070E-02, 6.0494E-04, 4.94234E-03
7.1881E-09, -1.125685E-02, 2.8879E-04, 4.94234E-03
7.1943E-09, -1.231070E-02, 7.801E-05, 4.85803E-03
7.2006E-09, -1.336456E-02, -3.4353E-04, 4.85803E-03
7.2068E-09, -1.441841E-02, -8.7046E-04, 4.68941E-03
7.2131E-09, -1.599920E-02, -1.39738E-03, 4.47864E-03
7.2193E-09, -1.705305E-02, -1.81893E-03, 4.31002E-03
7.2256E-09, -1.757998E-02, -2.24047E-03, 4.05710E-03
7.2318E-09, -1.863384E-02, -2.87278E-03, 3.80417E-03
7.2381E-09, -1.916077E-02, -3.29432E-03, 3.50909E-03
7.2443E-09, -1.916077E-02, -3.92664E-03, 3.17186E-03
7.2506E-09, -1.916077E-02, -4.66434E-03, 2.87678E-03
7.2568E-09, -1.863384E-02, -5.19126E-03, 2.49739E-03
7.2631E-09, -1.757998E-02, -5.82358E-03, 2.20231E-03
7.2693E-09, -1.705305E-02, -6.56128E-03, 1.90723E-03
7.2756E-09, -1.547227E-02, -7.19359E-03, 1.52784E-03
7.2818E-09, -1.441841E-02, -7.93129E-03, 1.27492E-03
7.2881E-09, -1.125685E-02, -8.45822E-03, 1.06415E-03
7.2943E-09, -9.67606E-03, -9.40669E-03, 8.5338E-04
7.3006E-09, -8.09528E-03, -9.93362E-03, 6.4260E-04
7.3068E-09, -6.51450E-03, -1.077670E-02, 3.8968E-04
7.3131E-09, -3.35293E-03, -1.130363E-02, 2.2106E-04
7.3193E-09, -1.77215E-03, -1.193594E-02, 1.7891E-04
7.3256E-09, -1.9136E-04, -1.235748E-02, 5.244E-05
7.3318E-09, 1.91635E-03, -1.320057E-02, 9.460E-05
7.3381E-09, 2.97021E-03, -1.372750E-02, 1.3675E-04
7.3443E-09, 4.55099E-03, -1.425442E-02, 9.460E-05
7.3506E-09, 4.55099E-03, -1.446519E-02, 9.460E-05
7.3568E-09, 5.60485E-03, -1.467597E-02, 2.2106E-04
7.3631E-09, 6.13177E-03, -1.488674E-02, 3.4752E-04
7.3693E-09, 5.07792E-03, -1.520289E-02, 4.3183E-04
7.3756E-09, 5.60485E-03, -1.530828E-02, 6.4260E-04
7.3818E-09, 4.55099E-03, -1.520289E-02, 7.2691E-04
7.3881E-09, 4.02406E-03, -1.499212E-02, 8.1122E-04
7.3943E-09, 3.49713E-03, -1.499212E-02, 9.3768E-04
7.4006E-09, 1.38942E-03, -1.457058E-02, 1.02199E-03
7.4068E-09, 8.6249E-04, -1.404365E-02, 1.02199E-03
7.4131E-09, -1.9136E-04, -1.362211E-02, 1.06415E-03
7.4193E-09, -1.77215E-03, -1.309518E-02, 1.14845E-03
7.4256E-09, -2.82600E-03, -1.235748E-02, 1.02199E-03
7.4318E-09, -4.93371E-03, -1.151440E-02, 1.02199E-03
7.4381E-09, -5.46064E-03, -1.067131E-02, 1.02199E-03
7.4443E-09, -5.98757E-03, -9.93362E-03, 8.9553E-04
7.4506E-09, -5.98757E-03, -8.87976E-03, 7.6907E-04
7.4568E-09, -6.51450E-03, -7.93129E-03, 6.8476E-04
7.4631E-09, -6.51450E-03, -6.87743E-03, 5.1614E-04
7.4693E-09, -6.51450E-03, -5.92896E-03, 3.0537E-04
7.4756E-09, -5.46064E-03, -4.98049E-03, 1.3675E-04
7.4818E-09, -4.93371E-03, -3.92664E-03, -3.186E-05
7.4881E-09, -3.35293E-03, -2.87278E-03, -2.0048E-04
7.4943E-09, -2.29907E-03, -2.02970E-03, -4.1125E-04
7.5006E-09, 3.3557E-04, -9.7584E-04, -5.3771E-04
7.5068E-09, 8.6249E-04, -2.737E-05, -7.0633E-04
7.5131E-09, 3.49713E-03, 8.1571E-04, -8.7495E-04
7.5193E-09, 4.55099E-03, 1.34264E-03, -9.1710E-04
7.5256E-09, 7.18563E-03, 1.97495E-03, -1.04357E-03
7.5318E-09, 8.76641E-03, 2.71265E-03, -1.04357E-03
7.5381E-09, 1.087412E-02, 3.02881E-03, -9.1710E-04
7.5443E-09, 1.245491E-02, 3.66112E-03, -9.1710E-04
7.5506E-09, 1.403569E-02, 3.76651E-03, -7.9064E-04
7.5568E-09, 1.403569E-02, 4.08267E-03, -6.2202E-04
7.5631E-09, 1.403569E-02, 4.50421E-03, -4.5341E-04
7.5693E-09, 1.456262E-02, 4.50421E-03, -1.5833E-04
7.5756E-09, 1.508955E-02, 4.50421E-03, 1.7891E-04
7.5818E-09, 1.456262E-02, 4.50421E-03, 6.0045E-04
7.5881E-09, 1.350876E-02, 4.60959E-03, 9.3768E-04
7.5943E-09, 1.140105E-02, 4.39882E-03, 1.40138E-03
7.6006E-09, 9.29334E-03, 4.29344E-03, 1.78077E-03
7.6068E-09, 6.65870E-03, 4.08267E-03, 2.24446E-03
7.6131E-09, 4.55099E-03, 3.97728E-03, 2.66601E-03
7.6193E-09, 1.38942E-03, 3.66112E-03, 3.12970E-03
7.6256E-09, -7.1829E-04, 3.55574E-03, 3.63555E-03
7.6318E-09, -4.40678E-03, 3.13420E-03, 4.05710E-03
7.6381E-09, -7.56835E-03, 3.23958E-03, 4.47864E-03
7.6443E-09, -1.072992E-02, 2.71265E-03, 4.85803E-03
7.6506E-09, -1.389149E-02, 2.60727E-03, 5.19526E-03
7.6568E-09, -1.705305E-02, 2.50188E-03, 5.40603E-03
7.6631E-09, -1.968769E-02, 2.29111E-03, 5.65896E-03
7.6693E-09, -2.179541E-02, 2.08034E-03, 5.74327E-03
7.6756E-09, -2.443004E-02, 1.86957E-03, 5.95404E-03
7.6818E-09, -2.653776E-02, 1.76418E-03, 5.99619E-03
7.6881E-09, -2.653776E-02, 1.76418E-03, 5.99619E-03
7.6943E-09, -2.759161E-02, 1.55341E-03, 5.99619E-03
7.7006E-09, -2.759161E-02, 1.44803E-03, 5.82757E-03
7.7068E-09, -2.759161E-02, 1.02648E-03, 5.65896E-03
7.7131E-09, -2.601083E-02, 1.02648E-03, 5.49034E-03
7.7193E-09, -2.495697E-02, 6.0494E-04, 5.23741E-03
7.7256E-09, -2.284926E-02, 7.1033E-04, 4.85803E-03
7.7318E-09, -2.126848E-02, 1.8340E-04, 4.56295E-03
7.7381E-09, -1.863384E-02, -2.737E-05, 4.18356E-03
7.7443E-09, -1.547227E-02, -1.3276E-04, 3.80417E-03
7.7506E-09, -1.231070E-02, -4.4891E-04, 3.34047E-03
7.7568E-09, -9.14914E-03, -9.7584E-04, 2.96109E-03
7.7631E-09, -4.93371E-03, -1.39738E-03, 2.58170E-03
7.7693E-09, -2.29907E-03, -1.81893E-03, 2.20231E-03
7.7756E-09, 1.91635E-03, -2.24047E-03, 1.78077E-03
7.7818E-09, 4.55099E-03, -2.66201E-03, 1.44353E-03
7.7881E-09, 8.23948E-03, -2.97817E-03, 1.14845E-03
7.7943E-09, 1.087412E-02, -3.61048E-03, 8.1122E-04
7.8006E-09, 1.298183E-02, -3.92664E-03, 4.7399E-04
7.8068E-09, 1.508955E-02, -4.34818E-03, 2.2106E-04
7.8131E-09, 1.561647E-02, -4.66434E-03, 1.029E-05
7.8193E-09, 1.667033E-02, -4.98049E-03, -1.5833E-04
7.8256E-09, 1.667033E-02, -5.19126E-03, -2.8479E-04
7.8318E-09, 1.561647E-02, -5.61281E-03, -4.1125E-04
7.8381E-09, 1.456262E-02, -5.50742E-03, -4.9556E-04
7.8443E-09, 1.298183E-02, -5.61281E-03, -5.3771E-04
7.8506E-09, 1.087412E-02, -5.50742E-03, -6.2202E-04
7.8568E-09, 7.71256E-03, -5.40204E-03, -5.7987E-04
7.8631E-09, 4.02406E-03, -5.29665E-03, -6.2202E-04
7.8693E-09, 8.6249E-04, -4.98049E-03, -4.9556E-04
7.8756E-09, -3.87986E-03, -4.45356E-03, -4.9556E-04
7.8818E-09, -8.09528E-03, -3.92664E-03, -4.1125E-04
7.8881E-09, -1.231070E-02, -3.39971E-03, -4.1125E-04
7.8943E-09, -1.757998E-02, -2.66201E-03, -2.4263E-04
7.9006E-09, -2.337619E-02, -2.02970E-03, -2.0048E-04
7.9068E-09, -2.864547E-02, -1.29200E-03, -7.402E-05
7.9131E-09, -3.286089E-02, -3.4353E-04, -1.1617E-04
7.9193E-09, -3.813017E-02, 4.9956E-04, -7.402E-05
7.9256E-09, -4.234559E-02, 1.23726E-03, -7.402E-05
7.9318E-09, -4.761487E-02, 2.08034E-03, -7.402E-05
7.9381E-09, -5.183030E-02, 3.13420E-03, 5.244E-05
7.9443E-09, -5.551879E-02, 3.97728E-03, 5.244E-05
7.9506E-09, -5.815343E-02, 4.92575E-03, 9.460E-05
7.9568E-09, -6.026114E-02, 5.45268E-03, -3.186E-05
7.9631E-09, -6.184192E-02, 6.08499E-03, 1.029E-05
7.9693E-09, -6.500349E-02, 6.71731E-03, 9.460E-05
7.9756E-09, -6.605735E-02, 7.24423E-03, 9.460E-05
7.9818E-09, -6.605735E-02, 7.56039E-03, 5.244E-05
7.9881E-09, -6.605735E-02, 7.87655E-03, 5.244E-05
7.9943E-09, -6.553042E-02, 7.98193E-03, 1.3675E-04
8.0006E-09, -6.447656E-02, 8.08732E-03, 1.3675E-04
8.0068E-09, -6.289578E-02, 7.87655E-03, 2.2106E-04
8.0131E-09, -6.131500E-02, 7.77116E-03, 2.2106E-04
8.0193E-09, -5.973421E-02, 7.34962E-03, 3.0537E-04
8.0256E-09, -5.551879E-02, 6.92808E-03, 3.4752E-04
8.0318E-09, -5.341108E-02, 6.29576E-03, 4.7399E-04
8.0381E-09, -5.024951E-02, 5.55806E-03, 5.5830E-04
8.0443E-09, -4.814180E-02, 4.71498E-03, 7.2691E-04
8.0506E-09, -4.392638E-02, 4.08267E-03, 8.1122E-04
8.0568E-09, -4.076481E-02, 3.02881E-03, 9.3768E-04
8.0631E-09, -3.760324E-02, 2.18573E-03, 1.02199E-03
8.0693E-09, -3.391474E-02, 1.13187E-03, 1.14845E-03
8.0756E-09, -3.128011E-02, -2.737E-05, 1.27492E-03
8.0818E-09, -2.811854E-02, -1.08123E-03, 1.35923E-03
8.0881E-09, -2.390312E-02, -1.92431E-03, 1.40138E-03
8.0943E-09, -2.179541E-02, -2.97817E-03, 1.52784E-03
8.1006E-09, -1.968769E-02, -4.13741E-03, 1.65431E-03
8.1068E-09, -1.652613E-02, -5.08588E-03, 1.65431E-03
8.1131E-09, -1.389149E-02, -5.82358E-03, 1.69646E-03
8.1193E-09, -1.125685E-02, -6.77205E-03, 1.65431E-03
8.1256E-09, -8.62221E-03, -7.61513E-03, 1.69646E-03
8.1318E-09, -7.04142E-03, -8.45822E-03, 1.61215E-03
8.1381E-09, -6.51450E-03, -9.09053E-03, 1.57000E-03
8.1443E-09, -3.35293E-03, -9.51207E-03, 1.48569E-03
8.1506E-09, -1.24522E-03, -9.93362E-03, 1.35923E-03
8.1568E-09, 3.3557E-04, -1.056593E-02, 1.27492E-03
8.1631E-09, 2.44328E-03, -1.088209E-02, 1.10630E-03
8.1693E-09, 3.49713E-03, -1.098747E-02, 9.3768E-04
8.1756E-09, 5.07792E-03, -1.119824E-02, 8.1122E-04
8.1818E-09, 6.65870E-03, -1.130363E-02, 6.8476E-04
8.1881E-09, 9.29334E-03, -1.130363E-02, 3.8968E-04
8.1943E-09, 1.087412E-02, -1.109286E-02, 3.0537E-04
8.2006E-09, 1.298183E-02, -1.098747E-02, 9.460E-05
8.2068E-09, 1.508955E-02, -1.077670E-02, -3.186E-05
8.2131E-09, 1.614340E-02, -1.067131E-02, -2.0048E-04
8.2193E-09, 1.825111E-02, -1.056593E-02, -3.2694E-04
8.2256E-09, 2.088575E-02, -1.014439E-02, -4.1125E-04
8.2318E-09, 2.246654E-02, -9.82823E-03, -4.5341E-04
8.2381E-09, 2.404732E-02, -9.61746E-03, -4.5341E-04
8.2443E-09, 2.562810E-02, -9.19592E-03, -5.7987E-04
8.2506E-09, 2.826274E-02, -8.77437E-03, -6.6418E-04
8.2568E-09, 2.878967E-02, -8.45822E-03, -5.7987E-04
8.2631E-09, 3.142431E-02, -8.03667E-03, -5.3771E-04
8.2693E-09, 3.247816E-02, -7.82590E-03, -4.9556E-04
8.2756E-09, 3.405895E-02, -7.29898E-03, -4.9556E-04
8.2818E-09, 3.458588E-02, -7.08820E-03, -3.2694E-04
8.2881E-09, 3.669359E-02, -6.56128E-03, -2.8479E-04
8.2943E-09, 3.616666E-02, -6.35051E-03, -7.402E-05
8.3006E-09, 3.827437E-02, -5.92896E-03, -3.186E-05
8.3068E-09, 3.827437E-02, -5.82358E-03, 5.244E-05
8.3131E-09, 3.880130E-02, -5.50742E-03, 1.3675E-04
8.3193E-09, 3.880130E-02, -5.19126E-03, 2.2106E-04
8.3256E-09, 3.932823E-02, -4.87511E-03, 3.4752E-04
8.3318E-09, 3.932823E-02, -4.45356E-03, 5.1614E-04
8.3381E-09, 3.880130E-02, -4.24279E-03, 5.1614E-04
8.3443E-09, 3.880130E-02, -4.03202E-03, 5.5830E-04
8.3506E-09, 3.827437E-02, -3.71587E-03, 5.1614E-04
8.3568E-09, 3.827437E-02, -3.50509E-03, 4.7399E-04
8.3631E-09, 3.880130E-02, -3.18894E-03, 4.3183E-04
8.3693E-09, 3.774745E-02, -2.97817E-03, 3.4752E-04
8.3756E-09, 3.616666E-02, -2.55662E-03, 3.0537E-04
8.3818E-09, 3.669359E-02, -2.45124E-03, 1.7891E-04
8.3881E-09, 3.616666E-02, -2.13508E-03, 1.029E-05
8.3943E-09, 3.616666E-02, -2.02970E-03, -1.5833E-04
8.4006E-09, 3.616666E-02, -1.81893E-03, -3.2694E-04
8.4068E-09, 3.616666E-02, -1.60815E-03, -4.9556E-04
8.4131E-09, 3.563973E-02, -1.39738E-03, -7.4849E-04
8.4193E-09, 3.563973E-02, -1.18661E-03, -9.1710E-04
8.4256E-09, 3.511281E-02, -1.08123E-03, -1.08572E-03
8.4318E-09, 3.458588E-02, -8.7046E-04, -1.21218E-03
8.4381E-09, 3.511281E-02, -7.6507E-04, -1.38080E-03
8.4443E-09, 3.458588E-02, -6.5968E-04, -1.50726E-03
8.4506E-09, 3.405895E-02, -5.5430E-04, -1.59157E-03
8.4568E-09, 3.405895E-02, -4.4891E-04, -1.59157E-03
8.4631E-09, 3.247816E-02, -3.4353E-04, -1.71803E-03
8.4693E-09, 3.195124E-02, -2.3814E-04, -1.67588E-03
8.4756E-09, 2.984353E-02, -1.3276E-04, -1.54942E-03
8.4818E-09, 2.773582E-02, -1.3276E-04, -1.46511E-03
8.4881E-09, 2.773582E-02, -2.737E-05, -1.29649E-03
8.4943E-09, 2.457425E-02, -1.3276E-04, -1.04357E-03
8.5006E-09, 2.352039E-02, -2.737E-05, -8.3279E-04
8.5068E-09, 1.983190E-02, 7.801E-05, -4.5341E-04
8.5131E-09, 1.772419E-02, 7.801E-05, -1.1617E-04
8.5193E-09, 1.561647E-02, -2.737E-05, 3.0537E-04
8.5256E-09, 1.298183E-02, 7.801E-05, 7.2691E-04
8.5318E-09, 9.82027E-03, 7.801E-05, 1.14845E-03
8.5381E-09, 7.18563E-03, 1.8340E-04, 1.69646E-03
8.5443E-09, 4.02406E-03, 1.8340E-04, 2.20231E-03
8.5506E-09, 8.6249E-04, 1.8340E-04, 2.58170E-03
8.5568E-09, -2.82600E-03, 1.8340E-04, 3.21401E-03
8.5631E-09, -5.46064E-03, 3.9417E-04, 3.67771E-03
8.5693E-09, -7.56835E-03, 3.9417E-04, 4.18356E-03
8.5756E-09, -9.14914E-03, 2.8879E-04, 4.60510E-03
8.5818E-09, -1.231070E-02, 4.9956E-04, 5.06880E-03
8.5881E-09, -1.283763E-02, 7.1033E-04, 5.49034E-03
8.5943E-09, -1.494534E-02, 7.1033E-04, 5.78542E-03
8.6006E-09, -1.547227E-02, 8.1571E-04, 6.08050E-03
8.6068E-09, -1.652613E-02, 8.1571E-04, 6.41773E-03
8.6131E-09, -1.652613E-02, 9.2110E-04, 6.58635E-03
8.6193E-09, -1.547227E-02, 9.2110E-04, 6.67066E-03
8.6256E-09, -1.547227E-02, 1.02648E-03, 6.75497E-03
8.6318E-09, -1.389149E-02, 1.02648E-03, 6.79712E-03
8.6381E-09, -1.283763E-02, 1.02648E-03, 6.83928E-03
8.6443E-09, -1.020299E-02, 1.02648E-03, 6.62850E-03
8.6506E-09, -8.09528E-03, 9.2110E-04, 6.45989E-03
8.6568E-09, -4.93371E-03, 8.1571E-04, 6.37558E-03
8.6631E-09, -3.35293E-03, 7.1033E-04, 6.16481E-03
8.6693E-09, -1.9136E-04, 8.1571E-04, 5.91188E-03
8.6756E-09, 1.38942E-03, 7.1033E-04, 5.61680E-03
8.6818E-09, 5.07792E-03, 6.0494E-04, 5.32172E-03
8.6881E-09, 8.23948E-03, 4.9956E-04, 4.94234E-03
8.6943E-09, 1.034720E-02, 4.9956E-04, 4.64726E-03
8.7006E-09, 1.298183E-02, 2.8879E-04, 4.22571E-03
8.7068E-09, 1.508955E-02, 1.8340E-04, 3.84633E-03
8.7131E-09, 1.719726E-02, 7.801E-05, 3.50909E-03
8.7193E-09, 1.825111E-02, 7.801E-05, 3.17186E-03
8.7256E-09, 1.983190E-02, -1.3276E-04, 2.96109E-03
8.7318E-09, 1.930497E-02, -2.737E-05, 2.66601E-03
8.7381E-09, 2.035883E-02, -1.3276E-04, 2.45524E-03
8.7443E-09, 2.035883E-02, -1.3276E-04, 2.24446E-03
8.7506E-09, 1.930497E-02, -1.3276E-04, 1.99154E-03
8.7568E-09, 1.877804E-02, -1.3276E-04, 1.90723E-03
8.7631E-09, 1.667033E-02, 7.801E-05, 1.86508E-03
8.7693E-09, 1.456262E-02, 7.801E-05, 1.82292E-03
8.7756E-09, 1.350876E-02, 3.9417E-04, 1.82292E-03
8.7818E-09, 1.192798E-02, 4.9956E-04, 1.82292E-03
8.7881E-09, 9.82027E-03, 6.0494E-04, 1.82292E-03
8.7943E-09, 7.18563E-03, 9.2110E-04, 1.99154E-03
8.8006E-09, 5.07792E-03, 1.23726E-03, 2.16016E-03
8.8068E-09, 3.49713E-03, 1.76418E-03, 2.32877E-03
8.8131E-09, 1.38942E-03, 1.97495E-03, 2.49739E-03
8.8193E-09, -1.24522E-03, 2.50188E-03, 2.66601E-03
8.8256E-09, -2.29907E-03, 3.02881E-03, 2.83462E-03
8.8318E-09, -3.35293E-03, 3.34497E-03, 3.04540E-03
8.8381E-09, -2.82600E-03, 4.08267E-03, 3.29832E-03
8.8443E-09, -4.40678E-03, 4.50421E-03, 3.46694E-03
8.8506E-09, -3.35293E-03, 5.24191E-03, 3.55125E-03
8.8568E-09, -2.82600E-03, 5.55806E-03, 3.71986E-03
8.8631E-09, -7.1829E-04, 6.08499E-03, 3.93063E-03
8.8693E-09, 3.3557E-04, 6.50653E-03, 4.01494E-03
8.8756E-09, 2.97021E-03, 6.92808E-03, 4.14140E-03
8.8818E-09, 5.60485E-03, 7.45500E-03, 4.22571E-03
8.8881E-09, 8.76641E-03, 7.98193E-03, 4.18356E-03
8.8943E-09, 1.140105E-02, 8.19270E-03, 4.18356E-03
8.9006E-09, 1.614340E-02, 8.71963E-03, 4.18356E-03
8.9068E-09, 1.930497E-02, 8.93040E-03, 4.18356E-03
8.9131E-09, 2.299346E-02, 9.35195E-03, 4.01494E-03
8.9193E-09, 2.773582E-02, 9.56272E-03, 3.93063E-03
8.9256E-09, 3.142431E-02, 9.66810E-03, 3.76202E-03
8.9318E-09, 3.511281E-02, 9.98426E-03, 3.63555E-03
8.9381E-09, 3.880130E-02, 1.008964E-02, 3.46694E-03
8.9443E-09, 4.301672E-02, 1.019503E-02, 3.34047E-03
8.9506E-09, 4.670522E-02, 1.051119E-02, 3.12970E-03
8.9568E-09, 4.881293E-02, 1.019503E-02, 2.87678E-03
8.9631E-09, 5.144757E-02, 1.030042E-02, 2.70816E-03
8.9693E-09, 5.302835E-02, 1.008964E-02, 2.49739E-03
8.9756E-09, 5.513607E-02, 9.98426E-03, 2.32877E-03
8.9818E-09, 5.566299E-02, 9.87887E-03, 2.11800E-03
8.9881E-09, 5.724378E-02, 9.66810E-03, 1.90723E-03
8.9943E-09, 5.724378E-02, 9.56272E-03, 1.78077E-03
9.0006E-09, 5.777070E-02, 9.14117E-03, 1.61215E-03
9.0068E-09, 5.724378E-02, 8.82502E-03, 1.40138E-03
9.0131E-09, 5.566299E-02, 8.50886E-03, 1.31707E-03
9.0193E-09, 5.460914E-02, 7.87655E-03, 1.27492E-03
9.0256E-09, 5.408221E-02, 7.34962E-03, 1.14845E-03
9.0318E-09, 5.250143E-02, 6.92808E-03, 1.14845E-03
9.0381E-09, 5.039372E-02, 6.08499E-03, 1.06415E-03
9.0443E-09, 4.881293E-02, 5.13652E-03, 1.02199E-03
9.0506E-09, 4.881293E-02, 4.39882E-03, 1.02199E-03
9.0568E-09, 4.670522E-02, 3.55574E-03, 9.7984E-04
9.0631E-09, 4.617829E-02, 2.50188E-03, 1.02199E-03
9.0693E-09, 4.407058E-02, 1.65880E-03, 1.02199E-03
9.0756E-09, 4.407058E-02, 2.8879E-04, 1.10630E-03
9.0818E-09, 4.407058E-02, -7.6507E-04, 1.10630E-03
9.0881E-09, 4.407058E-02, -1.92431E-03, 1.06415E-03
9.0943E-09, 4.354365E-02, -3.39971E-03, 1.14845E-03
9.1006E-09, 4.407058E-02, -4.34818E-03, 1.14845E-03
9.1068E-09, 4.565137E-02, -5.92896E-03, 1.10630E-03
9.1131E-09, 4.617829E-02, -7.19359E-03, 1.02199E-03
9.1193E-09, 4.670522E-02, -8.56360E-03, 9.7984E-04
9.1256E-09, 4.933986E-02, -9.72284E-03, 9.3768E-04
9.1318E-09, 5.144757E-02, -1.119824E-02, 8.1122E-04
9.1381E-09, 5.144757E-02, -1.246287E-02, 7.6907E-04
9.1443E-09, 5.460914E-02, -1.372750E-02, 6.8476E-04
9.1506E-09, 5.671685E-02, -1.488674E-02, 4.3183E-04
9.1568E-09, 5.777070E-02, -1.583521E-02, 3.0537E-04
9.1631E-09, 5.987842E-02, -1.678368E-02, 9.460E-05
9.1693E-09, 6.145920E-02, -1.773215E-02, -3.186E-05
9.1756E-09, 6.198613E-02, -1.815369E-02, -2.8479E-04
9.1818E-09, 6.198613E-02, -1.878600E-02, -5.3771E-04
9.1881E-09, 6.251305E-02, -1.931293E-02, -7.4849E-04
9.1943E-09, 6.198613E-02, -1.962909E-02, -1.00141E-03
9.2006E-09, 6.198613E-02, -1.962909E-02, -1.17003E-03
9.2068E-09, 6.040534E-02, -1.941832E-02, -1.46511E-03
9.2131E-09, 5.882456E-02, -1.920754E-02, -1.71803E-03
9.2193E-09, 5.671685E-02, -1.889139E-02, -1.92880E-03
9.2256E-09, 5.355528E-02, -1.836446E-02, -2.18173E-03
9.2318E-09, 4.986679E-02, -1.752138E-02, -2.39250E-03
9.2381E-09, 4.723215E-02, -1.667829E-02, -2.51896E-03
9.2443E-09, 4.196287E-02, -1.583521E-02, -2.72973E-03
9.2506E-09, 3.722052E-02, -1.446519E-02, -2.89835E-03
9.2568E-09, 3.195124E-02, -1.320057E-02, -2.98266E-03
9.2631E-09, 2.668196E-02, -1.172517E-02, -3.02481E-03
9.2693E-09, 2.141268E-02, -1.046054E-02, -3.02481E-03
9.2756E-09, 1.508955E-02, -8.87976E-03, -3.02481E-03
9.2818E-09, 9.29334E-03, -7.29898E-03, -2.94051E-03
9.2881E-09, 4.55099E-03, -5.82358E-03, -2.94051E-03
9.2943E-09, -1.77215E-03, -4.55895E-03, -2.85620E-03
9.3006E-09, -7.56835E-03, -2.97817E-03, -2.68758E-03
9.3068E-09, -1.231070E-02, -1.60815E-03, -2.56112E-03
9.3131E-09, -1.705305E-02, -3.4353E-04, -2.39250E-03
9.3193E-09, -2.126848E-02, 6.0494E-04, -2.18173E-03
9.3256E-09, -2.495697E-02, 1.65880E-03, -1.92880E-03
9.3318E-09, -2.864547E-02, 2.71265E-03, -1.67588E-03
9.3381E-09, -3.180704E-02, 3.34497E-03, -1.42295E-03
9.3443E-09, -3.286089E-02, 4.08267E-03, -1.12787E-03
9.3506E-09, -3.549553E-02, 4.29344E-03, -8.3279E-04
9.3568E-09, -3.549553E-02, 4.71498E-03, -5.7987E-04
9.3631E-09, -3.602246E-02, 4.82037E-03, -2.0048E-04
9.3693E-09, -3.602246E-02, 4.71498E-03, 1.029E-05
9.3756E-09, -3.602246E-02, 4.60959E-03, 2.2106E-04
9.3818E-09, -3.496860E-02, 4.18805E-03, 4.7399E-04
9.3881E-09, -3.233396E-02, 3.66112E-03, 6.8476E-04
9.3943E-09, -3.075318E-02, 3.13420E-03, 9.3768E-04
9.4006E-09, -2.917239E-02, 2.39650E-03, 1.06415E-03
9.4068E-09, -2.601083E-02, 1.44803E-03, 1.19061E-03
9.4131E-09, -2.284926E-02, 4.9956E-04, 1.27492E-03
9.4193E-09, -2.021462E-02, -4.4891E-04, 1.40138E-03
9.4256E-09, -1.757998E-02, -1.39738E-03, 1.48569E-03
9.4318E-09, -1.441841E-02, -2.45124E-03, 1.48569E-03
9.4381E-09, -1.125685E-02, -3.29432E-03, 1.48569E-03
9.4443E-09, -8.09528E-03, -4.45356E-03, 1.48569E-03
9.4506E-09, -5.46064E-03, -5.50742E-03, 1.35923E-03
9.4568E-09, -2.82600E-03, -6.35051E-03, 1.27492E-03
9.4631E-09, -7.1829E-04, -7.29898E-03, 1.14845E-03
9.4693E-09, 1.91635E-03, -7.93129E-03, 1.02199E-03
9.4756E-09, 4.02406E-03, -8.56360E-03, 9.3768E-04
9.4818E-09, 6.13177E-03, -9.19592E-03, 6.8476E-04
9.4881E-09, 7.71256E-03, -9.72284E-03, 4.7399E-04
9.4943E-09, 8.76641E-03, -1.014439E-02, 2.6322E-04
9.5006E-09, 9.82027E-03, -1.024977E-02, 9.460E-05
9.5068E-09, 9.82027E-03, -1.067131E-02, -1.5833E-04
9.5131E-09, 1.140105E-02, -1.046054E-02, -3.6910E-04
9.5193E-09, 1.192798E-02, -1.056593E-02, -5.3771E-04
9.5256E-09, 1.298183E-02, -1.024977E-02, -7.9064E-04
9.5318E-09, 1.245491E-02, -9.93362E-03, -1.00141E-03
9.5381E-09, 1.403569E-02, -9.61746E-03, -1.17003E-03
9.5443E-09, 1.456262E-02, -9.30130E-03, -1.33864E-03
9.5506E-09, 1.614340E-02, -8.66899E-03, -1.50726E-03
9.5568E-09, 1.667033E-02, -7.93129E-03, -1.59157E-03
9.5631E-09, 1.719726E-02, -7.40436E-03, -1.76019E-03
9.5693E-09, 1.930497E-02, -6.77205E-03, -1.84450E-03
9.5756E-09, 2.035883E-02, -5.92896E-03, -1.88665E-03
9.5818E-09, 2.299346E-02, -5.29665E-03, -1.92880E-03
9.5881E-09, 2.510118E-02, -4.34818E-03, -1.97096E-03
9.5943E-09, 2.773582E-02, -3.61048E-03, -1.97096E-03
9.6006E-09, 3.089738E-02, -2.87278E-03, -1.97096E-03
9.6068E-09, 3.353202E-02, -1.92431E-03, -2.05527E-03
9.6131E-09, 3.722052E-02, -1.29200E-03, -2.01311E-03
9.6193E-09, 4.090901E-02, -4.4891E-04, -1.92880E-03
9.6256E-09, 4.407058E-02, 1.8340E-04, -1.97096E-03
9.6318E-09, 4.775907E-02, 8.1571E-04, -1.88665E-03
9.6381E-09, 5.039372E-02, 1.55341E-03, -1.84450E-03
9.6443E-09, 5.355528E-02, 2.29111E-03, -1.84450E-03
9.6506E-09, 5.724378E-02, 2.60727E-03, -1.80234E-03
9.6568E-09, 5.987842E-02, 3.02881E-03, -1.76019E-03
9.6631E-09, 6.198613E-02, 3.66112E-03, -1.71803E-03
9.6693E-09, 6.462077E-02, 3.97728E-03, -1.67588E-03
9.6756E-09, 6.567463E-02, 4.08267E-03, -1.67588E-03
9.6818E-09, 6.672848E-02, 4.39882E-03, -1.59157E-03
9.6881E-09, 6.672848E-02, 4.60959E-03, -1.63372E-03
9.6943E-09, 6.672848E-02, 4.71498E-03, -1.54942E-03
9.7006E-09, 6.620155E-02, 4.82037E-03, -1.54942E-03
9.7068E-09, 6.409384E-02, 4.71498E-03, -1.50726E-03
9.7131E-09, 6.198613E-02, 4.71498E-03, -1.46511E-03
9.7193E-09, 5.935149E-02, 4.50421E-03, -1.46511E-03
9.7256E-09, 5.566299E-02, 4.08267E-03, -1.42295E-03
9.7318E-09, 5.092064E-02, 3.97728E-03, -1.38080E-03
9.7381E-09, 4.565137E-02, 3.34497E-03, -1.25434E-03
9.7443E-09, 3.985516E-02, 3.13420E-03, -1.21218E-03
9.7506E-09, 3.405895E-02, 2.60727E-03, -1.17003E-03
9.7568E-09, 2.773582E-02, 1.97495E-03, -1.04357E-03
9.7631E-09, 2.088575E-02, 1.44803E-03, -9.1710E-04
9.7693E-09, 1.350876E-02, 6.0494E-04, -7.9064E-04
9.7756E-09, 6.13177E-03, 7.801E-05, -6.6418E-04
9.7818E-09, -1.77215E-03, -8.7046E-04, -4.9556E-04
9.7881E-09, -8.62221E-03, -1.60815E-03, -3.2694E-04
9.7943E-09, -1.705305E-02, -2.34585E-03, -1.1617E-04
9.8006E-09, -2.337619E-02, -3.18894E-03, 5.244E-05
9.8068E-09, -2.969932E-02, -4.13741E-03, 1.3675E-04
9.8131E-09, -3.654939E-02, -5.08588E-03, 3.0537E-04
9.8193E-09, -4.234559E-02, -5.92896E-03, 5.1614E-04
9.8256E-09, -4.761487E-02, -6.77205E-03, 6.8476E-04
9.8318E-09, -5.183030E-02, -7.50975E-03, 8.1122E-04
9.8381E-09, -5.551879E-02, -8.56360E-03, 9.7984E-04
9.8443E-09, -5.815343E-02, -9.19592E-03, 1.14845E-03
9.8506E-09, -6.026114E-02, -1.003900E-02, 1.19061E-03
9.8568E-09, -6.131500E-02, -1.098747E-02, 1.31707E-03
9.8631E-09, -6.184192E-02, -1.140901E-02, 1.40138E-03
9.8693E-09, -6.184192E-02, -1.214671E-02, 1.40138E-03
9.8756E-09, -6.078807E-02, -1.288441E-02, 1.48569E-03
9.8818E-09, -5.868036E-02, -1.341134E-02, 1.48569E-03
9.8881E-09, -5.604572E-02, -1.383288E-02, 1.31707E-03
9.8943E-09, -5.288415E-02, -1.446519E-02, 1.31707E-03
9.9006E-09, -4.919565E-02, -1.488674E-02, 1.23276E-03
9.9068E-09, -4.603409E-02, -1.509751E-02, 1.02199E-03
9.9131E-09, -4.129174E-02, -1.541366E-02, 8.9553E-04
9.9193E-09, -3.602246E-02, -1.572982E-02, 7.6907E-04
9.9256E-09, -3.075318E-02, -1.583521E-02, 6.4260E-04
9.9318E-09, -2.601083E-02, -1.583521E-02, 4.3183E-04
9.9381E-09, -2.126848E-02, -1.604598E-02, 2.2106E-04
9.9443E-09, -1.705305E-02, -1.572982E-02, -3.186E-05
9.9506E-09, -1.178377E-02, -1.562444E-02, -2.0048E-04
9.9568E-09, -8.09528E-03, -1.551905E-02, -3.2694E-04
9.9631E-09, -2.82600E-03, -1.530828E-02, -5.3771E-04
9.9693E-09, -1.9136E-04, -1.499212E-02, -6.6418E-04
9.9756E-09, 3.49713E-03, -1.467597E-02, -8.3279E-04
9.9818E-09, 5.07792E-03, -1.435981E-02, -8.7495E-04
9.9881E-09, 8.76641E-03, -1.393827E-02, -9.1710E-04
9.9943E-09, 9.82027E-03, -1.341134E-02, -9.5926E-04
1.00006E-08, 1.140105E-02, -1.298980E-02, -9.1710E-04
1.00068E-08, 1.245491E-02, -1.235748E-02, -8.7495E-04
1.00131E-08, 1.350876E-02, -1.193594E-02, -7.4849E-04
1.00193E-08, 1.245491E-02, -1.119824E-02, -6.2202E-04
1.00256E-08, 1.245491E-02, -1.067131E-02, -4.9556E-04
1.00318E-08, 1.192798E-02, -1.003900E-02, -3.2694E-04
1.00381E-08, 1.034720E-02, -9.40669E-03, -1.5833E-04
1.00443E-08, 9.82027E-03, -8.87976E-03, 9.460E-05
1.00506E-08, 7.71256E-03, -8.14206E-03, 3.4752E-04
1.00568E-08, 7.18563E-03, -7.72052E-03, 5.1614E-04
1.00631E-08, 5.60485E-03, -7.08820E-03, 7.6907E-04
1.00693E-08, 4.55099E-03, -6.56128E-03, 9.3768E-04
1.00756E-08, 2.97021E-03, -5.82358E-03, 1.19061E-03
1.00818E-08, 1.91635E-03, -5.40204E-03, 1.31707E-03
1.00881E-08, 1.38942E-03, -4.76972E-03, 1.52784E-03
1.00943E-08, 3.3557E-04, -4.45356E-03, 1.69646E-03
1.01006E-08, -7.1829E-04, -3.82125E-03, 1.78077E-03
1.01068E-08, -1.9136E-04, -3.39971E-03, 1.82292E-03
1.01131E-08, 8.6249E-04, -2.76740E-03, 1.82292E-03
1.01193E-08, 8.6249E-04, -2.45124E-03, 1.82292E-03
1.01256E-08, 1.38942E-03, -1.60815E-03, 1.78077E-03
1.01318E-08, 2.97021E-03, -1.29200E-03, 1.73861E-03
1.01381E-08, 4.55099E-03, -9.7584E-04, 1.61215E-03
1.01443E-08, 6.65870E-03, -3.4353E-04, 1.48569E-03
1.01506E-08, 8.76641E-03, 7.801E-05, 1.27492E-03
1.01568E-08, 1.140105E-02, 6.0494E-04, 1.02199E-03
1.01631E-08, 1.456262E-02, 1.02648E-03, 8.1122E-04
1.01693E-08, 1.719726E-02, 1.55341E-03, 5.5830E-04
1.01756E-08, 1.930497E-02, 2.18573E-03, 3.8968E-04
1.01818E-08, 2.299346E-02, 2.39650E-03, 2.2106E-04
1.01881E-08, 2.615503E-02, 3.02881E-03, -3.186E-05
1.01943E-08, 2.878967E-02, 3.34497E-03, -2.0048E-04
1.02006E-08, 3.247816E-02, 3.76651E-03, -3.6910E-04
1.02068E-08, 3.458588E-02, 4.29344E-03, -5.3771E-04
1.02131E-08, 3.722052E-02, 4.60959E-03, -6.6418E-04
1.02193E-08, 4.038208E-02, 5.03114E-03, -7.0633E-04
1.02256E-08, 4.301672E-02, 5.45268E-03, -7.0633E-04
1.02318E-08, 4.565137E-02, 5.55806E-03, -7.4849E-04
1.02381E-08, 4.775907E-02, 5.87422E-03, -5.7987E-04
1.02443E-08, 4.986679E-02, 6.19038E-03, -5.3771E-04
1.02506E-08, 5.144757E-02, 6.19038E-03, -4.1125E-04
1.02568E-08, 5.302835E-02, 6.19038E-03, -1.1617E-04
1.02631E-08, 5.460914E-02, 6.29576E-03, 9.460E-05
1.02693E-08, 5.566299E-02, 6.08499E-03, 3.0537E-04
1.02756E-08, 5.671685E-02, 5.76884E-03, 5.5830E-04
1.02818E-08, 5.777070E-02, 5.55806E-03, 9.7984E-04
1.02881E-08, 5.882456E-02, 5.13652E-03, 1.23276E-03
1.02943E-08, 5.935149E-02, 4.71498E-03, 1.57000E-03
1.03006E-08, 5.987842E-02, 4.08267E-03, 1.90723E-03
1.03068E-08, 6.093227E-02, 3.34497E-03, 2.24446E-03
1.03131E-08, 6.198613E-02, 2.71265E-03, 2.41308E-03
1.03193E-08, 6.093227E-02, 1.86957E-03, 2.62385E-03
1.03256E-08, 6.198613E-02, 1.13187E-03, 2.79247E-03
1.03318E-08, 6.198613E-02, 7.801E-05, 2.91893E-03
1.03381E-08, 6.251305E-02, -7.6507E-04, 3.04540E-03
1.03443E-08, 6.145920E-02, -1.71354E-03, 3.08755E-03
1.03506E-08, 6.251305E-02, -2.55662E-03, 2.96109E-03
1.03568E-08, 6.145920E-02, -3.50509E-03, 3.00324E-03
1.03631E-08, 6.145920E-02, -4.34818E-03, 2.75032E-03
1.03693E-08, 6.145920E-02, -5.19126E-03, 2.62385E-03
1.03756E-08, 5.987842E-02, -5.82358E-03, 2.32877E-03
1.03818E-08, 5.935149E-02, -6.66666E-03, 2.03369E-03
1.03881E-08, 5.882456E-02, -7.19359E-03, 1.78077E-03
1.03943E-08, 5.777070E-02, -7.72052E-03, 1.31707E-03
1.04006E-08, 5.618992E-02, -8.14206E-03, 9.7984E-04
1.04068E-08, 5.355528E-02, -8.45822E-03, 5.5830E-04
1.04131E-08, 5.302835E-02, -8.56360E-03, 1.3675E-04
1.04193E-08, 4.986679E-02, -8.56360E-03, -2.0048E-04
1.04256E-08, 4.828600E-02, -8.35283E-03, -6.6418E-04
1.04318E-08, 4.512443E-02, -8.45822E-03, -1.04357E-03
1.04381E-08, 4.354365E-02, -7.93129E-03, -1.25434E-03
1.04443E-08, 4.038208E-02, -7.61513E-03, -1.67588E-03
1.04506E-08, 3.932823E-02, -6.98282E-03, -1.88665E-03
1.04568E-08, 3.616666E-02, -6.45589E-03, -2.05527E-03
1.04631E-08, 3.300510E-02, -5.92896E-03, -2.18173E-03
1.04693E-08, 3.142431E-02, -5.08588E-03, -2.22388E-03
1.04756E-08, 2.878967E-02, -4.34818E-03, -2.26604E-03
1.04818E-08, 2.720889E-02, -3.61048E-03, -2.18173E-03
1.04881E-08, 2.457425E-02, -2.76740E-03, -1.97096E-03
1.04943E-08, 2.404732E-02, -2.02970E-03, -1.76019E-03
1.05006E-08, 2.299346E-02, -1.29200E-03, -1.38080E-03
1.05068E-08, 2.088575E-02, -7.6507E-04, -1.04357E-03
1.05131E-08, 2.088575E-02, -2.737E-05, -6.6418E-04
1.05193E-08, 2.141268E-02, 3.9417E-04, -2.8479E-04
1.05256E-08, 2.141268E-02, 8.1571E-04, 2.2106E-04
1.05318E-08, 2.141268E-02, 1.34264E-03, 7.2691E-04
1.05381E-08, 2.299346E-02, 1.44803E-03, 1.27492E-03
1.05443E-08, 2.352039E-02, 1.76418E-03, 1.78077E-03
1.05506E-08, 2.615503E-02, 1.55341E-03, 2.24446E-03
1.05568E-08, 2.668196E-02, 1.44803E-03, 2.83462E-03
1.05631E-08, 2.984353E-02, 1.44803E-03, 3.29832E-03
1.05693E-08, 3.300510E-02, 1.23726E-03, 3.76202E-03
1.05756E-08, 3.511281E-02, 1.02648E-03, 4.18356E-03
1.05818E-08, 3.774745E-02, 4.9956E-04, 4.56295E-03
1.05881E-08, 4.038208E-02, 1.8340E-04, 4.77372E-03
1.05943E-08, 4.301672E-02, -4.4891E-04, 5.02664E-03
1.06006E-08, 4.565137E-02, -9.7584E-04, 5.19526E-03
1.06068E-08, 4.881293E-02, -1.71354E-03, 5.23741E-03
1.06131E-08, 5.092064E-02, -2.45124E-03, 5.23741E-03
1.06193E-08, 5.302835E-02, -2.87278E-03, 5.19526E-03
1.06256E-08, 5.566299E-02, -3.50509E-03, 5.11095E-03
1.06318E-08, 5.566299E-02, -4.13741E-03, 4.90018E-03
1.06381E-08, 5.566299E-02, -4.55895E-03, 4.73156E-03
1.06443E-08, 5.671685E-02, -5.29665E-03, 4.43648E-03
1.06506E-08, 5.618992E-02, -5.50742E-03, 4.14140E-03
1.06568E-08, 5.618992E-02, -5.82358E-03, 3.71986E-03
1.06631E-08, 5.566299E-02, -6.13973E-03, 3.38263E-03
1.06693E-08, 5.302835E-02, -6.56128E-03, 3.00324E-03
1.06756E-08, 5.039372E-02, -6.87743E-03, 2.62385E-03
1.06818E-08, 4.775907E-02, -7.19359E-03, 2.16016E-03
1.06881E-08, 4.512443E-02, -7.19359E-03, 1.78077E-03
1.06943E-08, 4.090901E-02, -7.19359E-03, 1.40138E-03
1.07006E-08, 3.669359E-02, -7.40436E-03, 1.06415E-03
1.07068E-08, 3.300510E-02, -7.50975E-03, 7.6907E-04
1.07131E-08, 2.878967E-02, -7.40436E-03, 4.3183E-04
1.07193E-08, 2.352039E-02, -7.40436E-03, 2.2106E-04
1.07256E-08, 1.825111E-02, -7.40436E-03, -7.402E-05
1.07318E-08, 1.403569E-02, -7.82590E-03, -1.5833E-04
1.07381E-08, 9.82027E-03, -7.82590E-03, -3.2694E-04
1.07443E-08, 6.13177E-03, -7.93129E-03, -3.6910E-04
1.07506E-08, 1.91635E-03, -8.14206E-03, -4.5341E-04
1.07568E-08, -2.29907E-03, -8.35283E-03, -3.6910E-04
1.07631E-08, -4.93371E-03, -8.45822E-03, -3.2694E-04
1.07693E-08, -7.56835E-03, -8.87976E-03, -2.0048E-04
1.07756E-08, -1.020299E-02, -9.19592E-03, 5.244E-05
1.07818E-08, -1.231070E-02, -9.61746E-03, 1.3675E-04
1.07881E-08, -1.283763E-02, -9.93362E-03, 3.4752E-04
1.07943E-08, -1.441841E-02, -1.035516E-02, 5.1614E-04
1.08006E-08, -1.441841E-02, -1.067131E-02, 7.6907E-04
1.08068E-08, -1.336456E-02, -1.130363E-02, 9.3768E-04
1.08131E-08, -1.231070E-02, -1.161978E-02, 1.14845E-03
1.08193E-08, -1.125685E-02, -1.204133E-02, 1.35923E-03
1.08256E-08, -7.56835E-03, -1.214671E-02, 1.52784E-03
1.08318E-08, -7.04142E-03, -1.256825E-02, 1.78077E-03
1.08381E-08, -3.87986E-03, -1.288441E-02, 1.94939E-03
1.08443E-08, -1.9136E-04, -1.309518E-02, 2.07585E-03
1.08506E-08, 2.97021E-03, -1.298980E-02, 2.16016E-03
1.08568E-08, 6.65870E-03, -1.309518E-02, 2.28662E-03
1.08631E-08, 1.034720E-02, -1.298980E-02, 2.32877E-03
1.08693E-08, 1.508955E-02, -1.277903E-02, 2.45524E-03
1.08756E-08, 1.772419E-02, -1.256825E-02, 2.45524E-03
1.08818E-08, 2.141268E-02, -1.235748E-02, 2.62385E-03
1.08881E-08, 2.510118E-02, -1.172517E-02, 2.49739E-03
1.08943E-08, 2.826274E-02, -1.161978E-02, 2.58170E-03
1.09006E-08, 3.142431E-02, -1.077670E-02, 2.49739E-03
1.09068E-08, 3.405895E-02, -1.003900E-02, 2.45524E-03
1.09131E-08, 3.722052E-02, -9.19592E-03, 2.41308E-03
1.09193E-08, 3.932823E-02, -8.56360E-03, 2.41308E-03
1.09256E-08, 4.090901E-02, -7.50975E-03, 2.32877E-03
1.09318E-08, 4.196287E-02, -6.98282E-03, 2.32877E-03
1.09381E-08, 4.143594E-02, -5.92896E-03, 2.32877E-03
1.09443E-08, 4.248980E-02, -5.08588E-03, 2.45524E-03
1.09506E-08, 4.301672E-02, -4.45356E-03, 2.45524E-03
1.09568E-08, 4.301672E-02, -3.50509E-03, 2.49739E-03
1.09631E-08, 4.143594E-02, -2.97817E-03, 2.58170E-03
1.09693E-08, 3.985516E-02, -2.13508E-03, 2.70816E-03
1.09756E-08, 3.932823E-02, -1.50277E-03, 2.83462E-03
1.09818E-08, 3.722052E-02, -1.18661E-03, 2.96109E-03
1.09881E-08, 3.563973E-02, -7.6507E-04, 3.04540E-03
1.09943E-08, 3.458588E-02, -5.5430E-04, 3.25617E-03
1.10006E-08, 3.195124E-02, -2.3814E-04, 3.42478E-03
1.10068E-08, 3.037046E-02, -2.737E-05, 3.59340E-03
1.10131E-08, 2.826274E-02, -2.3814E-04, 3.71986E-03
1.10193E-08, 2.668196E-02, -1.3276E-04, 3.93063E-03
1.10256E-08, 2.457425E-02, -2.3814E-04, 4.09925E-03
1.10318E-08, 2.299346E-02, -5.5430E-04, 4.18356E-03
1.10381E-08, 2.141268E-02, -8.7046E-04, 4.31002E-03
1.10443E-08, 2.088575E-02, -1.08123E-03, 4.52079E-03
1.10506E-08, 1.983190E-02, -1.29200E-03, 4.56295E-03
1.10568E-08, 2.035883E-02, -1.81893E-03, 4.56295E-03
1.10631E-08, 1.930497E-02, -2.24047E-03, 4.56295E-03
1.10693E-08, 1.983190E-02, -2.45124E-03, 4.60510E-03
1.10756E-08, 2.088575E-02, -2.87278E-03, 4.56295E-03
1.10818E-08, 2.141268E-02, -3.18894E-03, 4.52079E-03
1.10881E-08, 2.193961E-02, -3.39971E-03, 4.31002E-03
1.10943E-08, 2.299346E-02, -3.50509E-03, 4.18356E-03
1.11006E-08, 2.615503E-02, -3.61048E-03, 3.88848E-03
1.11068E-08, 2.826274E-02, -3.92664E-03, 3.67771E-03
1.11131E-08, 3.037046E-02, -3.71587E-03, 3.50909E-03
1.11193E-08, 3.247816E-02, -3.61048E-03, 3.21401E-03
1.11256E-08, 3.458588E-02, -3.61048E-03, 2.79247E-03
1.11318E-08, 3.774745E-02, -3.29432E-03, 2.49739E-03
1.11381E-08, 4.038208E-02, -2.87278E-03, 2.24446E-03
1.11443E-08, 4.301672E-02, -2.55662E-03, 1.82292E-03
1.11506E-08, 4.723215E-02, -2.02970E-03, 1.52784E-03
1.11568E-08, 4.986679E-02, -1.71354E-03, 1.19061E-03
1.11631E-08, 5.197450E-02, -1.18661E-03, 8.5338E-04
1.11693E-08, 5.460914E-02, -4.4891E-04, 6.8476E-04
1.11756E-08, 5.724378E-02, 7.801E-05, 2.6322E-04
1.11818E-08, 5.882456E-02, 3.9417E-04, 5.244E-05
1.11881E-08, 6.040534E-02, 1.23726E-03, -2.0048E-04
1.11943E-08, 6.093227E-02, 1.34264E-03, -3.6910E-04
1.12006E-08, 6.303998E-02, 2.08034E-03, -4.9556E-04
1.12068E-08, 6.251305E-02, 2.29111E-03, -5.3771E-04
1.12131E-08, 6.409384E-02, 2.71265E-03, -6.2202E-04
1.12193E-08, 6.303998E-02, 2.71265E-03, -6.6418E-04
1.12256E-08, 6.356691E-02, 3.02881E-03, -7.0633E-04
1.12318E-08, 6.093227E-02, 3.02881E-03, -6.6418E-04
1.12381E-08, 5.882456E-02, 2.92343E-03, -6.2202E-04
1.12443E-08, 5.671685E-02, 2.60727E-03, -4.1125E-04
1.12506E-08, 5.408221E-02, 2.39650E-03, -3.6910E-04
1.12568E-08, 5.144757E-02, 2.08034E-03, -2.4263E-04
1.12631E-08, 4.775907E-02, 1.55341E-03, -7.402E-05
1.12693E-08, 4.301672E-02, 1.23726E-03, 1.3675E-04
1.12756E-08, 3.880130E-02, 8.1571E-04, 3.0537E-04
1.12818E-08, 3.405895E-02, 7.801E-05, 4.7399E-04
1.12881E-08, 2.984353E-02, -3.4353E-04, 6.4260E-04
1.12943E-08, 2.404732E-02, -9.7584E-04, 8.1122E-04
1.13006E-08, 1.930497E-02, -1.71354E-03, 8.5338E-04
1.13068E-08, 1.403569E-02, -2.24047E-03, 1.02199E-03
1.13131E-08, 8.76641E-03, -2.76740E-03, 1.10630E-03
1.13193E-08, 3.49713E-03, -3.18894E-03, 1.10630E-03
1.13256E-08, -1.77215E-03, -3.82125E-03, 1.14845E-03
1.13318E-08, -6.51450E-03, -3.92664E-03, 1.14845E-03
1.13381E-08, -1.178377E-02, -4.24279E-03, 1.10630E-03
1.13443E-08, -1.547227E-02, -4.34818E-03, 9.3768E-04
1.13506E-08, -1.968769E-02, -4.34818E-03, 8.5338E-04
1.13568E-08, -2.337619E-02, -4.34818E-03, 6.8476E-04
1.13631E-08, -2.706468E-02, -4.03202E-03, 4.7399E-04
1.13693E-08, -2.969932E-02, -3.82125E-03, 2.6322E-04
1.13756E-08, -3.286089E-02, -3.39971E-03, 9.460E-05
1.13818E-08, -3.391474E-02, -2.97817E-03, -2.0048E-04
1.13881E-08, -3.602246E-02, -2.45124E-03, -4.5341E-04
1.13943E-08, -3.707631E-02, -1.71354E-03, -7.0633E-04
1.14006E-08, -3.707631E-02, -9.7584E-04, -9.1710E-04
1.14068E-08, -3.760324E-02, -2.3814E-04, -1.21218E-03
1.14131E-08, -3.549553E-02, 3.9417E-04, -1.54942E-03
1.14193E-08, -3.602246E-02, 1.23726E-03, -1.76019E-03
1.14256E-08, -3.391474E-02, 2.08034E-03, -2.01311E-03
1.14318E-08, -3.233396E-02, 2.60727E-03, -2.13958E-03
1.14381E-08, -2.969932E-02, 3.23958E-03, -2.35035E-03
1.14443E-08, -2.759161E-02, 4.08267E-03, -2.51896E-03
1.14506E-08, -2.443004E-02, 4.50421E-03, -2.60327E-03
1.14568E-08, -2.179541E-02, 4.92575E-03, -2.68758E-03
1.14631E-08, -1.916077E-02, 5.13652E-03, -2.72973E-03
1.14693E-08, -1.599920E-02, 5.13652E-03, -2.72973E-03
1.14756E-08, -1.283763E-02, 5.24191E-03, -2.64543E-03
1.14818E-08, -9.67606E-03, 5.03114E-03, -2.68758E-03
1.14881E-08, -5.46064E-03, 4.71498E-03, -2.56112E-03
1.14943E-08, -3.35293E-03, 4.18805E-03, -2.35035E-03
1.15006E-08, -1.77215E-03, 3.66112E-03, -2.22388E-03
1.15068E-08, 1.91635E-03, 2.81804E-03, -2.01311E-03
1.15131E-08, 3.49713E-03, 1.97495E-03, -1.84450E-03
1.15193E-08, 5.60485E-03, 1.02648E-03, -1.59157E-03
1.15256E-08, 6.65870E-03, -2.737E-05, -1.33864E-03
1.15318E-08, 8.23948E-03, -1.08123E-03, -1.08572E-03
1.15381E-08, 8.23948E-03, -2.45124E-03, -8.3279E-04
1.15443E-08, 7.71256E-03, -3.61048E-03, -5.7987E-04
1.15506E-08, 8.23948E-03, -4.55895E-03, -4.1125E-04
1.15568E-08, 7.71256E-03, -5.82358E-03, -1.1617E-04
1.15631E-08, 6.13177E-03, -6.66666E-03, 1.3675E-04
1.15693E-08, 4.55099E-03, -7.50975E-03, 3.0537E-04
1.15756E-08, 2.97021E-03, -8.56360E-03, 4.7399E-04
1.15818E-08, 1.91635E-03, -9.09053E-03, 6.8476E-04
1.15881E-08, -1.9136E-04, -9.51207E-03, 7.2691E-04
1.15943E-08, -3.35293E-03, -9.93362E-03, 8.5338E-04
1.16006E-08, -6.51450E-03, -9.82823E-03, 9.3768E-04
1.16068E-08, -8.62221E-03, -9.72284E-03, 1.06415E-03
1.16131E-08, -1.125685E-02, -9.30130E-03, 1.02199E-03
1.16193E-08, -1.494534E-02, -8.87976E-03, 1.02199E-03
1.16256E-08, -1.810691E-02, -8.14206E-03, 9.3768E-04
1.16318E-08, -2.074155E-02, -6.98282E-03, 9.7984E-04
1.16381E-08, -2.390312E-02, -5.82358E-03, 8.5338E-04
1.16443E-08, -2.601083E-02, -4.55895E-03, 7.6907E-04
1.16506E-08, -2.811854E-02, -2.97817E-03, 6.0045E-04
1.16568E-08, -3.022625E-02, -1.29200E-03, 5.5830E-04
1.16631E-08, -3.233396E-02, 3.9417E-04, 3.8968E-04
1.16693E-08, -3.338782E-02, 2.29111E-03, 2.6322E-04
1.16756E-08, -3.444167E-02, 4.08267E-03, 1.7891E-04
1.16818E-08, -3.549553E-02, 6.29576E-03, 9.460E-05
1.16881E-08, -3.549553E-02, 8.19270E-03, -7.402E-05
1.16943E-08, -3.602246E-02, 9.98426E-03, -2.0048E-04
1.17006E-08, -3.549553E-02, 1.167043E-02, -2.8479E-04
1.17068E-08, -3.496860E-02, 1.314583E-02, -3.2694E-04
1.17131E-08, -3.286089E-02, 1.493738E-02, -3.6910E-04
1.17193E-08, -3.180704E-02, 1.609662E-02, -4.5341E-04
1.17256E-08, -2.969932E-02, 1.725586E-02, -4.9556E-04
1.17318E-08, -2.917239E-02, 1.809895E-02, -4.5341E-04
1.17381E-08, -2.548390E-02, 1.873126E-02, -4.1125E-04
1.17443E-08, -2.284926E-02, 1.925819E-02, -4.5341E-04
1.17506E-08, -1.968769E-02, 1.936357E-02, -3.6910E-04
1.17568E-08, -1.705305E-02, 1.904742E-02, -2.8479E-04
1.17631E-08, -1.441841E-02, 1.873126E-02, -2.8479E-04
1.17693E-08, -1.020299E-02, 1.809895E-02, -1.1617E-04
1.17756E-08, -5.98757E-03, 1.725586E-02, -3.186E-05
1.17818E-08, -4.40678E-03, 1.599124E-02, 9.460E-05
1.17881E-08, -1.9136E-04, 1.451584E-02, 1.3675E-04
1.17943E-08, 4.02406E-03, 1.272428E-02, 2.6322E-04
1.18006E-08, 7.18563E-03, 1.103811E-02, 3.8968E-04
1.18068E-08, 1.034720E-02, 9.03579E-03, 4.7399E-04
1.18131E-08, 1.456262E-02, 6.92808E-03, 5.5830E-04
1.18193E-08, 1.667033E-02, 4.82037E-03, 6.0045E-04
1.18256E-08, 2.035883E-02, 2.71265E-03, 6.8476E-04
1.18318E-08, 2.352039E-02, 2.8879E-04, 6.8476E-04
1.18381E-08, 2.562810E-02, -1.92431E-03, 7.2691E-04
1.18443E-08, 2.826274E-02, -4.13741E-03, 7.2691E-04
1.18506E-08, 3.195124E-02, -6.03435E-03, 6.8476E-04
1.18568E-08, 3.405895E-02, -8.14206E-03, 6.4260E-04
1.18631E-08, 3.669359E-02, -1.003900E-02, 5.5830E-04
1.18693E-08, 3.827437E-02, -1.161978E-02, 4.7399E-04
1.18756E-08, 4.038208E-02, -1.309518E-02, 3.4752E-04
1.18818E-08, 4.196287E-02, -1.446519E-02, 2.6322E-04
1.18881E-08, 4.459751E-02, -1.551905E-02, 9.460E-05
1.18943E-08, 4.459751E-02, -1.657291E-02, -7.402E-05
1.19006E-08, 4.565137E-02, -1.699445E-02, -2.4263E-04
1.19068E-08, 4.723215E-02, -1.783753E-02, -4.9556E-04
1.19131E-08, 4.828600E-02, -1.783753E-02, -7.0633E-04
1.19193E-08, 4.775907E-02, -1.773215E-02, -9.5926E-04
1.19256E-08, 4.933986E-02, -1.741599E-02, -1.17003E-03
1.19318E-08, 4.775907E-02, -1.688906E-02, -1.38080E-03
1.19381E-08, 4.828600E-02, -1.646752E-02, -1.54942E-03
1.19443E-08, 4.828600E-02, -1.551905E-02, -1.80234E-03
1.19506E-08, 4.723215E-02, -1.446519E-02, -2.01311E-03
1.19568E-08, 4.617829E-02, -1.341134E-02, -2.13958E-03
1.19631E-08, 4.565137E-02, -1.204133E-02, -2.30819E-03
1.19693E-08, 4.407058E-02, -1.077670E-02, -2.43465E-03
1.19756E-08, 4.301672E-02, -9.40669E-03, -2.60327E-03
1.19818E-08, 4.143594E-02, -8.14206E-03, -2.72973E-03
1.19881E-08, 3.985516E-02, -6.45589E-03, -2.81404E-03
1.19943E-08, 3.827437E-02, -5.29665E-03, -2.81404E-03
1.20006E-08, 3.616666E-02, -3.92664E-03, -2.72973E-03
1.20068E-08, 3.353202E-02, -2.55662E-03, -2.72973E-03
1.20131E-08, 3.142431E-02, -1.18661E-03, -2.72973E-03
1.20193E-08, 2.931660E-02, -3.4353E-04, -2.60327E-03
1.20256E-08, 2.826274E-02, 1.02648E-03, -2.56112E-03
1.20318E-08, 2.562810E-02, 1.86957E-03, -2.39250E-03
1.20381E-08, 2.246654E-02, 2.71265E-03, -2.18173E-03
1.20443E-08, 2.035883E-02, 3.45035E-03, -1.97096E-03
1.20506E-08, 1.877804E-02, 4.08267E-03, -1.76019E-03
1.20568E-08, 1.667033E-02, 4.60959E-03, -1.50726E-03
1.20631E-08, 1.403569E-02, 5.13652E-03, -1.21218E-03
1.20693E-08, 1.192798E-02, 5.34729E-03, -9.5926E-04
1.20756E-08, 9.29334E-03, 5.34729E-03, -6.2202E-04
1.20818E-08, 8.23948E-03, 5.13652E-03, -2.8479E-04
1.20881E-08, 6.13177E-03, 4.82037E-03, -3.186E-05
1.20943E-08, 3.49713E-03, 4.71498E-03, 2.6322E-04
1.21006E-08, 1.91635E-03, 4.39882E-03, 6.0045E-04
1.21068E-08, 3.3557E-04, 3.76651E-03, 8.9553E-04
1.21131E-08, -1.24522E-03, 3.13420E-03, 1.14845E-03
1.21193E-08, -2.29907E-03, 2.60727E-03, 1.52784E-03
1.21256E-08, -2.82600E-03, 1.97495E-03, 1.69646E-03
1.21318E-08, -5.98757E-03, 1.02648E-03, 1.90723E-03
1.21381E-08, -6.51450E-03, 2.8879E-04, 2.20231E-03
1.21443E-08, -7.56835E-03, -3.4353E-04, 2.32877E-03
1.21506E-08, -9.67606E-03, -1.18661E-03, 2.45524E-03
1.21568E-08, -1.072992E-02, -2.13508E-03, 2.58170E-03
1.21631E-08, -1.125685E-02, -2.87278E-03, 2.66601E-03
1.21693E-08, -1.336456E-02, -3.61048E-03, 2.75032E-03
1.21756E-08, -1.494534E-02, -4.66434E-03, 2.70816E-03
1.21818E-08, -1.652613E-02, -5.71819E-03, 2.75032E-03
1.21881E-08, -1.810691E-02, -6.45589E-03, 2.75032E-03
1.21943E-08, -2.021462E-02, -7.50975E-03, 2.66601E-03
1.22006E-08, -2.284926E-02, -8.14206E-03, 2.53954E-03
1.22068E-08, -2.548390E-02, -9.19592E-03, 2.41308E-03
1.22131E-08, -2.706468E-02, -9.72284E-03, 2.28662E-03
1.22193E-08, -3.022625E-02, -1.046054E-02, 2.16016E-03
1.22256E-08, -3.391474E-02, -1.098747E-02, 1.90723E-03
1.22318E-08, -3.654939E-02, -1.172517E-02, 1.73861E-03
1.22381E-08, -3.918403E-02, -1.214671E-02, 1.52784E-03
1.22443E-08, -4.287252E-02, -1.267364E-02, 1.35923E-03
1.22506E-08, -4.498023E-02, -1.288441E-02, 1.06415E-03
1.22568E-08, -4.866873E-02, -1.330595E-02, 8.9553E-04
1.22631E-08, -5.077644E-02, -1.341134E-02, 6.4260E-04
1.22693E-08, -5.446493E-02, -1.330595E-02, 3.8968E-04
1.22756E-08, -5.762650E-02, -1.330595E-02, 2.6322E-04
1.22818E-08, -5.973421E-02, -1.330595E-02, -7.402E-05
1.22881E-08, -6.184192E-02, -1.341134E-02, -2.4263E-04
1.22943E-08, -6.447656E-02, -1.330595E-02, -2.8479E-04
1.23006E-08, -6.553042E-02, -1.309518E-02, -4.9556E-04
1.23068E-08, -6.711120E-02, -1.256825E-02, -7.0633E-04
1.23131E-08, -6.711120E-02, -1.204133E-02, -9.1710E-04
1.23193E-08, -6.869198E-02, -1.140901E-02, -9.5926E-04
1.23256E-08, -6.816506E-02, -1.067131E-02, -1.17003E-03
1.23318E-08, -6.711120E-02, -9.93362E-03, -1.29649E-03
1.23381E-08, -6.605735E-02, -9.19592E-03, -1.33864E-03
1.23443E-08, -6.342271E-02, -8.03667E-03, -1.42295E-03
1.23506E-08, -6.026114E-02, -6.98282E-03, -1.50726E-03
1.23568E-08, -5.868036E-02, -6.03435E-03, -1.50726E-03
1.23631E-08, -5.499186E-02, -4.87511E-03, -1.59157E-03
1.23693E-08, -5.024951E-02, -4.13741E-03, -1.59157E-03
1.23756E-08, -4.603409E-02, -2.87278E-03, -1.59157E-03
1.23818E-08, -4.129174E-02, -2.02970E-03, -1.59157E-03
1.23881E-08, -3.549553E-02, -1.18661E-03, -1.67588E-03
1.23943E-08, -3.075318E-02, -4.4891E-04, -1.76019E-03
1.24006E-08, -2.390312E-02, 2.8879E-04, -1.80234E-03
1.24068E-08, -1.810691E-02, 1.02648E-03, -1.80234E-03
1.24131E-08, -1.283763E-02, 1.76418E-03, -1.80234E-03
1.24193E-08, -6.51450E-03, 2.08034E-03, -1.84450E-03
1.24256E-08, -7.1829E-04, 2.60727E-03, -1.92880E-03
1.24318E-08, 4.55099E-03, 2.92343E-03, -1.88665E-03
1.24381E-08, 9.82027E-03, 3.02881E-03, -1.92880E-03
1.24443E-08, 1.508955E-02, 3.13420E-03, -2.05527E-03
1.24506E-08, 1.930497E-02, 3.02881E-03, -2.09742E-03
1.24568E-08, 2.299346E-02, 2.60727E-03, -2.05527E-03
1.24631E-08, 2.720889E-02, 2.18573E-03, -2.05527E-03
1.24693E-08, 2.984353E-02, 1.65880E-03, -2.09742E-03
1.24756E-08, 3.195124E-02, 7.1033E-04, -2.13958E-03
1.24818E-08, 3.353202E-02, -5.5430E-04, -2.09742E-03
1.24881E-08, 3.511281E-02, -1.60815E-03, -2.13958E-03
1.24943E-08, 3.405895E-02, -2.87278E-03, -2.05527E-03
1.25006E-08, 3.511281E-02, -4.45356E-03, -2.01311E-03
1.25068E-08, 3.458588E-02, -6.03435E-03, -2.01311E-03
1.25131E-08, 3.405895E-02, -7.50975E-03, -1.92880E-03
1.25193E-08, 3.142431E-02, -8.98515E-03, -1.80234E-03
1.25256E-08, 2.878967E-02, -1.077670E-02, -1.71803E-03
1.25318E-08, 2.615503E-02, -1.204133E-02, -1.50726E-03
1.25381E-08, 2.457425E-02, -1.383288E-02, -1.38080E-03
1.25443E-08, 2.141268E-02, -1.541366E-02, -1.21218E-03
1.25506E-08, 1.772419E-02, -1.657291E-02, -1.08572E-03
1.25568E-08, 1.508955E-02, -1.815369E-02, -8.3279E-04
1.25631E-08, 1.192798E-02, -1.931293E-02, -5.7987E-04
1.25693E-08, 8.76641E-03, -2.068294E-02, -3.2694E-04
1.25756E-08, 5.07792E-03, -2.184219E-02, -7.402E-05
1.25818E-08, 2.97021E-03, -2.310681E-02, 1.7891E-04
1.25881E-08, 8.6249E-04, -2.426605E-02, 3.8968E-04
1.25943E-08, -7.1829E-04, -2.510914E-02, 6.4260E-04
1.26006E-08, -2.29907E-03, -2.584684E-02, 9.3768E-04
1.26068E-08, -3.35293E-03, -2.658454E-02, 1.10630E-03
1.26131E-08, -3.87986E-03, -2.690069E-02, 1.35923E-03
1.26193E-08, -2.82600E-03, -2.732223E-02, 1.52784E-03
1.26256E-08, -2.82600E-03, -2.742762E-02, 1.78077E-03
1.26318E-08, -1.77215E-03, -2.763839E-02, 1.86508E-03
1.26381E-08, 3.3557E-04, -2.732223E-02, 2.07585E-03
1.26443E-08, 1.91635E-03, -2.711146E-02, 2.11800E-03
1.26506E-08, 4.55099E-03, -2.679531E-02, 2.20231E-03
1.26568E-08, 5.60485E-03, -2.637376E-02, 2.20231E-03
1.26631E-08, 9.82027E-03, -2.616299E-02, 2.32877E-03
1.26693E-08, 1.192798E-02, -2.574145E-02, 2.20231E-03
1.26756E-08, 1.508955E-02, -2.563607E-02, 2.24446E-03
1.26818E-08, 1.719726E-02, -2.553068E-02, 2.11800E-03
1.26881E-08, 2.141268E-02, -2.542529E-02, 1.94939E-03
1.26943E-08, 2.352039E-02, -2.553068E-02, 1.82292E-03
1.27006E-08, 2.615503E-02, -2.584684E-02, 1.69646E-03
1.27068E-08, 2.878967E-02, -2.595222E-02, 1.48569E-03
1.27131E-08, 3.195124E-02, -2.616299E-02, 1.27492E-03
1.27193E-08, 3.247816E-02, -2.668992E-02, 9.7984E-04
1.27256E-08, 3.458588E-02, -2.721685E-02, 7.6907E-04
1.27318E-08, 3.511281E-02, -2.816532E-02, 5.5830E-04
1.27381E-08, 3.511281E-02, -2.890302E-02, 2.6322E-04
1.27443E-08, 3.616666E-02, -3.016764E-02, 9.460E-05
1.27506E-08, 3.511281E-02, -3.143227E-02, -2.0048E-04
1.27568E-08, 3.458588E-02, -3.269690E-02, -4.1125E-04
1.27631E-08, 3.405895E-02, -3.417230E-02, -6.2202E-04
1.27693E-08, 3.247816E-02, -3.638539E-02, -7.9064E-04
1.27756E-08, 2.984353E-02, -3.849310E-02, -1.00141E-03
1.27818E-08, 2.773582E-02, -4.070620E-02, -1.17003E-03
1.27881E-08, 2.562810E-02, -4.344623E-02, -1.21218E-03
1.27943E-08, 2.193961E-02, -4.608086E-02, -1.25434E-03
1.28006E-08, 1.983190E-02, -4.861012E-02, -1.29649E-03
1.28068E-08, 1.719726E-02, -5.156092E-02, -1.33864E-03
1.28131E-08, 1.456262E-02, -5.419556E-02, -1.29649E-03
1.28193E-08, 1.192798E-02, -5.714635E-02, -1.21218E-03
1.28256E-08, 9.82027E-03, -5.999176E-02, -1.17003E-03
1.28318E-08, 7.71256E-03, -6.252102E-02, -9.5926E-04
1.28381E-08, 5.60485E-03, -6.547181E-02, -7.9064E-04
1.28443E-08, 2.97021E-03, -6.810645E-02, -5.3771E-04
1.28506E-08, 1.38942E-03, -7.074109E-02, -2.8479E-04
1.28568E-08, 3.3557E-04, -7.337573E-02, -3.186E-05
1.28631E-08, 3.3557E-04, -7.590499E-02, 2.6322E-04
1.28693E-08, -7.1829E-04, -7.843424E-02, 6.0045E-04
1.28756E-08, -1.24522E-03, -8.106888E-02, 9.3768E-04
1.28818E-08, -1.77215E-03, -8.359813E-02, 1.27492E-03
1.28881E-08, -7.1829E-04, -8.581123E-02, 1.52784E-03
1.28943E-08, -7.1829E-04, -8.855125E-02, 1.90723E-03
1.29006E-08, -1.9136E-04, -9.065896E-02, 2.24446E-03
1.29068E-08, 8.6249E-04, -9.266129E-02, 2.49739E-03
1.29131E-08, 2.44328E-03, -9.476900E-02, 2.83462E-03
1.29193E-08, 4.02406E-03, -9.656056E-02, 3.08755E-03
1.29256E-08, 5.07792E-03, -9.793057E-02, 3.29832E-03
1.29318E-08, 5.60485E-03, -9.961674E-02, 3.50909E-03
1.29381E-08, 7.71256E-03, -1.0098675E-01, 3.76202E-03
1.29443E-08, 8.76641E-03, -1.0246215E-01, 3.88848E-03
1.29506E-08, 9.29334E-03, -1.0372677E-01, 3.88848E-03
1.29568E-08, 9.82027E-03, -1.0478063E-01, 3.97279E-03
1.29631E-08, 9.82027E-03, -1.0615064E-01, 3.97279E-03
1.29693E-08, 9.82027E-03, -1.0752065E-01, 3.97279E-03
1.29756E-08, 9.29334E-03, -1.0889067E-01, 3.88848E-03
1.29818E-08, 9.29334E-03, -1.1047145E-01, 3.84633E-03
1.29881E-08, 8.23948E-03, -1.1205224E-01, 3.67771E-03
1.29943E-08, 6.13177E-03, -1.1373840E-01, 3.50909E-03
1.30006E-08, 5.60485E-03, -1.1531919E-01, 3.29832E-03
1.30068E-08, 2.97021E-03, -1.1700536E-01, 3.04540E-03
1.30131E-08, -1.9136E-04, -1.1848076E-01, 2.75032E-03
1.30193E-08, -2.82600E-03, -1.2027231E-01, 2.49739E-03
1.30256E-08, -5.46064E-03, -1.2195848E-01, 2.16016E-03
1.30318E-08, -9.14914E-03, -1.2364465E-01, 1.90723E-03
1.30381E-08, -1.283763E-02, -1.2554158E-01, 1.65431E-03
1.30443E-08, -1.757998E-02, -1.2722775E-01, 1.31707E-03
1.30506E-08, -2.021462E-02, -1.2912470E-01, 1.02199E-03
1.30568E-08, -2.443004E-02, -1.3123241E-01, 8.5338E-04
1.30631E-08, -2.864547E-02, -1.3323474E-01, 5.1614E-04
1.30693E-08, -3.180704E-02, -1.3576399E-01, 3.0537E-04
1.30756E-08, -3.602246E-02, -1.3829325E-01, 1.3675E-04
1.30818E-08, -3.918403E-02, -1.4103326E-01, -7.402E-05
1.30881E-08, -4.181866E-02, -1.4377329E-01, -2.0048E-04
1.30943E-08, -4.656101E-02, -1.4672409E-01, -2.8479E-04
1.31006E-08, -4.919565E-02, -1.4978027E-01, -4.1125E-04
1.31068E-08, -5.077644E-02, -1.5252030E-01, -4.5341E-04
1.31131E-08, -5.341108E-02, -1.5568186E-01, -4.9556E-04
1.31193E-08, -5.446493E-02, -1.5863267E-01, -4.1125E-04
1.31256E-08, -5.446493E-02, -1.6158345E-01, -3.6910E-04
1.31318E-08, -5.551879E-02, -1.6474502E-01, -2.4263E-04
1.31381E-08, -5.499186E-02, -1.6801198E-01, -1.1617E-04
1.31443E-08, -5.446493E-02, -1.7106816E-01, 5.244E-05
1.31506E-08, -5.235722E-02, -1.7444050E-01, 1.7891E-04
1.31568E-08, -5.130336E-02, -1.7781283E-01, 3.4752E-04
1.31631E-08, -4.761487E-02, -1.8097439E-01, 5.5830E-04
1.31693E-08, -4.498023E-02, -1.8445213E-01, 7.2691E-04
1.31756E-08, -4.129174E-02, -1.8824601E-01, 8.9553E-04
1.31818E-08, -3.654939E-02, -1.9214527E-01, 1.02199E-03
1.31881E-08, -3.180704E-02, -1.9593915E-01, 1.14845E-03
1.31943E-08, -2.653776E-02, -1.9994381E-01, 1.27492E-03
1.32006E-08, -2.126848E-02, -2.0384307E-01, 1.44353E-03
1.32068E-08, -1.494534E-02, -2.0763695E-01, 1.61215E-03
1.32131E-08, -8.62221E-03, -2.1132545E-01, 1.69646E-03
1.32193E-08, -1.24522E-03, -2.1522471E-01, 1.69646E-03
1.32256E-08, 6.13177E-03, -2.1870244E-01, 1.69646E-03
1.32318E-08, 1.087412E-02, -2.2228555E-01, 1.65431E-03
1.32381E-08, 1.825111E-02, -2.2586866E-01, 1.61215E-03
1.32443E-08, 2.510118E-02, -2.2934638E-01, 1.48569E-03
1.32506E-08, 3.195124E-02, -2.3292948E-01, 1.35923E-03
1.32568E-08, 3.827437E-02, -2.3619644E-01, 1.27492E-03
1.32631E-08, 4.512443E-02, -2.3967417E-01, 1.06415E-03
1.32693E-08, 4.933986E-02, -2.4294113E-01, 8.9553E-04
1.32756E-08, 5.566299E-02, -2.4641885E-01, 6.4260E-04
1.32818E-08, 5.935149E-02, -2.4947502E-01, 4.3183E-04
1.32881E-08, 6.462077E-02, -2.5284737E-01, 1.3675E-04
1.32943E-08, 6.725541E-02, -2.5590354E-01, -7.402E-05
1.33006E-08, 6.989004E-02, -2.5885433E-01, -2.8479E-04
1.33068E-08, 7.199775E-02, -2.6159436E-01, -5.7987E-04
1.33131E-08, 7.357854E-02, -2.6412362E-01, -8.7495E-04
1.33193E-08, 7.463240E-02, -2.6633671E-01, -1.08572E-03
1.33256E-08, 7.410547E-02, -2.6844442E-01, -1.33864E-03
1.33318E-08, 7.305162E-02, -2.7044675E-01, -1.46511E-03
1.33381E-08, 7.252468E-02, -2.7223831E-01, -1.63372E-03
1.33443E-08, 7.041697E-02, -2.7402985E-01, -1.84450E-03
1.33506E-08, 6.672848E-02, -2.7571604E-01, -1.97096E-03
1.33568E-08, 6.409384E-02, -2.7729681E-01, -2.09742E-03
1.33631E-08, 5.935149E-02, -2.7877221E-01, -2.09742E-03
1.33693E-08, 5.460914E-02, -2.8024760E-01, -2.05527E-03
1.33756E-08, 5.039372E-02, -2.8172302E-01, -2.09742E-03
1.33818E-08, 4.512443E-02, -2.8340918E-01, -1.97096E-03
1.33881E-08, 4.038208E-02, -2.8509533E-01, -1.97096E-03
1.33943E-08, 3.405895E-02, -2.8657076E-01, -1.80234E-03
1.34006E-08, 2.931660E-02, -2.8804615E-01, -1.67588E-03
1.34068E-08, 2.404732E-02, -2.8931078E-01, -1.50726E-03
1.34131E-08, 1.825111E-02, -2.9089156E-01, -1.33864E-03
1.34193E-08, 1.403569E-02, -2.9226157E-01, -1.12787E-03
1.34256E-08, 8.76641E-03, -2.9363158E-01, -8.7495E-04
1.34318E-08, 3.49713E-03, -2.9521236E-01, -6.6418E-04
1.34381E-08, -7.1829E-04, -2.9689854E-01, -4.1125E-04
1.34443E-08, -3.87986E-03, -2.9869008E-01, -7.402E-05
1.34506E-08, -7.04142E-03, -3.0037627E-01, 1.3675E-04
1.34568E-08, -9.14914E-03, -3.0248398E-01, 4.3183E-04
1.34631E-08, -1.125685E-02, -3.0427551E-01, 6.8476E-04
1.34693E-08, -1.283763E-02, -3.0659401E-01, 9.3768E-04
1.34756E-08, -1.283763E-02, -3.0922866E-01, 1.19061E-03
1.34818E-08, -1.441841E-02, -3.1186327E-01, 1.44353E-03
1.34881E-08, -1.389149E-02, -3.1491947E-01, 1.61215E-03
1.34943E-08, -1.336456E-02, -3.1776488E-01, 1.78077E-03
1.35006E-08, -1.178377E-02, -3.2092646E-01, 1.99154E-03
1.35068E-08, -1.125685E-02, -3.2408801E-01, 2.11800E-03
1.35131E-08, -1.020299E-02, -3.2703879E-01, 2.28662E-03
1.35193E-08, -8.09528E-03, -3.3030576E-01, 2.32877E-03
1.35256E-08, -5.98757E-03, -3.3346733E-01, 2.37093E-03
1.35318E-08, -4.40678E-03, -3.3641812E-01, 2.45524E-03
1.35381E-08, -1.24522E-03, -3.4000123E-01, 2.45524E-03
1.35443E-08, -1.9136E-04, -3.4305742E-01, 2.45524E-03
1.35506E-08, 1.91635E-03, -3.4674591E-01, 2.41308E-03
1.35568E-08, 2.44328E-03, -3.4990749E-01, 2.41308E-03
1.35631E-08, 4.02406E-03, -3.5349059E-01, 2.37093E-03
1.35693E-08, 5.07792E-03, -3.5696831E-01, 2.32877E-03
1.35756E-08, 5.07792E-03, -3.6034065E-01, 2.20231E-03
1.35818E-08, 5.07792E-03, -3.6392376E-01, 2.11800E-03
1.35881E-08, 5.07792E-03, -3.6771762E-01, 1.94939E-03
1.35943E-08, 3.49713E-03, -3.7130076E-01, 1.86508E-03
1.36006E-08, 1.91635E-03, -3.7456769E-01, 1.78077E-03
1.36068E-08, 3.3557E-04, -3.7783465E-01, 1.57000E-03
1.36131E-08, -1.77215E-03, -3.8099623E-01, 1.48569E-03
1.36193E-08, -4.93371E-03, -3.8384163E-01, 1.35923E-03
1.36256E-08, -7.04142E-03, -3.8658166E-01, 1.19061E-03
1.36318E-08, -1.125685E-02, -3.8921630E-01, 1.06415E-03
1.36381E-08, -1.547227E-02, -3.9195633E-01, 1.02199E-03
1.36443E-08, -1.916077E-02, -3.9448556E-01, 9.3768E-04
1.36506E-08, -2.284926E-02, -3.9659327E-01, 8.1122E-04
1.36568E-08, -2.759161E-02, -3.9901716E-01, 7.6907E-04
1.36631E-08, -3.128011E-02, -4.0123025E-01, 7.2691E-04
1.36693E-08, -3.496860E-02, -4.0344334E-01, 6.8476E-04
1.36756E-08, -4.023788E-02, -4.0576184E-01, 7.2691E-04
1.36818E-08, -4.287252E-02, -4.0776417E-01, 6.8476E-04
1.36881E-08, -4.603409E-02, -4.0987188E-01, 6.8476E-04
1.36943E-08, -4.972258E-02, -4.1176879E-01, 7.6907E-04
1.37006E-08, -5.288415E-02, -4.1356036E-01, 8.5338E-04
1.37068E-08, -5.499186E-02, -4.1524655E-01, 8.9553E-04
1.37131E-08, -5.551879E-02, -4.1672194E-01, 9.7984E-04
1.37193E-08, -5.709957E-02, -4.1819733E-01, 1.10630E-03
1.37256E-08, -5.868036E-02, -4.1946197E-01, 1.27492E-03
1.37318E-08, -5.868036E-02, -4.2062119E-01, 1.35923E-03
1.37381E-08, -5.868036E-02, -4.2188582E-01, 1.57000E-03
1.37443E-08, -5.709957E-02, -4.2315045E-01, 1.61215E-03
1.37506E-08, -5.657265E-02, -4.2441508E-01, 1.69646E-03
1.37568E-08, -5.499186E-02, -4.2557433E-01, 1.90723E-03
1.37631E-08, -5.183030E-02, -4.2683893E-01, 1.99154E-03
1.37693E-08, -4.972258E-02, -4.2810357E-01, 2.11800E-03
1.37756E-08, -4.761487E-02, -4.2947358E-01, 2.28662E-03
1.37818E-08, -4.339945E-02, -4.3073821E-01, 2.32877E-03
1.37881E-08, -4.023788E-02, -4.3210822E-01, 2.32877E-03
1.37943E-08, -3.760324E-02, -4.3337286E-01, 2.45524E-03
1.38006E-08, -3.286089E-02, -4.3505901E-01, 2.37093E-03
1.38068E-08, -2.917239E-02, -4.3632364E-01, 2.41308E-03
1.38131E-08, -2.548390E-02, -4.3748289E-01, 2.32877E-03
1.38193E-08, -2.232233E-02, -4.3864214E-01, 2.20231E-03
1.38256E-08, -1.863384E-02, -4.3980137E-01, 2.11800E-03
1.38318E-08, -1.441841E-02, -4.4106600E-01, 1.94939E-03
1.38381E-08, -1.231070E-02, -4.4201446E-01, 1.78077E-03
1.38443E-08, -7.56835E-03, -4.4327909E-01, 1.57000E-03
1.38506E-08, -4.93371E-03, -4.4443834E-01, 1.27492E-03
1.38568E-08, -2.82600E-03, -4.4559759E-01, 1.02199E-03
1.38631E-08, 3.3557E-04, -4.4675681E-01, 7.6907E-04
1.38693E-08, 1.38942E-03, -4.4781068E-01, 5.1614E-04
1.38756E-08, 2.97021E-03, -4.4918069E-01, 1.3675E-04
1.38818E-08, 5.60485E-03, -4.5033994E-01, -1.5833E-04
1.38881E-08, 5.60485E-03, -4.5139378E-01, -5.3771E-04
1.38943E-08, 6.13177E-03, -4.5255303E-01, -8.3279E-04
1.39006E-08, 8.23948E-03, -4.5360687E-01, -1.21218E-03
1.39068E-08, 7.71256E-03, -4.5444995E-01, -1.42295E-03
1.39131E-08, 7.71256E-03, -4.5529306E-01, -1.76019E-03
1.39193E-08, 7.71256E-03, -4.5581996E-01, -2.01311E-03
1.39256E-08, 7.71256E-03, -4.5645228E-01, -2.30819E-03
1.39318E-08, 7.18563E-03, -4.5687383E-01, -2.47681E-03
1.39381E-08, 7.18563E-03, -4.5750615E-01, -2.60327E-03
1.39443E-08, 6.13177E-03, -4.5792770E-01, -2.81404E-03
1.39506E-08, 6.65870E-03, -4.5855999E-01, -2.85620E-03
1.39568E-08, 6.13177E-03, -4.5908692E-01, -2.89835E-03
1.39631E-08, 6.65870E-03, -4.5971924E-01, -2.85620E-03
1.39693E-08, 5.60485E-03, -4.6003541E-01, -2.85620E-03
1.39756E-08, 5.60485E-03, -4.6066773E-01, -2.72973E-03
1.39818E-08, 5.60485E-03, -4.6130002E-01, -2.64543E-03
1.39881E-08, 6.13177E-03, -4.6182695E-01, -2.47681E-03
1.39943E-08, 6.13177E-03, -4.6256465E-01, -2.26604E-03
1.40006E-08, 6.65870E-03, -4.6330234E-01, -2.05527E-03
1.40068E-08, 8.23948E-03, -4.6393466E-01, -1.92880E-03
1.40131E-08, 8.76641E-03, -4.6467236E-01, -1.63372E-03
1.40193E-08, 9.82027E-03, -4.6530467E-01, -1.29649E-03
1.40256E-08, 1.087412E-02, -4.6593699E-01, -1.21218E-03
1.40318E-08, 1.192798E-02, -4.6635854E-01, -7.4849E-04
1.40381E-08, 1.298183E-02, -4.6720162E-01, -4.5341E-04
1.40443E-08, 1.508955E-02, -4.6804470E-01, -2.0048E-04
1.40506E-08, 1.719726E-02, -4.6899319E-01, 5.244E-05
1.40568E-08, 1.825111E-02, -4.7004703E-01, 3.8968E-04
1.40631E-08, 1.983190E-02, -4.7099552E-01, 5.5830E-04
1.40693E-08, 2.141268E-02, -4.7204936E-01, 7.6907E-04
1.40756E-08, 2.352039E-02, -4.7310323E-01, 1.02199E-03
1.40818E-08, 2.510118E-02, -4.7436783E-01, 1.14845E-03
1.40881E-08, 2.720889E-02, -4.7531632E-01, 1.31707E-03
1.40943E-08, 2.826274E-02, -4.7658095E-01, 1.48569E-03
1.41006E-08, 3.037046E-02, -4.7763479E-01, 1.61215E-03
1.41068E-08, 3.195124E-02, -4.7868866E-01, 1.73861E-03
1.41131E-08, 3.353202E-02, -4.7953174E-01, 1.78077E-03
1.41193E-08, 3.511281E-02, -4.8037481E-01, 1.90723E-03
1.41256E-08, 3.616666E-02, -4.8121789E-01, 1.82292E-03
1.41318E-08, 3.722052E-02, -4.8206100E-01, 1.94939E-03
1.41381E-08, 3.827437E-02, -4.8269331E-01, 1.94939E-03
1.41443E-08, 3.932823E-02, -4.8364177E-01, 1.94939E-03
1.41506E-08, 4.038208E-02, -4.8416871E-01, 1.90723E-03
1.41568E-08, 4.090901E-02, -4.8480102E-01, 1.94939E-03
1.41631E-08, 4.196287E-02, -4.8564410E-01, 2.03369E-03
1.41693E-08, 4.143594E-02, -4.8606563E-01, 2.11800E-03
1.41756E-08, 4.090901E-02, -4.8659256E-01, 2.11800E-03
1.41818E-08, 4.143594E-02, -4.8711950E-01, 2.11800E-03
1.41881E-08, 4.248980E-02, -4.8754105E-01, 2.16016E-03
1.41943E-08, 4.038208E-02, -4.8817334E-01, 2.28662E-03
1.42006E-08, 4.038208E-02, -4.8870027E-01, 2.24446E-03
1.42068E-08, 3.985516E-02, -4.8891106E-01, 2.45524E-03
1.42131E-08, 3.880130E-02, -4.8922721E-01, 2.53954E-03
1.42193E-08, 3.774745E-02, -4.8943797E-01, 2.58170E-03
1.42256E-08, 3.616666E-02, -4.8975414E-01, 2.66601E-03
1.42318E-08, 3.458588E-02, -4.8996490E-01, 2.75032E-03
1.42381E-08, 3.247816E-02, -4.9028108E-01, 2.87678E-03
1.42443E-08, 3.089738E-02, -4.9049184E-01, 2.87678E-03
1.42506E-08, 2.878967E-02, -4.9080798E-01, 2.87678E-03
1.42568E-08, 2.720889E-02, -4.9101877E-01, 2.96109E-03
1.42631E-08, 2.404732E-02, -4.9154568E-01, 2.91893E-03
1.42693E-08, 2.246654E-02, -4.9165109E-01, 2.91893E-03
1.42756E-08, 1.772419E-02, -4.9207261E-01, 2.87678E-03
1.42818E-08, 1.667033E-02, -4.9238878E-01, 2.79247E-03
1.42881E-08, 1.403569E-02, -4.9259955E-01, 2.58170E-03
1.42943E-08, 1.087412E-02, -4.9291569E-01, 2.49739E-03
1.43006E-08, 8.23948E-03, -4.9302110E-01, 2.24446E-03
1.43068E-08, 5.07792E-03, -4.9312648E-01, 2.03369E-03
1.43131E-08, 1.91635E-03, -4.9312648E-01, 1.78077E-03
1.43193E-08, -1.9136E-04, -4.9323186E-01, 1.48569E-03
1.43256E-08, -1.77215E-03, -4.9291569E-01, 1.19061E-03
1.43318E-08, -4.93371E-03, -4.9259955E-01, 8.9553E-04
1.43381E-08, -7.04142E-03, -4.9238878E-01, 6.0045E-04
1.43443E-08, -8.62221E-03, -4.9207261E-01, 2.6322E-04
1.43506E-08, -1.125685E-02, -4.9165109E-01, -1.1617E-04
1.43568E-08, -1.231070E-02, -4.9101877E-01, -3.6910E-04
1.43631E-08, -1.441841E-02, -4.9028108E-01, -6.6418E-04
1.43693E-08, -1.599920E-02, -4.8954335E-01, -9.1710E-04
1.43756E-08, -1.599920E-02, -4.8859489E-01, -1.12787E-03
1.43818E-08, -1.757998E-02, -4.8754105E-01, -1.33864E-03
1.43881E-08, -1.705305E-02, -4.8638180E-01, -1.50726E-03
1.43943E-08, -1.810691E-02, -4.8522255E-01, -1.50726E-03
1.44006E-08, -1.810691E-02, -4.8385254E-01, -1.54942E-03
1.44068E-08, -1.863384E-02, -4.8248252E-01, -1.63372E-03
1.44131E-08, -1.810691E-02, -4.8121789E-01, -1.54942E-03
1.44193E-08, -1.810691E-02, -4.7942635E-01, -1.38080E-03
1.44256E-08, -1.810691E-02, -4.7805634E-01, -1.17003E-03
1.44318E-08, -1.705305E-02, -4.7647554E-01, -9.1710E-04
1.44381E-08, -1.705305E-02, -4.7489476E-01, -6.2202E-04
1.44443E-08, -1.705305E-02, -4.7341937E-01, -2.4263E-04
1.44506E-08, -1.599920E-02, -4.7183859E-01, 1.7891E-04
1.44568E-08, -1.652613E-02, -4.7067934E-01, 6.4260E-04
1.44631E-08, -1.705305E-02, -4.6899319E-01, 1.06415E-03
1.44693E-08, -1.652613E-02, -4.6793932E-01, 1.57000E-03
1.44756E-08, -1.757998E-02, -4.6656930E-01, 2.07585E-03
1.44818E-08, -1.810691E-02, -4.6541005E-01, 2.53954E-03
1.44881E-08, -1.916077E-02, -4.6435621E-01, 3.00324E-03
1.44943E-08, -2.126848E-02, -4.6330234E-01, 3.50909E-03
1.45006E-08, -2.390312E-02, -4.6245927E-01, 3.88848E-03
1.45068E-08, -2.495697E-02, -4.6182695E-01, 4.26787E-03
1.45131E-08, -2.706468E-02, -4.6119463E-01, 4.52079E-03
1.45193E-08, -2.969932E-02, -4.6077311E-01, 4.90018E-03
1.45256E-08, -3.338782E-02, -4.6056232E-01, 4.98449E-03
1.45318E-08, -3.760324E-02, -4.6035156E-01, 5.23741E-03
1.45381E-08, -4.129174E-02, -4.6035156E-01, 5.19526E-03
1.45443E-08, -4.498023E-02, -4.6056232E-01, 5.19526E-03
1.45506E-08, -4.919565E-02, -4.6077311E-01, 5.06880E-03
1.45568E-08, -5.341108E-02, -4.6087849E-01, 4.94234E-03
1.45631E-08, -5.815343E-02, -4.6140543E-01, 4.68941E-03
1.45693E-08, -6.342271E-02, -4.6203774E-01, 4.35218E-03
1.45756E-08, -6.763813E-02, -4.6256465E-01, 4.05710E-03
1.45818E-08, -7.238048E-02, -4.6288082E-01, 3.59340E-03
1.45881E-08, -7.501512E-02, -4.6319696E-01, 3.17186E-03
1.45943E-08, -7.975747E-02, -4.6382928E-01, 2.62385E-03
1.46006E-08, -8.239211E-02, -4.6425083E-01, 2.03369E-03
1.46068E-08, -8.555368E-02, -4.6467236E-01, 1.57000E-03
1.46131E-08, -8.871525E-02, -4.6509391E-01, 9.7984E-04
1.46193E-08, -9.029603E-02, -4.6530467E-01, 4.7399E-04
1.46256E-08, -9.187681E-02, -4.6572623E-01, -3.186E-05
1.46318E-08, -9.345759E-02, -4.6583161E-01, -4.5341E-04
1.46381E-08, -9.451145E-02, -4.6614775E-01, -9.1710E-04
1.46443E-08, -9.398452E-02, -4.6625316E-01, -1.21218E-03
1.46506E-08, -9.187681E-02, -4.6604237E-01, -1.54942E-03
1.46568E-08, -9.134988E-02, -4.6604237E-01, -1.80234E-03
1.46631E-08, -8.766139E-02, -4.6562085E-01, -2.05527E-03
1.46693E-08, -8.608060E-02, -4.6541005E-01, -2.05527E-03
1.46756E-08, -8.239211E-02, -4.6467236E-01, -2.13958E-03
1.46818E-08, -7.870361E-02, -4.6372390E-01, -2.05527E-03
1.46881E-08, -7.396127E-02, -4.6277544E-01, -1.92880E-03
1.46943E-08, -7.027277E-02, -4.6172157E-01, -1.63372E-03
1.47006E-08, -6.500349E-02, -4.6045694E-01, -1.38080E-03
1.47068E-08, -5.973421E-02, -4.5929772E-01, -1.04357E-03
1.47131E-08, -5.393801E-02, -4.5803308E-01, -6.2202E-04
1.47193E-08, -4.919565E-02, -4.5634690E-01, -1.5833E-04
1.47256E-08, -4.498023E-02, -4.5487151E-01, 3.0537E-04
1.47318E-08, -3.918403E-02, -4.5329073E-01, 8.1122E-04
1.47381E-08, -3.549553E-02, -4.5170996E-01, 1.35923E-03
1.47443E-08, -3.128011E-02, -4.5012915E-01, 1.90723E-03
1.47506E-08, -2.653776E-02, -4.4833761E-01, 2.49739E-03
1.47568E-08, -2.232233E-02, -4.4665143E-01, 2.96109E-03
1.47631E-08, -1.968769E-02, -4.4517604E-01, 3.50909E-03
1.47693E-08, -1.757998E-02, -4.4338447E-01, 3.97279E-03
1.47756E-08, -1.547227E-02, -4.4180369E-01, 4.47864E-03
1.47818E-08, -1.336456E-02, -4.4001216E-01, 4.73156E-03
1.47881E-08, -1.178377E-02, -4.3822059E-01, 5.02664E-03
1.47943E-08, -1.283763E-02, -4.3663982E-01, 5.27957E-03
1.48006E-08, -1.231070E-02, -4.3516439E-01, 5.44819E-03
1.48068E-08, -1.336456E-02, -4.3368900E-01, 5.57465E-03
1.48131E-08, -1.389149E-02, -4.3231899E-01, 5.61680E-03
1.48193E-08, -1.494534E-02, -4.3105435E-01, 5.53249E-03
1.48256E-08, -1.757998E-02, -4.3010589E-01, 5.44819E-03
1.48318E-08, -1.916077E-02, -4.2915744E-01, 5.27957E-03
1.48381E-08, -2.074155E-02, -4.2810357E-01, 5.06880E-03
1.48443E-08, -2.337619E-02, -4.2757663E-01, 4.64726E-03
1.48506E-08, -2.443004E-02, -4.2694435E-01, 4.31002E-03
1.48568E-08, -2.759161E-02, -4.2641741E-01, 3.93063E-03
1.48631E-08, -2.811854E-02, -4.2589048E-01, 3.46694E-03
1.48693E-08, -3.022625E-02, -4.2546892E-01, 2.96109E-03
1.48756E-08, -3.128011E-02, -4.2515278E-01, 2.45524E-03
1.48818E-08, -3.233396E-02, -4.2462584E-01, 1.99154E-03
1.48881E-08, -3.128011E-02, -4.2420432E-01, 1.48569E-03
1.48943E-08, -3.180704E-02, -4.2378277E-01, 9.7984E-04
1.49006E-08, -3.075318E-02, -4.2315045E-01, 4.7399E-04
1.49068E-08, -2.917239E-02, -4.2293969E-01, 5.244E-05
1.49131E-08, -2.653776E-02, -4.2262352E-01, -4.1125E-04
1.49193E-08, -2.390312E-02, -4.2251813E-01, -8.3279E-04
1.49256E-08, -2.126848E-02, -4.2199120E-01, -1.17003E-03
1.49318E-08, -1.810691E-02, -4.2167506E-01, -1.50726E-03
1.49381E-08, -1.441841E-02, -4.2125350E-01, -1.71803E-03
1.49443E-08, -9.67606E-03, -4.2072657E-01, -1.97096E-03
1.49506E-08, -5.46064E-03, -4.2019966E-01, -2.09742E-03
1.49568E-08, -7.1829E-04, -4.1956735E-01, -2.18173E-03
1.49631E-08, 4.02406E-03, -4.1872427E-01, -2.22388E-03
1.49693E-08, 8.76641E-03, -4.1798657E-01, -2.13958E-03
1.49756E-08, 1.298183E-02, -4.1672194E-01, -2.09742E-03
1.49818E-08, 1.667033E-02, -4.1545731E-01, -1.92880E-03
1.49881E-08, 2.193961E-02, -4.1387653E-01, -1.88665E-03
1.49943E-08, 2.404732E-02, -4.1250652E-01, -1.59157E-03
1.50006E-08, 2.773582E-02, -4.1092572E-01, -1.33864E-03
1.50068E-08, 3.037046E-02, -4.0913418E-01, -1.08572E-03
1.50131E-08, 3.142431E-02, -4.0723723E-01, -8.3279E-04
1.50193E-08, 3.300510E-02, -4.0555105E-01, -5.3771E-04
1.50256E-08, 3.247816E-02, -4.0365413E-01, -2.4263E-04
1.50318E-08, 3.300510E-02, -4.0154642E-01, 5.244E-05
1.50381E-08, 3.195124E-02, -3.9954409E-01, 3.8968E-04
1.50443E-08, 2.878967E-02, -3.9775252E-01, 7.2691E-04
1.50506E-08, 2.720889E-02, -3.9532867E-01, 9.7984E-04
1.50568E-08, 2.246654E-02, -3.9332634E-01, 1.27492E-03
1.50631E-08, 1.983190E-02, -3.9132401E-01, 1.52784E-03
1.50693E-08, 1.561647E-02, -3.8890013E-01, 1.86508E-03
1.50756E-08, 9.82027E-03, -3.8647628E-01, 2.03369E-03
1.50818E-08, 4.55099E-03, -3.8394701E-01, 2.32877E-03
1.50881E-08, 3.3557E-04, -3.8131237E-01, 2.45524E-03
1.50943E-08, -5.98757E-03, -3.7857234E-01, 2.58170E-03
1.51006E-08, -1.231070E-02, -3.7635925E-01, 2.66601E-03
1.51068E-08, -1.705305E-02, -3.7372461E-01, 2.83462E-03
1.51131E-08, -2.284926E-02, -3.7130076E-01, 2.87678E-03
1.51193E-08, -2.811854E-02, -3.6877149E-01, 3.08755E-03
1.51256E-08, -3.286089E-02, -3.6624223E-01, 3.08755E-03
1.51318E-08, -3.707631E-02, -3.6392376E-01, 3.21401E-03
1.51381E-08, -4.181866E-02, -3.6171067E-01, 3.21401E-03
1.51443E-08, -4.498023E-02, -3.5907602E-01, 3.29832E-03
1.51506E-08, -4.656101E-02, -3.5675755E-01, 3.34047E-03
1.51568E-08, -4.972258E-02, -3.5433367E-01, 3.38263E-03
1.51631E-08, -5.130336E-02, -3.5201520E-01, 3.46694E-03
1.51693E-08, -5.288415E-02, -3.4948593E-01, 3.55125E-03
1.51756E-08, -5.235722E-02, -3.4664053E-01, 3.59340E-03
1.51818E-08, -5.288415E-02, -3.4411126E-01, 3.71986E-03
1.51881E-08, -5.130336E-02, -3.4116048E-01, 3.76202E-03
1.51943E-08, -5.024951E-02, -3.3810428E-01, 3.93063E-03
1.52006E-08, -4.919565E-02, -3.3536428E-01, 4.01494E-03
1.52068E-08, -4.761487E-02, -3.3241346E-01, 4.22571E-03
1.52131E-08, -4.445330E-02, -3.2956806E-01, 4.26787E-03
1.52193E-08, -4.287252E-02, -3.2693341E-01, 4.43648E-03
1.52256E-08, -3.918403E-02, -3.2419339E-01, 4.47864E-03
1.52318E-08, -3.602246E-02, -3.2124260E-01, 4.68941E-03
1.52381E-08, -3.444167E-02, -3.1839719E-01, 4.81587E-03
1.52443E-08, -3.128011E-02, -3.1565717E-01, 4.98449E-03
1.52506E-08, -2.969932E-02, -3.1270638E-01, 5.02664E-03
1.52568E-08, -2.706468E-02, -3.0975556E-01, 5.11095E-03
1.52631E-08, -2.601083E-02, -3.0691016E-01, 5.15311E-03
1.52693E-08, -2.495697E-02, -3.0395937E-01, 5.19526E-03
1.52756E-08, -2.443004E-02, -3.0100858E-01, 5.15311E-03
1.52818E-08, -2.337619E-02, -2.9805776E-01, 5.15311E-03
1.52881E-08, -2.284926E-02, -2.9510698E-01, 5.02664E-03
1.52943E-08, -2.495697E-02, -2.9215619E-01, 4.98449E-03
1.53006E-08, -2.601083E-02, -2.8941616E-01, 4.77372E-03
1.53068E-08, -2.653776E-02, -2.8688690E-01, 4.68941E-03
1.53131E-08, -2.864547E-02, -2.8435764E-01, 4.39433E-03
1.53193E-08, -3.075318E-02, -2.8203917E-01, 4.18356E-03
1.53256E-08, -3.286089E-02, -2.7982607E-01, 3.80417E-03
1.53318E-08, -3.496860E-02, -2.7792913E-01, 3.59340E-03
1.53381E-08, -3.760324E-02, -2.7582142E-01, 3.12970E-03
1.53443E-08, -4.076481E-02, -2.7424064E-01, 2.79247E-03
1.53506E-08, -4.392638E-02, -2.7255446E-01, 2.45524E-03
1.53568E-08, -4.603409E-02, -2.7107906E-01, 2.03369E-03
1.53631E-08, -4.814180E-02, -2.6960367E-01, 1.69646E-03
1.53693E-08, -5.130336E-02, -2.6812828E-01, 1.35923E-03
1.53756E-08, -5.288415E-02, -2.6686364E-01, 9.3768E-04
1.53818E-08, -5.499186E-02, -2.6559901E-01, 6.4260E-04
1.53881E-08, -5.657265E-02, -2.6422900E-01, 1.7891E-04
1.53943E-08, -5.815343E-02, -2.6317516E-01, -3.186E-05
1.54006E-08, -5.920728E-02, -2.6212129E-01, -2.8479E-04
1.54068E-08, -5.762650E-02, -2.6148897E-01, -6.2202E-04
1.54131E-08, -5.762650E-02, -2.6054052E-01, -8.3279E-04
1.54193E-08, -5.762650E-02, -2.5990820E-01, -1.00141E-03
1.54256E-08, -5.499186E-02, -2.5927588E-01, -1.21218E-03
1.54318E-08, -5.341108E-02, -2.5864357E-01, -1.25434E-03
1.54381E-08, -5.183030E-02, -2.5801125E-01, -1.33864E-03
1.54443E-08, -4.866873E-02, -2.5716817E-01, -1.33864E-03
1.54506E-08, -4.550716E-02, -2.5643048E-01, -1.38080E-03
1.54568E-08, -4.234559E-02, -2.5537661E-01, -1.29649E-03
1.54631E-08, -3.707631E-02, -2.5442815E-01, -1.25434E-03
1.54693E-08, -3.391474E-02, -2.5358507E-01, -1.12787E-03
1.54756E-08, -2.969932E-02, -2.5189888E-01, -1.00141E-03
1.54818E-08, -2.548390E-02, -2.5063425E-01, -9.1710E-04
1.54881E-08, -2.074155E-02, -2.4873732E-01, -8.7495E-04
1.54943E-08, -1.757998E-02, -2.4694577E-01, -6.6418E-04
1.55006E-08, -1.283763E-02, -2.4483806E-01, -5.7987E-04
1.55068E-08, -8.62221E-03, -2.4283573E-01, -5.3771E-04
1.55131E-08, -5.98757E-03, -2.4062264E-01, -4.9556E-04
1.55193E-08, -2.82600E-03, -2.3830415E-01, -4.9556E-04
1.55256E-08, 8.6249E-04, -2.3588029E-01, -4.1125E-04
1.55318E-08, 2.97021E-03, -2.3335104E-01, -4.5341E-04
1.55381E-08, 4.55099E-03, -2.3071639E-01, -4.9556E-04
1.55443E-08, 6.65870E-03, -2.2797637E-01, -5.3771E-04
1.55506E-08, 7.18563E-03, -2.2513096E-01, -7.0633E-04
1.55568E-08, 7.18563E-03, -2.2196940E-01, -8.3279E-04
1.55631E-08, 8.76641E-03, -2.1880782E-01, -1.08572E-03
1.55693E-08, 8.23948E-03, -2.1564625E-01, -1.33864E-03
1.55756E-08, 6.65870E-03, -2.1227391E-01, -1.54942E-03
1.55818E-08, 5.60485E-03, -2.0900697E-01, -1.71803E-03
1.55881E-08, 4.55099E-03, -2.0552924E-01, -2.05527E-03
1.55943E-08, 1.38942E-03, -2.0194612E-01, -2.35035E-03
1.56006E-08, 3.3557E-04, -1.9867918E-01, -2.60327E-03
1.56068E-08, -2.29907E-03, -1.9541222E-01, -2.94051E-03
1.56131E-08, -4.93371E-03, -1.9246143E-01, -3.19343E-03
1.56193E-08, -7.56835E-03, -1.8940525E-01, -3.40420E-03
1.56256E-08, -1.020299E-02, -1.8677060E-01, -3.65713E-03
1.56318E-08, -1.336456E-02, -1.8413597E-01, -3.82574E-03
1.56381E-08, -1.705305E-02, -1.8160671E-01, -3.86790E-03
1.56443E-08, -1.863384E-02, -1.7928824E-01, -4.03652E-03
1.56506E-08, -2.074155E-02, -1.7686437E-01, -4.12082E-03
1.56568E-08, -2.284926E-02, -1.7486204E-01, -4.07867E-03
1.56631E-08, -2.390312E-02, -1.7296509E-01, -4.07867E-03
1.56693E-08, -2.601083E-02, -1.7127892E-01, -3.95221E-03
1.56756E-08, -2.653776E-02, -1.6948737E-01, -3.78359E-03
1.56818E-08, -2.759161E-02, -1.6780120E-01, -3.57282E-03
1.56881E-08, -2.653776E-02, -1.6643119E-01, -3.36205E-03
1.56943E-08, -2.759161E-02, -1.6495579E-01, -2.98266E-03
1.57006E-08, -2.706468E-02, -1.6379656E-01, -2.56112E-03
1.57068E-08, -2.495697E-02, -1.6284809E-01, -2.22388E-03
1.57131E-08, -2.337619E-02, -1.6179423E-01, -1.80234E-03
1.57193E-08, -2.284926E-02, -1.6105653E-01, -1.29649E-03
1.57256E-08, -2.074155E-02, -1.6042422E-01, -8.3279E-04
1.57318E-08, -1.916077E-02, -1.5968652E-01, -2.8479E-04
1.57381E-08, -1.599920E-02, -1.5926497E-01, 2.6322E-04
1.57443E-08, -1.441841E-02, -1.5852727E-01, 7.2691E-04
1.57506E-08, -1.178377E-02, -1.5768419E-01, 1.23276E-03
1.57568E-08, -9.67606E-03, -1.5694650E-01, 1.86508E-03
1.57631E-08, -7.56835E-03, -1.5620880E-01, 2.24446E-03
1.57693E-08, -5.98757E-03, -1.5526032E-01, 2.70816E-03
1.57756E-08, -4.40678E-03, -1.5410107E-01, 3.21401E-03
1.57818E-08, -3.35293E-03, -1.5283646E-01, 3.59340E-03
1.57881E-08, -2.82600E-03, -1.5136105E-01, 3.84633E-03
1.57943E-08, -2.29907E-03, -1.4988565E-01, 4.18356E-03
1.58006E-08, -2.29907E-03, -1.4830488E-01, 4.39433E-03
1.58068E-08, -2.82600E-03, -1.4693487E-01, 4.60510E-03
1.58131E-08, -4.40678E-03, -1.4514330E-01, 4.77372E-03
1.58193E-08, -5.98757E-03, -1.4356253E-01, 4.90018E-03
1.58256E-08, -8.62221E-03, -1.4177097E-01, 4.81587E-03
1.58318E-08, -1.072992E-02, -1.4019018E-01, 4.81587E-03
1.58381E-08, -1.494534E-02, -1.3839863E-01, 4.73156E-03
1.58443E-08, -1.810691E-02, -1.3650168E-01, 4.64726E-03
1.58506E-08, -2.179541E-02, -1.3460475E-01, 4.47864E-03
1.58568E-08, -2.653776E-02, -1.3270780E-01, 4.26787E-03
1.58631E-08, -3.180704E-02, -1.3081087E-01, 3.97279E-03
1.58693E-08, -3.654939E-02, -1.2880854E-01, 3.71986E-03
1.58756E-08, -4.234559E-02, -1.2680621E-01, 3.42478E-03
1.58818E-08, -4.761487E-02, -1.2512004E-01, 3.21401E-03
1.58881E-08, -5.130336E-02, -1.2311772E-01, 2.79247E-03
1.58943E-08, -5.709957E-02, -1.2164232E-01, 2.45524E-03
1.59006E-08, -6.184192E-02, -1.1995615E-01, 2.07585E-03
1.59068E-08, -6.553042E-02, -1.1858615E-01, 1.73861E-03
1.59131E-08, -6.974584E-02, -1.1742690E-01, 1.35923E-03
1.59193E-08, -7.290741E-02, -1.1637305E-01, 1.06415E-03
1.59256E-08, -7.501512E-02, -1.1552996E-01, 6.4260E-04
1.59318E-08, -7.659590E-02, -1.1479226E-01, 4.3183E-04
1.59381E-08, -7.870361E-02, -1.1405456E-01, 9.460E-05
1.59443E-08, -7.870361E-02, -1.1352763E-01, -2.4263E-04
1.59506E-08, -7.817668E-02, -1.1310609E-01, -5.7987E-04
1.59568E-08, -7.659590E-02, -1.1257917E-01, -8.3279E-04
1.59631E-08, -7.448819E-02, -1.1226301E-01, -1.12787E-03
1.59693E-08, -7.238048E-02, -1.1205224E-01, -1.33864E-03
1.59756E-08, -6.869198E-02, -1.1173608E-01, -1.46511E-03
1.59818E-08, -6.394964E-02, -1.1131454E-01, -1.59157E-03
1.59881E-08, -5.920728E-02, -1.1089300E-01, -1.84450E-03
1.59943E-08, -5.446493E-02, -1.1047145E-01, -1.92880E-03
1.60006E-08, -4.972258E-02, -1.1015530E-01, -2.05527E-03
1.60068E-08, -4.339945E-02, -1.0973375E-01, -2.13958E-03
1.60131E-08, -3.654939E-02, -1.0931221E-01, -2.26604E-03
1.60193E-08, -2.917239E-02, -1.0878529E-01, -2.22388E-03
1.60256E-08, -2.337619E-02, -1.0825835E-01, -2.30819E-03
1.60318E-08, -1.757998E-02, -1.0773142E-01, -2.22388E-03
1.60381E-08, -1.178377E-02, -1.0688835E-01, -2.18173E-03
1.60443E-08, -7.04142E-03, -1.0604526E-01, -2.18173E-03
1.60506E-08, -1.77215E-03, -1.0509679E-01, -2.13958E-03
1.60568E-08, 2.97021E-03, -1.0404293E-01, -2.05527E-03
1.60631E-08, 6.13177E-03, -1.0277831E-01, -1.92880E-03
1.60693E-08, 9.29334E-03, -1.0140830E-01, -1.88665E-03
1.60756E-08, 1.034720E-02, -1.0003828E-01, -1.67588E-03
1.60818E-08, 1.192798E-02, -9.835211E-02, -1.54942E-03
1.60881E-08, 1.192798E-02, -9.666594E-02, -1.42295E-03
1.60943E-08, 9.29334E-03, -9.497977E-02, -1.12787E-03
1.61006E-08, 8.76641E-03, -9.329361E-02, -9.5926E-04
1.61068E-08, 5.07792E-03, -9.171282E-02, -8.3279E-04
1.61131E-08, 1.38942E-03, -9.002665E-02, -6.6418E-04
1.61193E-08, -2.82600E-03, -8.834048E-02, -3.6910E-04
1.61256E-08, -8.62221E-03, -8.697047E-02, -1.5833E-04
1.61318E-08, -1.441841E-02, -8.570584E-02, 9.460E-05
1.61381E-08, -2.074155E-02, -8.433583E-02, 3.0537E-04
1.61443E-08, -2.811854E-02, -8.307120E-02, 4.7399E-04
1.61506E-08, -3.496860E-02, -8.191196E-02, 6.8476E-04
1.61568E-08, -4.287252E-02, -8.075272E-02, 9.7984E-04
1.61631E-08, -5.024951E-02, -7.980425E-02, 1.14845E-03
1.61693E-08, -5.920728E-02, -7.906655E-02, 1.31707E-03
1.61756E-08, -6.658427E-02, -7.832886E-02, 1.44353E-03
1.61818E-08, -7.343434E-02, -7.759115E-02, 1.65431E-03
1.61881E-08, -8.028440E-02, -7.685345E-02, 1.78077E-03
1.61943E-08, -8.660753E-02, -7.664268E-02, 1.94939E-03
1.62006E-08, -9.293067E-02, -7.643192E-02, 2.03369E-03
1.62068E-08, -9.767302E-02, -7.632653E-02, 2.20231E-03
1.62131E-08, -1.0188844E-01, -7.622114E-02, 2.16016E-03
1.62193E-08, -1.0663079E-01, -7.643192E-02, 2.28662E-03
1.62256E-08, -1.0873850E-01, -7.664268E-02, 2.20231E-03
1.62318E-08, -1.1084621E-01, -7.706422E-02, 2.37093E-03
1.62381E-08, -1.1190007E-01, -7.727499E-02, 2.37093E-03
1.62443E-08, -1.1190007E-01, -7.801270E-02, 2.28662E-03
1.62506E-08, -1.1031929E-01, -7.832886E-02, 2.24446E-03
1.62568E-08, -1.0926543E-01, -7.885578E-02, 2.32877E-03
1.62631E-08, -1.0663079E-01, -7.927732E-02, 2.24446E-03
1.62693E-08, -1.0294230E-01, -7.969887E-02, 2.20231E-03
1.62756E-08, -1.0030766E-01, -8.022580E-02, 2.16016E-03
1.62818E-08, -9.556530E-02, -8.075272E-02, 2.11800E-03
1.62881E-08, -9.029603E-02, -8.085810E-02, 2.07585E-03
1.62943E-08, -8.660753E-02, -8.127965E-02, 2.07585E-03
1.63006E-08, -8.081133E-02, -8.159581E-02, 2.03369E-03
1.63068E-08, -7.448819E-02, -8.191196E-02, 1.94939E-03
1.63131E-08, -6.869198E-02, -8.201735E-02, 1.94939E-03
1.63193E-08, -6.342271E-02, -8.222812E-02, 1.86508E-03
1.63256E-08, -5.762650E-02, -8.243889E-02, 1.94939E-03
1.63318E-08, -5.183030E-02, -8.264966E-02, 1.90723E-03
1.63381E-08, -4.761487E-02, -8.254427E-02, 1.86508E-03
1.63443E-08, -4.287252E-02, -8.254427E-02, 1.90723E-03
1.63506E-08, -3.813017E-02, -8.233351E-02, 1.86508E-03
1.63568E-08, -3.391474E-02, -8.212274E-02, 1.82292E-03
1.63631E-08, -3.128011E-02, -8.180658E-02, 1.82292E-03
1.63693E-08, -2.811854E-02, -8.127965E-02, 1.86508E-03
1.63756E-08, -2.548390E-02, -8.064733E-02, 1.82292E-03
1.63818E-08, -2.390312E-02, -7.990964E-02, 1.86508E-03
1.63881E-08, -2.179541E-02, -7.885578E-02, 1.73861E-03
1.63943E-08, -2.126848E-02, -7.832886E-02, 1.73861E-03
1.64006E-08, -1.968769E-02, -7.706422E-02, 1.65431E-03
1.64068E-08, -1.916077E-02, -7.601037E-02, 1.61215E-03
1.64131E-08, -1.968769E-02, -7.495651E-02, 1.52784E-03
1.64193E-08, -2.074155E-02, -7.379727E-02, 1.44353E-03
1.64256E-08, -1.968769E-02, -7.263803E-02, 1.35923E-03
1.64318E-08, -2.074155E-02, -7.158417E-02, 1.23276E-03
1.64381E-08, -2.232233E-02, -7.021416E-02, 1.02199E-03
1.64443E-08, -2.232233E-02, -6.894954E-02, 8.5338E-04
1.64506E-08, -2.390312E-02, -6.768491E-02, 6.4260E-04
1.64568E-08, -2.390312E-02, -6.620951E-02, 5.5830E-04
1.64631E-08, -2.443004E-02, -6.473412E-02, 3.0537E-04
1.64693E-08, -2.548390E-02, -6.346948E-02, 9.460E-05
1.64756E-08, -2.601083E-02, -6.220486E-02, -1.1617E-04
1.64818E-08, -2.653776E-02, -6.083485E-02, -2.8479E-04
1.64881E-08, -2.653776E-02, -5.935945E-02, -5.7987E-04
1.64943E-08, -2.653776E-02, -5.820021E-02, -8.3279E-04
1.65006E-08, -2.601083E-02, -5.714635E-02, -1.00141E-03
1.65068E-08, -2.495697E-02, -5.598711E-02, -1.21218E-03
1.65131E-08, -2.495697E-02, -5.503864E-02, -1.46511E-03
1.65193E-08, -2.337619E-02, -5.430094E-02, -1.59157E-03
1.65256E-08, -2.126848E-02, -5.366863E-02, -1.76019E-03
1.65318E-08, -2.021462E-02, -5.293093E-02, -1.92880E-03
1.65381E-08, -1.968769E-02, -5.250939E-02, -2.01311E-03
1.65443E-08, -1.863384E-02, -5.229862E-02, -2.13958E-03
1.65506E-08, -1.599920E-02, -5.219323E-02, -2.26604E-03
1.65568E-08, -1.547227E-02, -5.198246E-02, -2.30819E-03
1.65631E-08, -1.336456E-02, -5.187707E-02, -2.39250E-03
1.65693E-08, -1.125685E-02, -5.219323E-02, -2.39250E-03
1.65756E-08, -1.125685E-02, -5.229862E-02, -2.43465E-03
1.65818E-08, -8.62221E-03, -5.261477E-02, -2.30819E-03
1.65881E-08, -6.51450E-03, -5.314170E-02, -2.30819E-03
1.65943E-08, -5.98757E-03, -5.366863E-02, -2.22388E-03
1.66006E-08, -5.46064E-03, -5.409017E-02, -2.18173E-03
1.66068E-08, -4.93371E-03, -5.451171E-02, -2.05527E-03
1.66131E-08, -3.35293E-03, -5.535480E-02, -1.92880E-03
1.66193E-08, -2.29907E-03, -5.567095E-02, -1.76019E-03
1.66256E-08, -2.82600E-03, -5.651404E-02, -1.63372E-03
1.66318E-08, -1.77215E-03, -5.725174E-02, -1.46511E-03
1.66381E-08, -2.29907E-03, -5.777866E-02, -1.33864E-03
1.66443E-08, -2.82600E-03, -5.809482E-02, -1.17003E-03
1.66506E-08, -2.29907E-03, -5.872713E-02, -1.12787E-03
1.66568E-08, -3.35293E-03, -5.893791E-02, -9.1710E-04
1.66631E-08, -4.40678E-03, -5.914868E-02, -7.9064E-04
1.66693E-08, -5.46064E-03, -5.925407E-02, -7.0633E-04
1.66756E-08, -5.46064E-03, -5.914868E-02, -5.7987E-04
1.66818E-08, -6.51450E-03, -5.893791E-02, -4.1125E-04
1.66881E-08, -8.62221E-03, -5.851636E-02, -4.5341E-04
1.66943E-08, -9.14914E-03, -5.830560E-02, -2.4263E-04
1.67006E-08, -1.125685E-02, -5.746251E-02, -2.4263E-04
1.67068E-08, -1.178377E-02, -5.683019E-02, -1.5833E-04
1.67131E-08, -1.441841E-02, -5.598711E-02, -1.5833E-04
1.67193E-08, -1.547227E-02, -5.514403E-02, -7.402E-05
1.67256E-08, -1.757998E-02, -5.387940E-02, -3.186E-05
1.67318E-08, -1.863384E-02, -5.314170E-02, 9.460E-05
1.67381E-08, -2.126848E-02, -5.198246E-02, 5.244E-05
1.67443E-08, -2.337619E-02, -5.071783E-02, 1.3675E-04
1.67506E-08, -2.495697E-02, -4.924243E-02, 9.460E-05
1.67568E-08, -2.759161E-02, -4.818858E-02, 1.7891E-04
1.67631E-08, -3.075318E-02, -4.681857E-02, 2.6322E-04
1.67693E-08, -3.286089E-02, -4.555394E-02, 3.0537E-04
1.67756E-08, -3.602246E-02, -4.418392E-02, 3.8968E-04
1.67818E-08, -3.865710E-02, -4.281392E-02, 3.8968E-04
1.67881E-08, -4.076481E-02, -4.154929E-02, 4.7399E-04
1.67943E-08, -4.445330E-02, -4.049543E-02, 5.5830E-04
1.68006E-08, -4.656101E-02, -3.944157E-02, 6.0045E-04
1.68068E-08, -5.024951E-02, -3.828233E-02, 7.2691E-04
1.68131E-08, -5.446493E-02, -3.754463E-02, 7.6907E-04
1.68193E-08, -5.762650E-02, -3.680694E-02, 8.1122E-04
1.68256E-08, -6.131500E-02, -3.628001E-02, 8.5338E-04
1.68318E-08, -6.447656E-02, -3.585847E-02, 9.7984E-04
1.68381E-08, -6.869198E-02, -3.554231E-02, 1.02199E-03
1.68443E-08, -7.238048E-02, -3.533154E-02, 9.7984E-04
1.68506E-08, -7.448819E-02, -3.512077E-02, 9.7984E-04
1.68568E-08, -7.923055E-02, -3.512077E-02, 1.02199E-03
1.68631E-08, -8.186518E-02, -3.533154E-02, 1.06415E-03
1.68693E-08, -8.555368E-02, -3.543692E-02, 9.7984E-04
1.68756E-08, -8.818832E-02, -3.585847E-02, 9.7984E-04
1.68818E-08, -9.082296E-02, -3.617462E-02, 9.3768E-04
1.68881E-08, -9.293067E-02, -3.649078E-02, 8.9553E-04
1.68943E-08, -9.556530E-02, -3.712309E-02, 8.1122E-04
1.69006E-08, -9.767302E-02, -3.775541E-02, 8.1122E-04
1.69068E-08, -9.767302E-02, -3.828233E-02, 6.8476E-04
1.69131E-08, -9.819995E-02, -3.891465E-02, 5.1614E-04
1.69193E-08, -9.819995E-02, -3.954696E-02, 4.3183E-04
1.69256E-08, -9.819995E-02, -4.007389E-02, 3.8968E-04
1.69318E-08, -9.767302E-02, -4.091697E-02, 3.0537E-04
1.69381E-08, -9.609224E-02, -4.133851E-02, 1.7891E-04
1.69443E-08, -9.345759E-02, -4.218160E-02, 1.7891E-04
1.69506E-08, -9.134988E-02, -4.239237E-02, 1.7891E-04
1.69568E-08, -8.871525E-02, -4.313007E-02, 1.7891E-04
1.69631E-08, -8.449982E-02, -4.323545E-02, 1.7891E-04
1.69693E-08, -8.133826E-02, -4.365700E-02, 2.2106E-04
1.69756E-08, -7.554205E-02, -4.386777E-02, 2.6322E-04
1.69818E-08, -7.079970E-02, -4.407854E-02, 3.8968E-04
1.69881E-08, -6.553042E-02, -4.407854E-02, 5.1614E-04
1.69943E-08, -5.973421E-02, -4.407854E-02, 6.4260E-04
1.70006E-08, -5.446493E-02, -4.376239E-02, 8.1122E-04
1.70068E-08, -4.866873E-02, -4.355161E-02, 9.7984E-04
1.70131E-08, -4.234559E-02, -4.323545E-02, 1.27492E-03
1.70193E-08, -3.602246E-02, -4.281392E-02, 1.48569E-03
1.70256E-08, -3.128011E-02, -4.239237E-02, 1.73861E-03
1.70318E-08, -2.495697E-02, -4.197083E-02, 2.03369E-03
1.70381E-08, -1.968769E-02, -4.133851E-02, 2.37093E-03
1.70443E-08, -1.441841E-02, -4.060082E-02, 2.62385E-03
1.70506E-08, -9.67606E-03, -3.986312E-02, 2.83462E-03
1.70568E-08, -5.46064E-03, -3.944157E-02, 3.08755E-03
1.70631E-08, -1.24522E-03, -3.849310E-02, 3.34047E-03
1.70693E-08, 8.6249E-04, -3.775541E-02, 3.55125E-03
1.70756E-08, 2.97021E-03, -3.712309E-02, 3.80417E-03
1.70818E-08, 5.07792E-03, -3.659616E-02, 3.97279E-03
1.70881E-08, 6.65870E-03, -3.575308E-02, 4.01494E-03
1.70943E-08, 6.65870E-03, -3.522615E-02, 4.14140E-03
1.71006E-08, 6.65870E-03, -3.469922E-02, 4.09925E-03
1.71068E-08, 5.60485E-03, -3.427768E-02, 4.09925E-03
1.71131E-08, 5.07792E-03, -3.385614E-02, 4.01494E-03
1.71193E-08, 2.44328E-03, -3.353998E-02, 3.93063E-03
1.71256E-08, -1.9136E-04, -3.332921E-02, 3.76202E-03
1.71318E-08, -3.35293E-03, -3.322383E-02, 3.59340E-03
1.71381E-08, -6.51450E-03, -3.353998E-02, 3.34047E-03
1.71443E-08, -9.67606E-03, -3.343460E-02, 3.04540E-03
1.71506E-08, -1.441841E-02, -3.364537E-02, 2.75032E-03
1.71568E-08, -1.810691E-02, -3.385614E-02, 2.41308E-03
1.71631E-08, -2.284926E-02, -3.459384E-02, 2.11800E-03
1.71693E-08, -2.653776E-02, -3.491000E-02, 1.73861E-03
1.71756E-08, -3.075318E-02, -3.543692E-02, 1.48569E-03
1.71818E-08, -3.549553E-02, -3.606924E-02, 1.14845E-03
1.71881E-08, -3.813017E-02, -3.659616E-02, 7.2691E-04
1.71943E-08, -4.234559E-02, -3.722848E-02, 5.5830E-04
1.72006E-08, -4.603409E-02, -3.807156E-02, 2.6322E-04
1.72068E-08, -4.814180E-02, -3.859849E-02, 1.029E-05
1.72131E-08, -5.077644E-02, -3.912542E-02, -1.5833E-04
1.72193E-08, -5.288415E-02, -3.965235E-02, -2.8479E-04
1.72256E-08, -5.393801E-02, -4.028466E-02, -3.6910E-04
1.72318E-08, -5.499186E-02, -4.070620E-02, -4.5341E-04
1.72381E-08, -5.604572E-02, -4.102236E-02, -3.2694E-04
1.72443E-08, -5.551879E-02, -4.144390E-02, -2.8479E-04
1.72506E-08, -5.499186E-02, -4.154929E-02, -1.1617E-04
1.72568E-08, -5.446493E-02, -4.144390E-02, 5.244E-05
1.72631E-08, -5.235722E-02, -4.154929E-02, 2.6322E-04
1.72693E-08, -5.130336E-02, -4.123313E-02, 6.0045E-04
1.72756E-08, -5.024951E-02, -4.091697E-02, 9.3768E-04
1.72818E-08, -4.761487E-02, -4.049543E-02, 1.27492E-03
1.72881E-08, -4.445330E-02, -3.954696E-02, 1.73861E-03
1.72943E-08, -4.339945E-02, -3.902003E-02, 2.16016E-03
1.73006E-08, -3.971095E-02, -3.817695E-02, 2.62385E-03
1.73068E-08, -3.760324E-02, -3.701771E-02, 3.00324E-03
1.73131E-08, -3.444167E-02, -3.596385E-02, 3.34047E-03
1.73193E-08, -3.233396E-02, -3.469922E-02, 3.84633E-03
1.73256E-08, -2.917239E-02, -3.353998E-02, 4.14140E-03
1.73318E-08, -2.759161E-02, -3.227536E-02, 4.52079E-03
1.73381E-08, -2.495697E-02, -3.101073E-02, 4.94234E-03
1.73443E-08, -2.337619E-02, -2.974610E-02, 5.06880E-03
1.73506E-08, -2.074155E-02, -2.837609E-02, 5.32172E-03
1.73568E-08, -1.968769E-02, -2.732223E-02, 5.40603E-03
1.73631E-08, -1.757998E-02, -2.616299E-02, 5.49034E-03
1.73693E-08, -1.652613E-02, -2.510914E-02, 5.53249E-03
1.73756E-08, -1.652613E-02, -2.384451E-02, 5.49034E-03
1.73818E-08, -1.599920E-02, -2.310681E-02, 5.40603E-03
1.73881E-08, -1.441841E-02, -2.226373E-02, 5.19526E-03
1.73943E-08, -1.494534E-02, -2.184219E-02, 5.02664E-03
1.74006E-08, -1.336456E-02, -2.120987E-02, 4.77372E-03
1.74068E-08, -1.336456E-02, -2.089372E-02, 4.47864E-03
1.74131E-08, -1.283763E-02, -2.078833E-02, 4.09925E-03
1.74193E-08, -1.178377E-02, -2.099910E-02, 3.76202E-03
1.74256E-08, -1.178377E-02, -2.131526E-02, 3.34047E-03
1.74318E-08, -1.178377E-02, -2.173680E-02, 3.00324E-03
1.74381E-08, -1.178377E-02, -2.226373E-02, 2.58170E-03
1.74443E-08, -1.231070E-02, -2.279066E-02, 2.20231E-03
1.74506E-08, -1.178377E-02, -2.342297E-02, 1.78077E-03
1.74568E-08, -1.178377E-02, -2.437144E-02, 1.44353E-03
1.74631E-08, -1.125685E-02, -2.542529E-02, 1.14845E-03
1.74693E-08, -1.125685E-02, -2.637376E-02, 8.1122E-04
1.74756E-08, -1.125685E-02, -2.742762E-02, 6.0045E-04
1.74818E-08, -1.125685E-02, -2.837609E-02, 4.7399E-04
1.74881E-08, -1.020299E-02, -2.932456E-02, 2.2106E-04
1.74943E-08, -1.125685E-02, -3.027303E-02, 1.7891E-04
1.75006E-08, -1.178377E-02, -3.101073E-02, 5.244E-05
1.75068E-08, -1.231070E-02, -3.195920E-02, 5.244E-05
1.75131E-08, -1.178377E-02, -3.259151E-02, 9.460E-05
1.75193E-08, -1.389149E-02, -3.290767E-02, 2.2106E-04
1.75256E-08, -1.336456E-02, -3.343460E-02, 3.0537E-04
1.75318E-08, -1.494534E-02, -3.375075E-02, 4.3183E-04
1.75381E-08, -1.705305E-02, -3.385614E-02, 6.8476E-04
1.75443E-08, -1.810691E-02, -3.364537E-02, 8.1122E-04
1.75506E-08, -1.863384E-02, -3.353998E-02, 1.06415E-03
1.75568E-08, -2.074155E-02, -3.301306E-02, 1.35923E-03
1.75631E-08, -2.179541E-02, -3.238074E-02, 1.57000E-03
1.75693E-08, -2.337619E-02, -3.174843E-02, 1.82292E-03
1.75756E-08, -2.548390E-02, -3.069457E-02, 2.16016E-03
1.75818E-08, -2.811854E-02, -2.964072E-02, 2.32877E-03
1.75881E-08, -3.022625E-02, -2.858686E-02, 2.49739E-03
1.75943E-08, -3.180704E-02, -2.732223E-02, 2.70816E-03
1.76006E-08, -3.338782E-02, -2.605761E-02, 2.83462E-03
1.76068E-08, -3.602246E-02, -2.489837E-02, 2.87678E-03
1.76131E-08, -3.654939E-02, -2.342297E-02, 2.96109E-03
1.76193E-08, -3.865710E-02, -2.236911E-02, 3.00324E-03
1.76256E-08, -3.971095E-02, -2.099910E-02, 2.96109E-03
1.76318E-08, -4.076481E-02, -1.994525E-02, 2.91893E-03
1.76381E-08, -4.076481E-02, -1.910216E-02, 2.83462E-03
1.76443E-08, -4.181866E-02, -1.825907E-02, 2.66601E-03
1.76506E-08, -4.181866E-02, -1.741599E-02, 2.53954E-03
1.76568E-08, -4.181866E-02, -1.709983E-02, 2.41308E-03
1.76631E-08, -4.181866E-02, -1.667829E-02, 2.11800E-03
1.76693E-08, -4.076481E-02, -1.657291E-02, 1.90723E-03
1.76756E-08, -3.971095E-02, -1.678368E-02, 1.69646E-03
1.76818E-08, -3.918403E-02, -1.720522E-02, 1.44353E-03
1.76881E-08, -3.654939E-02, -1.752138E-02, 1.19061E-03
1.76943E-08, -3.444167E-02, -1.825907E-02, 8.5338E-04
1.77006E-08, -3.338782E-02, -1.920754E-02, 6.4260E-04
1.77068E-08, -3.180704E-02, -2.026140E-02, 4.3183E-04
1.77131E-08, -2.864547E-02, -2.142064E-02, 1.7891E-04
1.77193E-08, -2.706468E-02, -2.300143E-02, -3.186E-05
1.77256E-08, -2.495697E-02, -2.458221E-02, -2.4263E-04
1.77318E-08, -2.390312E-02, -2.605761E-02, -3.6910E-04
1.77381E-08, -2.126848E-02, -2.774378E-02, -4.5341E-04
1.77443E-08, -1.968769E-02, -2.942995E-02, -6.6418E-04
1.77506E-08, -1.863384E-02, -3.122150E-02, -7.0633E-04
1.77568E-08, -1.757998E-02, -3.290767E-02, -7.0633E-04
1.77631E-08, -1.599920E-02, -3.427768E-02, -7.4849E-04
1.77693E-08, -1.599920E-02, -3.596385E-02, -7.0633E-04
1.77756E-08, -1.652613E-02, -3.733386E-02, -5.7987E-04
1.77818E-08, -1.599920E-02, -3.849310E-02, -5.3771E-04
1.77881E-08, -1.494534E-02, -3.944157E-02, -4.1125E-04
1.77943E-08, -1.757998E-02, -4.028466E-02, -2.0048E-04
1.78006E-08, -1.863384E-02, -4.091697E-02, -7.402E-05
1.78068E-08, -1.968769E-02, -4.112775E-02, 1.3675E-04
1.78131E-08, -2.126848E-02, -4.133851E-02, 3.4752E-04
1.78193E-08, -2.337619E-02, -4.144390E-02, 6.0045E-04
1.78256E-08, -2.495697E-02, -4.112775E-02, 8.1122E-04
1.78318E-08, -2.811854E-02, -4.060082E-02, 1.10630E-03
1.78381E-08, -2.969932E-02, -3.965235E-02, 1.44353E-03
1.78443E-08, -3.128011E-02, -3.859849E-02, 1.69646E-03
1.78506E-08, -3.338782E-02, -3.722848E-02, 1.94939E-03
1.78568E-08, -3.602246E-02, -3.606924E-02, 2.24446E-03
1.78631E-08, -3.654939E-02, -3.417230E-02, 2.45524E-03
1.78693E-08, -3.865710E-02, -3.238074E-02, 2.79247E-03
1.78756E-08, -4.076481E-02, -3.037842E-02, 3.00324E-03
1.78818E-08, -4.076481E-02, -2.848148E-02, 3.29832E-03
1.78881E-08, -4.076481E-02, -2.626838E-02, 3.55125E-03
1.78943E-08, -4.129174E-02, -2.416067E-02, 3.80417E-03
1.79006E-08, -4.076481E-02, -2.205296E-02, 4.01494E-03
1.79068E-08, -3.971095E-02, -1.994525E-02, 4.22571E-03
1.79131E-08, -3.865710E-02, -1.773215E-02, 4.43648E-03
1.79193E-08, -3.707631E-02, -1.594059E-02, 4.60510E-03
1.79256E-08, -3.496860E-02, -1.393827E-02, 4.68941E-03
1.79318E-08, -3.233396E-02, -1.225210E-02, 4.85803E-03
1.79381E-08, -2.969932E-02, -1.067131E-02, 4.94234E-03
1.79443E-08, -2.495697E-02, -9.09053E-03, 5.06880E-03
1.79506E-08, -2.179541E-02, -7.61513E-03, 5.02664E-03
1.79568E-08, -1.705305E-02, -6.77205E-03, 5.11095E-03
1.79631E-08, -1.336456E-02, -5.61281E-03, 5.06880E-03
1.79693E-08, -7.56835E-03, -4.87511E-03, 5.11095E-03
1.79756E-08, -2.82600E-03, -4.45356E-03, 4.98449E-03
1.79818E-08, 1.91635E-03, -4.13741E-03, 4.90018E-03
1.79881E-08, 7.71256E-03, -3.71587E-03, 4.73156E-03
1.79943E-08, 1.245491E-02, -3.92664E-03, 4.60510E-03
1.80006E-08, 1.719726E-02, -4.24279E-03, 4.43648E-03
1.80068E-08, 2.352039E-02, -4.55895E-03, 4.18356E-03
1.80131E-08, 2.826274E-02, -4.87511E-03, 3.93063E-03
1.80193E-08, 3.247816E-02, -5.82358E-03, 3.63555E-03
1.80256E-08, 3.669359E-02, -6.56128E-03, 3.38263E-03
1.80318E-08, 4.143594E-02, -7.40436E-03, 3.08755E-03
1.80381E-08, 4.512443E-02, -8.56360E-03, 2.70816E-03
1.80443E-08, 4.881293E-02, -9.72284E-03, 2.37093E-03
1.80506E-08, 5.250143E-02, -1.077670E-02, 2.07585E-03
1.80568E-08, 5.566299E-02, -1.193594E-02, 1.65431E-03
1.80631E-08, 5.777070E-02, -1.320057E-02, 1.31707E-03
1.80693E-08, 5.987842E-02, -1.478135E-02, 1.06415E-03
1.80756E-08, 6.198613E-02, -1.594059E-02, 6.4260E-04
1.80818E-08, 6.303998E-02, -1.709983E-02, 3.8968E-04
1.80881E-08, 6.356691E-02, -1.836446E-02, 9.460E-05
1.80943E-08, 6.409384E-02, -1.962909E-02, -1.5833E-04
1.81006E-08, 6.462077E-02, -2.089372E-02, -3.6910E-04
1.81068E-08, 6.409384E-02, -2.194757E-02, -5.3771E-04
1.81131E-08, 6.356691E-02, -2.310681E-02, -6.2202E-04
1.81193E-08, 6.198613E-02, -2.416067E-02, -6.2202E-04
1.81256E-08, 6.093227E-02, -2.510914E-02, -7.4849E-04
1.81318E-08, 5.829763E-02, -2.595222E-02, -7.0633E-04
1.81381E-08, 5.724378E-02, -2.679531E-02, -5.3771E-04
1.81443E-08, 5.460914E-02, -2.732223E-02, -4.1125E-04
1.81506E-08, 5.250143E-02, -2.816532E-02, -2.0048E-04
1.81568E-08, 4.881293E-02, -2.858686E-02, 5.244E-05
1.81631E-08, 4.670522E-02, -2.900840E-02, 3.4752E-04
1.81693E-08, 4.301672E-02, -2.932456E-02, 6.8476E-04
1.81756E-08, 3.932823E-02, -2.964072E-02, 1.14845E-03
1.81818E-08, 3.669359E-02, -2.985149E-02, 1.57000E-03
1.81881E-08, 3.353202E-02, -2.985149E-02, 1.94939E-03
1.81943E-08, 2.931660E-02, -3.006226E-02, 2.45524E-03
1.82006E-08, 2.615503E-02, -2.974610E-02, 2.83462E-03
1.82068E-08, 2.352039E-02, -2.953533E-02, 3.29832E-03
1.82131E-08, 2.035883E-02, -2.942995E-02, 3.76202E-03
1.82193E-08, 1.719726E-02, -2.921917E-02, 4.05710E-03
1.82256E-08, 1.403569E-02, -2.879763E-02, 4.47864E-03
1.82318E-08, 1.298183E-02, -2.848148E-02, 4.81587E-03
1.82381E-08, 1.034720E-02, -2.795455E-02, 5.19526E-03
1.82443E-08, 8.23948E-03, -2.763839E-02, 5.36388E-03
1.82506E-08, 7.18563E-03, -2.711146E-02, 5.49034E-03
1.82568E-08, 5.60485E-03, -2.668992E-02, 5.53249E-03
1.82631E-08, 5.07792E-03, -2.605761E-02, 5.57465E-03
1.82693E-08, 3.49713E-03, -2.563607E-02, 5.57465E-03
1.82756E-08, 2.97021E-03, -2.500375E-02, 5.49034E-03
1.82818E-08, 2.44328E-03, -2.458221E-02, 5.23741E-03
1.82881E-08, 4.02406E-03, -2.373913E-02, 4.94234E-03
1.82943E-08, 4.02406E-03, -2.342297E-02, 4.64726E-03
1.83006E-08, 4.55099E-03, -2.268527E-02, 4.22571E-03
1.83068E-08, 6.65870E-03, -2.257988E-02, 3.76202E-03
1.83131E-08, 6.65870E-03, -2.184219E-02, 3.25617E-03
1.83193E-08, 9.29334E-03, -2.152603E-02, 2.75032E-03
1.83256E-08, 1.034720E-02, -2.120987E-02, 2.16016E-03
1.83318E-08, 1.140105E-02, -2.089372E-02, 1.61215E-03
1.83381E-08, 1.192798E-02, -2.047217E-02, 9.3768E-04
1.83443E-08, 1.350876E-02, -2.036679E-02, 3.8968E-04
1.83506E-08, 1.561647E-02, -2.005063E-02, -1.1617E-04
1.83568E-08, 1.561647E-02, -1.983986E-02, -7.4849E-04
1.83631E-08, 1.614340E-02, -1.983986E-02, -1.25434E-03
1.83693E-08, 1.719726E-02, -1.983986E-02, -1.71803E-03
1.83756E-08, 1.667033E-02, -1.962909E-02, -2.05527E-03
1.83818E-08, 1.614340E-02, -1.983986E-02, -2.39250E-03
1.83881E-08, 1.667033E-02, -1.973447E-02, -2.68758E-03
1.83943E-08, 1.403569E-02, -2.005063E-02, -2.89835E-03
1.84006E-08, 1.192798E-02, -2.015601E-02, -2.94051E-03
1.84068E-08, 1.087412E-02, -2.036679E-02, -3.02481E-03
1.84131E-08, 8.23948E-03, -2.047217E-02, -2.94051E-03
1.84193E-08, 4.55099E-03, -2.057756E-02, -2.81404E-03
1.84256E-08, 1.91635E-03, -2.089372E-02, -2.51896E-03
1.84318E-08, -1.24522E-03, -2.131526E-02, -2.26604E-03
1.84381E-08, -5.98757E-03, -2.152603E-02, -1.97096E-03
1.84443E-08, -1.020299E-02, -2.184219E-02, -1.50726E-03
1.84506E-08, -1.494534E-02, -2.194757E-02, -1.17003E-03
1.84568E-08, -1.968769E-02, -2.226373E-02, -5.7987E-04
1.84631E-08, -2.443004E-02, -2.257988E-02, -1.1617E-04
1.84693E-08, -2.917239E-02, -2.289604E-02, 3.8968E-04
1.84756E-08, -3.444167E-02, -2.300143E-02, 8.9553E-04
1.84818E-08, -3.918403E-02, -2.321220E-02, 1.52784E-03
1.84881E-08, -4.287252E-02, -2.342297E-02, 1.86508E-03
1.84943E-08, -4.814180E-02, -2.363374E-02, 2.41308E-03
1.85006E-08, -5.235722E-02, -2.373913E-02, 2.87678E-03
1.85068E-08, -5.551879E-02, -2.384451E-02, 3.21401E-03
1.85131E-08, -5.868036E-02, -2.405528E-02, 3.50909E-03
1.85193E-08, -6.131500E-02, -2.405528E-02, 3.93063E-03
1.85256E-08, -6.447656E-02, -2.416067E-02, 4.18356E-03
1.85318E-08, -6.605735E-02, -2.416067E-02, 4.31002E-03
1.85381E-08, -6.658427E-02, -2.384451E-02, 4.47864E-03
1.85443E-08, -6.816506E-02, -2.373913E-02, 4.43648E-03
1.85506E-08, -6.763813E-02, -2.342297E-02, 4.43648E-03
1.85568E-08, -6.816506E-02, -2.321220E-02, 4.39433E-03
1.85631E-08, -6.763813E-02, -2.289604E-02, 4.18356E-03
1.85693E-08, -6.658427E-02, -2.247450E-02, 4.05710E-03
1.85756E-08, -6.447656E-02, -2.194757E-02, 3.84633E-03
1.85818E-08, -6.342271E-02, -2.142064E-02, 3.55125E-03
1.85881E-08, -6.026114E-02, -2.078833E-02, 3.17186E-03
1.85943E-08, -5.868036E-02, -2.026140E-02, 2.96109E-03
1.86006E-08, -5.604572E-02, -1.941832E-02, 2.53954E-03
1.86068E-08, -5.288415E-02, -1.878600E-02, 2.11800E-03
1.86131E-08, -4.972258E-02, -1.794292E-02, 1.73861E-03
1.86193E-08, -4.708794E-02, -1.741599E-02, 1.40138E-03
1.86256E-08, -4.445330E-02, -1.636213E-02, 1.02199E-03
1.86318E-08, -4.076481E-02, -1.551905E-02, 7.2691E-04
1.86381E-08, -3.813017E-02, -1.478135E-02, 3.8968E-04
1.86443E-08, -3.496860E-02, -1.372750E-02, 9.460E-05
1.86506E-08, -3.338782E-02, -1.309518E-02, -1.5833E-04
1.86568E-08, -3.128011E-02, -1.235748E-02, -2.8479E-04
1.86631E-08, -2.864547E-02, -1.140901E-02, -5.7987E-04
1.86693E-08, -2.706468E-02, -1.109286E-02, -7.4849E-04
1.86756E-08, -2.548390E-02, -1.046054E-02, -8.3279E-04
1.86818E-08, -2.495697E-02, -9.93362E-03, -8.3279E-04
1.86881E-08, -2.390312E-02, -9.51207E-03, -1.00141E-03
1.86943E-08, -2.232233E-02, -9.30130E-03, -9.5926E-04
1.87006E-08, -2.284926E-02, -9.09053E-03, -1.00141E-03
1.87068E-08, -2.232233E-02, -9.30130E-03, -9.1710E-04
1.87131E-08, -2.179541E-02, -9.40669E-03, -8.7495E-04
1.87193E-08, -2.179541E-02, -9.82823E-03, -7.9064E-04
1.87256E-08, -2.179541E-02, -1.014439E-02, -7.0633E-04
1.87318E-08, -2.232233E-02, -1.088209E-02, -5.7987E-04
1.87381E-08, -2.126848E-02, -1.151440E-02, -4.5341E-04
1.87443E-08, -2.232233E-02, -1.235748E-02, -4.1125E-04
1.87506E-08, -2.232233E-02, -1.341134E-02, -3.2694E-04
1.87568E-08, -2.232233E-02, -1.467597E-02, -2.0048E-04
1.87631E-08, -2.284926E-02, -1.594059E-02, -1.5833E-04
1.87693E-08, -2.232233E-02, -1.731060E-02, 1.029E-05
1.87756E-08, -2.179541E-02, -1.878600E-02, 9.460E-05
1.87818E-08, -2.126848E-02, -2.047217E-02, 2.2106E-04
1.87881E-08, -2.074155E-02, -2.184219E-02, 3.0537E-04
1.87943E-08, -2.074155E-02, -2.342297E-02, 3.4752E-04
1.88006E-08, -1.916077E-02, -2.479298E-02, 3.8968E-04
1.88068E-08, -1.916077E-02, -2.626838E-02, 5.1614E-04
1.88131E-08, -1.863384E-02, -2.763839E-02, 4.7399E-04
1.88193E-08, -1.757998E-02, -2.879763E-02, 6.0045E-04
1.88256E-08, -1.599920E-02, -2.974610E-02, 6.8476E-04
1.88318E-08, -1.599920E-02, -3.079996E-02, 7.2691E-04
1.88381E-08, -1.494534E-02, -3.153766E-02, 8.1122E-04
1.88443E-08, -1.441841E-02, -3.216997E-02, 8.5338E-04
1.88506E-08, -1.336456E-02, -3.248613E-02, 9.7984E-04
1.88568E-08, -1.283763E-02, -3.259151E-02, 1.02199E-03
1.88631E-08, -1.178377E-02, -3.248613E-02, 1.19061E-03
1.88693E-08, -1.178377E-02, -3.216997E-02, 1.27492E-03
1.88756E-08, -1.020299E-02, -3.143227E-02, 1.35923E-03
1.88818E-08, -1.072992E-02, -3.069457E-02, 1.44353E-03
1.88881E-08, -1.020299E-02, -2.942995E-02, 1.61215E-03
1.88943E-08, -1.020299E-02, -2.816532E-02, 1.82292E-03
1.89006E-08, -9.67606E-03, -2.679531E-02, 1.90723E-03
1.89068E-08, -1.020299E-02, -2.500375E-02, 1.99154E-03
1.89131E-08, -1.020299E-02, -2.321220E-02, 2.11800E-03
1.89193E-08, -9.67606E-03, -2.142064E-02, 2.20231E-03
1.89256E-08, -9.14914E-03, -1.920754E-02, 2.28662E-03
1.89318E-08, -1.072992E-02, -1.720522E-02, 2.41308E-03
1.89381E-08, -1.072992E-02, -1.520289E-02, 2.53954E-03
1.89443E-08, -1.125685E-02, -1.298980E-02, 2.53954E-03
1.89506E-08, -1.125685E-02, -1.098747E-02, 2.58170E-03
1.89568E-08, -1.178377E-02, -8.98515E-03, 2.62385E-03
1.89631E-08, -1.178377E-02, -7.19359E-03, 2.58170E-03
1.89693E-08, -1.231070E-02, -5.29665E-03, 2.62385E-03
1.89756E-08, -1.178377E-02, -3.82125E-03, 2.66601E-03
1.89818E-08, -1.336456E-02, -2.34585E-03, 2.49739E-03
1.89881E-08, -1.336456E-02, -1.08123E-03, 2.49739E-03
1.89943E-08, -1.389149E-02, -4.4891E-04, 2.32877E-03
1.90006E-08, -1.336456E-02, 4.9956E-04, 2.28662E-03
1.90068E-08, -1.336456E-02, 7.1033E-04, 2.16016E-03
1.90131E-08, -1.389149E-02, 1.02648E-03, 1.99154E-03
1.90193E-08, -1.389149E-02, 8.1571E-04, 1.94939E-03
1.90256E-08, -1.389149E-02, 3.9417E-04, 1.82292E-03
1.90318E-08, -1.389149E-02, -3.4353E-04, 1.78077E-03
1.90381E-08, -1.441841E-02, -1.18661E-03, 1.65431E-03
1.90443E-08, -1.441841E-02, -2.55662E-03, 1.57000E-03
1.90506E-08, -1.494534E-02, -3.61048E-03, 1.52784E-03
1.90568E-08, -1.547227E-02, -5.29665E-03, 1.48569E-03
1.90631E-08, -1.599920E-02, -6.77205E-03, 1.57000E-03
1.90693E-08, -1.652613E-02, -8.87976E-03, 1.52784E-03
1.90756E-08, -1.705305E-02, -1.077670E-02, 1.57000E-03
1.90818E-08, -1.757998E-02, -1.277903E-02, 1.61215E-03
1.90881E-08, -1.757998E-02, -1.467597E-02, 1.73861E-03
1.90943E-08, -1.810691E-02, -1.699445E-02, 1.82292E-03
1.91006E-08, -1.916077E-02, -1.899678E-02, 1.90723E-03
1.91068E-08, -1.968769E-02, -2.099910E-02, 2.07585E-03
1.91131E-08, -2.021462E-02, -2.279066E-02, 2.20231E-03
1.91193E-08, -2.021462E-02, -2.458221E-02, 2.32877E-03
1.91256E-08, -2.021462E-02, -2.626838E-02, 2.62385E-03
1.91318E-08, -2.074155E-02, -2.774378E-02, 2.83462E-03
1.91381E-08, -2.021462E-02, -2.932456E-02, 2.96109E-03
1.91443E-08, -2.021462E-02, -3.048380E-02, 3.17186E-03
1.91506E-08, -1.968769E-02, -3.153766E-02, 3.38263E-03
1.91568E-08, -1.916077E-02, -3.216997E-02, 3.55125E-03
1.91631E-08, -1.810691E-02, -3.280228E-02, 3.67771E-03
1.91693E-08, -1.705305E-02, -3.322383E-02, 3.80417E-03
1.91756E-08, -1.547227E-02, -3.343460E-02, 3.93063E-03
1.91818E-08, -1.389149E-02, -3.343460E-02, 4.05710E-03
1.91881E-08, -1.178377E-02, -3.311844E-02, 4.14140E-03
1.91943E-08, -9.67606E-03, -3.301306E-02, 4.14140E-03
1.92006E-08, -8.62221E-03, -3.269690E-02, 4.18356E-03
1.92068E-08, -5.46064E-03, -3.195920E-02, 4.09925E-03
1.92131E-08, -2.29907E-03, -3.132689E-02, 4.01494E-03
1.92193E-08, 3.3557E-04, -3.048380E-02, 3.93063E-03
1.92256E-08, 2.44328E-03, -2.964072E-02, 3.84633E-03
1.92318E-08, 5.07792E-03, -2.869225E-02, 3.71986E-03
1.92381E-08, 7.18563E-03, -2.795455E-02, 3.59340E-03
1.92443E-08, 8.76641E-03, -2.679531E-02, 3.46694E-03
1.92506E-08, 1.192798E-02, -2.574145E-02, 3.25617E-03
1.92568E-08, 1.350876E-02, -2.468760E-02, 3.04540E-03
1.92631E-08, 1.508955E-02, -2.373913E-02, 2.79247E-03
1.92693E-08, 1.667033E-02, -2.279066E-02, 2.62385E-03
1.92756E-08, 1.667033E-02, -2.194757E-02, 2.49739E-03
1.92818E-08, 1.719726E-02, -2.078833E-02, 2.24446E-03
1.92881E-08, 1.772419E-02, -1.994525E-02, 2.07585E-03
1.92943E-08, 1.614340E-02, -1.920754E-02, 1.94939E-03
1.93006E-08, 1.561647E-02, -1.846985E-02, 1.86508E-03
1.93068E-08, 1.350876E-02, -1.752138E-02, 1.69646E-03
1.93131E-08, 1.192798E-02, -1.688906E-02, 1.52784E-03
1.93193E-08, 8.76641E-03, -1.625675E-02, 1.48569E-03
1.93256E-08, 6.13177E-03, -1.572982E-02, 1.40138E-03
1.93318E-08, 1.91635E-03, -1.530828E-02, 1.35923E-03
1.93381E-08, -1.24522E-03, -1.478135E-02, 1.27492E-03
1.93443E-08, -4.93371E-03, -1.414904E-02, 1.27492E-03
1.93506E-08, -9.14914E-03, -1.383288E-02, 1.23276E-03
1.93568E-08, -1.389149E-02, -1.341134E-02, 1.19061E-03
1.93631E-08, -1.757998E-02, -1.298980E-02, 1.14845E-03
1.93693E-08, -2.337619E-02, -1.277903E-02, 1.19061E-03
1.93756E-08, -2.759161E-02, -1.235748E-02, 1.19061E-03
1.93818E-08, -3.233396E-02, -1.214671E-02, 1.10630E-03
1.93881E-08, -3.496860E-02, -1.183056E-02, 1.02199E-03
1.93943E-08, -3.918403E-02, -1.161978E-02, 1.06415E-03
1.94006E-08, -4.234559E-02, -1.130363E-02, 9.3768E-04
1.94068E-08, -4.498023E-02, -1.109286E-02, 8.5338E-04
1.94131E-08, -4.761487E-02, -1.088209E-02, 7.6907E-04
1.94193E-08, -4.866873E-02, -1.098747E-02, 5.5830E-04
1.94256E-08, -4.919565E-02, -1.088209E-02, 4.3183E-04
1.94318E-08, -5.077644E-02, -1.067131E-02, 1.7891E-04
1.94381E-08, -4.972258E-02, -1.077670E-02, 5.244E-05
1.94443E-08, -4.761487E-02, -1.098747E-02, -2.0048E-04
1.94506E-08, -4.603409E-02, -1.088209E-02, -4.9556E-04
1.94568E-08, -4.339945E-02, -1.119824E-02, -7.9064E-04
1.94631E-08, -4.023788E-02, -1.151440E-02, -1.00141E-03
1.94693E-08, -3.602246E-02, -1.193594E-02, -1.25434E-03
1.94756E-08, -3.233396E-02, -1.225210E-02, -1.59157E-03
1.94818E-08, -2.706468E-02, -1.267364E-02, -1.80234E-03
1.94881E-08, -2.074155E-02, -1.320057E-02, -2.18173E-03
1.94943E-08, -1.494534E-02, -1.372750E-02, -2.39250E-03
1.95006E-08, -9.67606E-03, -1.425442E-02, -2.64543E-03
1.95068E-08, -2.82600E-03, -1.499212E-02, -2.85620E-03
1.95131E-08, 3.49713E-03, -1.562444E-02, -3.02481E-03
1.95193E-08, 9.82027E-03, -1.646752E-02, -3.10912E-03
1.95256E-08, 1.561647E-02, -1.699445E-02, -3.31989E-03
1.95318E-08, 2.193961E-02, -1.783753E-02, -3.36205E-03
1.95381E-08, 2.720889E-02, -1.825907E-02, -3.44636E-03
1.95443E-08, 3.300510E-02, -1.878600E-02, -3.44636E-03
1.95506E-08, 3.774745E-02, -1.931293E-02, -3.48851E-03
1.95568E-08, 4.248980E-02, -1.994525E-02, -3.40420E-03
1.95631E-08, 4.565137E-02, -2.036679E-02, -3.23559E-03
1.95693E-08, 4.986679E-02, -2.078833E-02, -3.15128E-03
1.95756E-08, 5.039372E-02, -2.099910E-02, -2.89835E-03
1.95818E-08, 5.250143E-02, -2.120987E-02, -2.68758E-03
1.95881E-08, 5.460914E-02, -2.110448E-02, -2.51896E-03
1.95943E-08, 5.408221E-02, -2.110448E-02, -2.13958E-03
1.96006E-08, 5.355528E-02, -2.110448E-02, -1.97096E-03
1.96068E-08, 5.250143E-02, -2.068294E-02, -1.59157E-03
1.96131E-08, 4.986679E-02, -2.036679E-02, -1.33864E-03
1.96193E-08, 4.881293E-02, -1.983986E-02, -9.1710E-04
1.96256E-08, 4.617829E-02, -1.910216E-02, -5.7987E-04
1.96318E-08, 4.301672E-02, -1.836446E-02, -2.4263E-04
1.96381E-08, 3.880130E-02, -1.752138E-02, 9.460E-05
1.96443E-08, 3.458588E-02, -1.667829E-02, 3.4752E-04
1.96506E-08, 2.984353E-02, -1.562444E-02, 7.2691E-04
1.96568E-08, 2.562810E-02, -1.467597E-02, 9.7984E-04
1.96631E-08, 2.193961E-02, -1.351672E-02, 1.35923E-03
1.96693E-08, 1.719726E-02, -1.246287E-02, 1.61215E-03
1.96756E-08, 1.245491E-02, -1.130363E-02, 1.90723E-03
1.96818E-08, 7.71256E-03, -1.035516E-02, 2.16016E-03
1.96881E-08, 4.55099E-03, -9.30130E-03, 2.24446E-03
1.96943E-08, -1.9136E-04, -8.35283E-03, 2.49739E-03
1.97006E-08, -2.82600E-03, -7.19359E-03, 2.58170E-03
1.97068E-08, -6.51450E-03, -6.56128E-03, 2.70816E-03
1.97131E-08, -9.14914E-03, -5.61281E-03, 2.87678E-03
1.97193E-08, -1.125685E-02, -4.76972E-03, 2.96109E-03
1.97256E-08, -1.336456E-02, -4.34818E-03, 3.12970E-03
1.97318E-08, -1.441841E-02, -4.03202E-03, 3.17186E-03
1.97381E-08, -1.705305E-02, -3.39971E-03, 3.21401E-03
1.97443E-08, -1.599920E-02, -3.29432E-03, 3.29832E-03
1.97506E-08, -1.757998E-02, -3.39971E-03, 3.29832E-03
1.97568E-08, -1.599920E-02, -3.50509E-03, 3.34047E-03
1.97631E-08, -1.599920E-02, -3.71587E-03, 3.38263E-03
1.97693E-08, -1.494534E-02, -4.03202E-03, 3.38263E-03
1.97756E-08, -1.494534E-02, -4.55895E-03, 3.42478E-03
1.97818E-08, -1.336456E-02, -5.08588E-03, 3.42478E-03
1.97881E-08, -1.072992E-02, -5.71819E-03, 3.38263E-03
1.97943E-08, -1.020299E-02, -6.45589E-03, 3.46694E-03
1.98006E-08, -8.09528E-03, -7.40436E-03, 3.46694E-03
1.98068E-08, -5.98757E-03, -8.14206E-03, 3.50909E-03
1.98131E-08, -4.40678E-03, -8.98515E-03, 3.50909E-03
1.98193E-08, -3.87986E-03, -9.82823E-03, 3.42478E-03
1.98256E-08, -1.77215E-03, -1.088209E-02, 3.50909E-03
1.98318E-08, -7.1829E-04, -1.172517E-02, 3.50909E-03
1.98381E-08, 1.38942E-03, -1.267364E-02, 3.50909E-03
1.98443E-08, 1.91635E-03, -1.351672E-02, 3.50909E-03
1.98506E-08, 1.91635E-03, -1.435981E-02, 3.46694E-03
1.98568E-08, 1.91635E-03, -1.520289E-02, 3.38263E-03
1.98631E-08, 2.97021E-03, -1.583521E-02, 3.42478E-03
1.98693E-08, 2.44328E-03, -1.636213E-02, 3.42478E-03
1.98756E-08, 1.91635E-03, -1.688906E-02, 3.46694E-03
1.98818E-08, 1.38942E-03, -1.720522E-02, 3.42478E-03
1.98881E-08, 2.44328E-03, -1.762676E-02, 3.38263E-03
1.98943E-08, 8.6249E-04, -1.794292E-02, 3.38263E-03
1.99006E-08, -1.9136E-04, -1.804830E-02, 3.34047E-03
1.99068E-08, -7.1829E-04, -1.825907E-02, 3.29832E-03
1.99131E-08, -1.77215E-03, -1.815369E-02, 3.25617E-03
1.99193E-08, -3.35293E-03, -1.815369E-02, 3.21401E-03
1.99256E-08, -3.87986E-03, -1.794292E-02, 3.17186E-03
1.99318E-08, -4.93371E-03, -1.794292E-02, 3.21401E-03
1.99381E-08, -7.04142E-03, -1.794292E-02, 3.17186E-03
1.99443E-08, -7.04142E-03, -1.752138E-02, 3.08755E-03
1.99506E-08, -7.56835E-03, -1.731060E-02, 3.12970E-03
1.99568E-08, -7.56835E-03, -1.720522E-02, 3.17186E-03
1.99631E-08, -7.56835E-03, -1.709983E-02, 3.17186E-03
1.99693E-08, -8.09528E-03, -1.699445E-02, 3.21401E-03
1.99756E-08, -8.09528E-03, -1.688906E-02, 3.29832E-03
1.99818E-08, -7.56835E-03, -1.699445E-02, 3.34047E-03
1.99881E-08, -6.51450E-03, -1.699445E-02, 3.38263E-03
1.99943E-08, -5.46064E-03, -1.752138E-02, 3.50909E-03
2.00006E-08, -3.87986E-03, -1.762676E-02, 3.67771E-03
2.00068E-08, -2.82600E-03, -1.825907E-02, 3.76202E-03
2.00131E-08, -7.1829E-04, -1.889139E-02, 3.84633E-03
2.00193E-08, 3.3557E-04, -1.952370E-02, 3.97279E-03
2.00256E-08, 2.97021E-03, -2.015601E-02, 4.22571E-03
2.00318E-08, 5.07792E-03, -2.120987E-02, 4.22571E-03
2.00381E-08, 6.65870E-03, -2.215834E-02, 4.43648E-03
2.00443E-08, 8.76641E-03, -2.331758E-02, 4.47864E-03
2.00506E-08, 1.087412E-02, -2.437144E-02, 4.64726E-03
2.00568E-08, 1.298183E-02, -2.574145E-02, 4.81587E-03
2.00631E-08, 1.508955E-02, -2.668992E-02, 4.90018E-03
2.00693E-08, 1.772419E-02, -2.816532E-02, 5.02664E-03
2.00756E-08, 1.930497E-02, -2.964072E-02, 5.15311E-03
2.00818E-08, 2.035883E-02, -3.090534E-02, 5.27957E-03
2.00881E-08, 2.299346E-02, -3.216997E-02, 5.19526E-03
2.00943E-08, 2.457425E-02, -3.332921E-02, 5.36388E-03
2.01006E-08, 2.615503E-02, -3.448845E-02, 5.40603E-03
2.01068E-08, 2.668196E-02, -3.564769E-02, 5.40603E-03
2.01131E-08, 2.826274E-02, -3.659616E-02, 5.44819E-03
2.01193E-08, 2.878967E-02, -3.743925E-02, 5.40603E-03
2.01256E-08, 3.037046E-02, -3.807156E-02, 5.36388E-03
2.01318E-08, 2.931660E-02, -3.880926E-02, 5.36388E-03
2.01381E-08, 2.931660E-02, -3.933619E-02, 5.36388E-03
2.01443E-08, 2.931660E-02, -3.965235E-02, 5.23741E-03
2.01506E-08, 2.878967E-02, -3.975773E-02, 5.23741E-03
2.01568E-08, 2.826274E-02, -3.975773E-02, 5.15311E-03
2.01631E-08, 2.668196E-02, -3.965235E-02, 5.11095E-03
2.01693E-08, 2.562810E-02, -3.944157E-02, 5.02664E-03
2.01756E-08, 2.404732E-02, -3.902003E-02, 5.06880E-03
2.01818E-08, 2.193961E-02, -3.849310E-02, 4.94234E-03
2.01881E-08, 2.035883E-02, -3.775541E-02, 4.81587E-03
2.01943E-08, 1.719726E-02, -3.733386E-02, 4.81587E-03
2.02006E-08, 1.561647E-02, -3.649078E-02, 4.77372E-03
2.02068E-08, 1.298183E-02, -3.554231E-02, 4.77372E-03
2.02131E-08, 1.034720E-02, -3.469922E-02, 4.68941E-03
2.02193E-08, 7.18563E-03, -3.385614E-02, 4.73156E-03
2.02256E-08, 4.02406E-03, -3.311844E-02, 4.64726E-03
2.02318E-08, 3.3557E-04, -3.206459E-02, 4.64726E-03
2.02381E-08, -2.82600E-03, -3.122150E-02, 4.68941E-03
2.02443E-08, -6.51450E-03, -3.037842E-02, 4.68941E-03
2.02506E-08, -9.67606E-03, -2.953533E-02, 4.68941E-03
2.02568E-08, -1.441841E-02, -2.911379E-02, 4.60510E-03
2.02631E-08, -1.757998E-02, -2.848148E-02, 4.64726E-03
2.02693E-08, -2.126848E-02, -2.805993E-02, 4.64726E-03
2.02756E-08, -2.443004E-02, -2.784916E-02, 4.64726E-03
2.02818E-08, -2.917239E-02, -2.742762E-02, 4.64726E-03
2.02881E-08, -3.128011E-02, -2.742762E-02, 4.64726E-03
2.02943E-08, -3.602246E-02, -2.721685E-02, 4.64726E-03
2.03006E-08, -3.971095E-02, -2.742762E-02, 4.73156E-03
2.03068E-08, -4.181866E-02, -2.774378E-02, 4.60510E-03
2.03131E-08, -4.603409E-02, -2.774378E-02, 4.52079E-03
2.03193E-08, -4.866873E-02, -2.795455E-02, 4.52079E-03
2.03256E-08, -5.183030E-02, -2.837609E-02, 4.43648E-03
2.03318E-08, -5.341108E-02, -2.869225E-02, 4.43648E-03
2.03381E-08, -5.604572E-02, -2.890302E-02, 4.39433E-03
2.03443E-08, -5.762650E-02, -2.900840E-02, 4.26787E-03
2.03506E-08, -5.920728E-02, -2.942995E-02, 4.18356E-03
2.03568E-08, -6.078807E-02, -2.964072E-02, 4.22571E-03
2.03631E-08, -6.184192E-02, -2.985149E-02, 4.18356E-03
2.03693E-08, -6.078807E-02, -2.995687E-02, 4.09925E-03
2.03756E-08, -6.026114E-02, -2.985149E-02, 4.05710E-03
2.03818E-08, -6.026114E-02, -2.964072E-02, 4.01494E-03
2.03881E-08, -5.815343E-02, -2.942995E-02, 3.97279E-03
2.03943E-08, -5.709957E-02, -2.879763E-02, 4.01494E-03
2.04006E-08, -5.499186E-02, -2.837609E-02, 4.05710E-03
2.04068E-08, -5.183030E-02, -2.753301E-02, 4.09925E-03
2.04131E-08, -4.761487E-02, -2.668992E-02, 4.09925E-03
2.04193E-08, -4.445330E-02, -2.595222E-02, 4.09925E-03
2.04256E-08, -4.076481E-02, -2.468760E-02, 4.22571E-03
2.04318E-08, -3.654939E-02, -2.373913E-02, 4.22571E-03
2.04381E-08, -3.286089E-02, -2.247450E-02, 4.39433E-03
2.04443E-08, -2.811854E-02, -2.120987E-02, 4.39433E-03
2.04506E-08, -2.337619E-02, -1.973447E-02, 4.47864E-03
2.04568E-08, -1.863384E-02, -1.836446E-02, 4.68941E-03
2.04631E-08, -1.441841E-02, -1.699445E-02, 4.77372E-03
2.04693E-08, -1.125685E-02, -1.583521E-02, 4.85803E-03
2.04756E-08, -6.51450E-03, -1.446519E-02, 4.94234E-03
2.04818E-08, -3.35293E-03, -1.341134E-02, 5.19526E-03
2.04881E-08, 8.6249E-04, -1.204133E-02, 5.19526E-03
2.04943E-08, 3.49713E-03, -1.130363E-02, 5.36388E-03
2.05006E-08, 6.13177E-03, -1.035516E-02, 5.53249E-03
2.05068E-08, 7.71256E-03, -9.72284E-03, 5.53249E-03
2.05131E-08, 9.29334E-03, -9.19592E-03, 5.61680E-03
2.05193E-08, 9.29334E-03, -8.98515E-03, 5.70111E-03
2.05256E-08, 9.82027E-03, -8.66899E-03, 5.74327E-03
2.05318E-08, 1.034720E-02, -8.66899E-03, 5.82757E-03
2.05381E-08, 8.23948E-03, -8.87976E-03, 5.82757E-03
2.05443E-08, 7.18563E-03, -9.40669E-03, 5.82757E-03
2.05506E-08, 5.60485E-03, -1.003900E-02, 5.86973E-03
2.05568E-08, 2.44328E-03, -1.119824E-02, 5.91188E-03
2.05631E-08, -7.1829E-04, -1.193594E-02, 5.91188E-03
2.05693E-08, -3.35293E-03, -1.298980E-02, 5.95404E-03
2.05756E-08, -7.56835E-03, -1.446519E-02, 5.99619E-03
2.05818E-08, -1.072992E-02, -1.572982E-02, 5.99619E-03
2.05881E-08, -1.441841E-02, -1.699445E-02, 6.03834E-03
2.05943E-08, -1.863384E-02, -1.846985E-02, 6.12265E-03
2.06006E-08, -2.284926E-02, -2.015601E-02, 6.20696E-03
2.06068E-08, -2.706468E-02, -2.152603E-02, 6.37558E-03
2.06131E-08, -2.864547E-02, -2.300143E-02, 6.37558E-03
2.06193E-08, -3.391474E-02, -2.458221E-02, 6.54420E-03
2.06256E-08, -3.549553E-02, -2.584684E-02, 6.71281E-03
2.06318E-08, -3.865710E-02, -2.700608E-02, 6.88143E-03
2.06381E-08, -4.076481E-02, -2.837609E-02, 7.13436E-03
2.06443E-08, -4.181866E-02, -2.911379E-02, 7.26082E-03
2.06506E-08, -4.181866E-02, -2.985149E-02, 7.51374E-03
2.06568E-08, -4.287252E-02, -3.048380E-02, 7.89313E-03
2.06631E-08, -4.234559E-02, -3.090534E-02, 8.23036E-03
2.06693E-08, -4.129174E-02, -3.132689E-02, 8.39898E-03
2.06756E-08, -4.023788E-02, -3.111611E-02, 8.86268E-03
2.06818E-08, -3.707631E-02, -3.111611E-02, 9.15776E-03
2.06881E-08, -3.338782E-02, -3.069457E-02, 9.53715E-03
2.06943E-08, -3.128011E-02, -3.016764E-02, 9.91653E-03
2.07006E-08, -2.653776E-02, -2.953533E-02, 1.029592E-02
2.07068E-08, -2.284926E-02, -2.858686E-02, 1.067531E-02
2.07131E-08, -1.810691E-02, -2.753301E-02, 1.092824E-02
2.07193E-08, -1.336456E-02, -2.647915E-02, 1.126547E-02
2.07256E-08, -7.56835E-03, -2.510914E-02, 1.156055E-02
2.07318E-08, -1.77215E-03, -2.373913E-02, 1.189778E-02
2.07381E-08, 4.02406E-03, -2.226373E-02, 1.210855E-02
2.07443E-08, 9.29334E-03, -2.068294E-02, 1.236148E-02
2.07506E-08, 1.456262E-02, -1.920754E-02, 1.265656E-02
2.07568E-08, 1.983190E-02, -1.762676E-02, 1.278302E-02
2.07631E-08, 2.510118E-02, -1.625675E-02, 1.286733E-02
2.07693E-08, 2.984353E-02, -1.467597E-02, 1.299379E-02
2.07756E-08, 3.405895E-02, -1.298980E-02, 1.303595E-02
2.07818E-08, 3.774745E-02, -1.172517E-02, 1.303595E-02
2.07881E-08, 4.143594E-02, -1.024977E-02, 1.295164E-02
2.07943E-08, 4.407058E-02, -9.09053E-03, 1.299379E-02
2.08006E-08, 4.617829E-02, -7.93129E-03, 1.278302E-02
2.08068E-08, 4.775907E-02, -6.77205E-03, 1.269871E-02
2.08131E-08, 4.828600E-02, -5.92896E-03, 1.253010E-02
2.08193E-08, 4.986679E-02, -4.98049E-03, 1.236148E-02
2.08256E-08, 4.933986E-02, -4.34818E-03, 1.219286E-02
2.08318E-08, 4.933986E-02, -3.82125E-03, 1.193994E-02
2.08381E-08, 4.775907E-02, -3.50509E-03, 1.177132E-02
2.08443E-08, 4.617829E-02, -3.18894E-03, 1.147624E-02
2.08506E-08, 4.301672E-02, -3.08355E-03, 1.126547E-02
2.08568E-08, 4.038208E-02, -3.08355E-03, 1.092824E-02
2.08631E-08, 3.669359E-02, -3.18894E-03, 1.080177E-02
2.08693E-08, 3.195124E-02, -3.29432E-03, 1.050669E-02
2.08756E-08, 2.878967E-02, -3.82125E-03, 1.033808E-02
2.08818E-08, 2.457425E-02, -4.34818E-03, 1.008515E-02
2.08881E-08, 2.035883E-02, -4.76972E-03, 9.87438E-03
2.08943E-08, 1.403569E-02, -5.40204E-03, 9.74792E-03
2.09006E-08, 9.29334E-03, -6.13973E-03, 9.62145E-03
2.09068E-08, 4.02406E-03, -6.87743E-03, 9.45284E-03
2.09131E-08, -1.9136E-04, -7.82590E-03, 9.32638E-03
2.09193E-08, -5.46064E-03, -8.77437E-03, 9.28422E-03
2.09256E-08, -1.125685E-02, -9.82823E-03, 9.28422E-03
2.09318E-08, -1.599920E-02, -1.046054E-02, 9.28422E-03
2.09381E-08, -2.021462E-02, -1.151440E-02, 9.19991E-03
2.09443E-08, -2.495697E-02, -1.246287E-02, 9.24207E-03
2.09506E-08, -2.969932E-02, -1.341134E-02, 9.24207E-03
2.09568E-08, -3.338782E-02, -1.446519E-02, 9.36853E-03
2.09631E-08, -3.654939E-02, -1.520289E-02, 9.32638E-03
2.09693E-08, -4.076481E-02, -1.625675E-02, 9.53715E-03
2.09756E-08, -4.392638E-02, -1.699445E-02, 9.66361E-03
2.09818E-08, -4.603409E-02, -1.762676E-02, 9.79007E-03
2.09881E-08, -4.761487E-02, -1.836446E-02, 9.91653E-03
2.09943E-08, -4.919565E-02, -1.899678E-02, 1.008515E-02
2.10006E-08, -5.077644E-02, -1.973447E-02, 1.025377E-02
2.10068E-08, -5.130336E-02, -2.005063E-02, 1.042239E-02
2.10131E-08, -5.077644E-02, -2.047217E-02, 1.063316E-02
2.10193E-08, -5.077644E-02, -2.089372E-02, 1.075962E-02
2.10256E-08, -5.077644E-02, -2.120987E-02, 1.092824E-02
2.10318E-08, -4.866873E-02, -2.152603E-02, 1.113901E-02
2.10381E-08, -4.761487E-02, -2.152603E-02, 1.139193E-02
2.10443E-08, -4.603409E-02, -2.163141E-02, 1.151839E-02
2.10506E-08, -4.339945E-02, -2.152603E-02, 1.168701E-02
2.10568E-08, -4.076481E-02, -2.142064E-02, 1.181347E-02
2.10631E-08, -3.865710E-02, -2.120987E-02, 1.198209E-02
2.10693E-08, -3.549553E-02, -2.110448E-02, 1.215071E-02
2.10756E-08, -3.338782E-02, -2.068294E-02, 1.227717E-02
2.10818E-08, -3.075318E-02, -2.036679E-02, 1.240363E-02
2.10881E-08, -2.653776E-02, -2.005063E-02, 1.248794E-02
2.10943E-08, -2.443004E-02, -1.941832E-02, 1.265656E-02
2.11006E-08, -2.126848E-02, -1.889139E-02, 1.265656E-02
2.11068E-08, -1.863384E-02, -1.825907E-02, 1.278302E-02
2.11131E-08, -1.547227E-02, -1.773215E-02, 1.274087E-02
2.11193E-08, -1.283763E-02, -1.709983E-02, 1.282518E-02
2.11256E-08, -1.125685E-02, -1.657291E-02, 1.278302E-02
2.11318E-08, -9.67606E-03, -1.615136E-02, 1.274087E-02
2.11381E-08, -8.62221E-03, -1.551905E-02, 1.274087E-02
2.11443E-08, -7.04142E-03, -1.499212E-02, 1.265656E-02
2.11506E-08, -5.98757E-03, -1.446519E-02, 1.265656E-02
2.11568E-08, -5.98757E-03, -1.362211E-02, 1.257225E-02
2.11631E-08, -5.46064E-03, -1.330595E-02, 1.248794E-02
2.11693E-08, -7.04142E-03, -1.288441E-02, 1.231933E-02
2.11756E-08, -7.56835E-03, -1.235748E-02, 1.219286E-02
2.11818E-08, -9.14914E-03, -1.214671E-02, 1.215071E-02
2.11881E-08, -9.67606E-03, -1.172517E-02, 1.202425E-02
2.11943E-08, -1.336456E-02, -1.161978E-02, 1.198209E-02
2.12006E-08, -1.441841E-02, -1.151440E-02, 1.185563E-02
2.12068E-08, -1.652613E-02, -1.130363E-02, 1.181347E-02
2.12131E-08, -1.916077E-02, -1.130363E-02, 1.172917E-02
2.12193E-08, -2.179541E-02, -1.140901E-02, 1.168701E-02
2.12256E-08, -2.390312E-02, -1.151440E-02, 1.164486E-02
2.12318E-08, -2.653776E-02, -1.151440E-02, 1.164486E-02
2.12381E-08, -2.917239E-02, -1.183056E-02, 1.160270E-02
2.12443E-08, -3.233396E-02, -1.204133E-02, 1.168701E-02
2.12506E-08, -3.338782E-02, -1.235748E-02, 1.172917E-02
2.12568E-08, -3.444167E-02, -1.277903E-02, 1.185563E-02
2.12631E-08, -3.654939E-02, -1.320057E-02, 1.202425E-02
2.12693E-08, -3.760324E-02, -1.383288E-02, 1.227717E-02
2.12756E-08, -3.813017E-02, -1.425442E-02, 1.244579E-02
2.12818E-08, -3.865710E-02, -1.488674E-02, 1.274087E-02
2.12881E-08, -3.813017E-02, -1.541366E-02, 1.307810E-02
2.12943E-08, -3.760324E-02, -1.604598E-02, 1.341533E-02
2.13006E-08, -3.707631E-02, -1.636213E-02, 1.379472E-02
2.13068E-08, -3.549553E-02, -1.678368E-02, 1.421627E-02
2.13131E-08, -3.338782E-02, -1.752138E-02, 1.467996E-02
2.13193E-08, -3.128011E-02, -1.804830E-02, 1.510150E-02
2.13256E-08, -2.864547E-02, -1.836446E-02, 1.552305E-02
2.13318E-08, -2.706468E-02, -1.889139E-02, 1.594459E-02
2.13381E-08, -2.390312E-02, -1.931293E-02, 1.640829E-02
2.13443E-08, -2.021462E-02, -1.973447E-02, 1.682983E-02
2.13506E-08, -1.705305E-02, -1.994525E-02, 1.720922E-02
2.13568E-08, -1.494534E-02, -2.005063E-02, 1.763076E-02
2.13631E-08, -1.072992E-02, -2.015601E-02, 1.796799E-02
2.13693E-08, -9.14914E-03, -2.036679E-02, 1.830523E-02
2.13756E-08, -6.51450E-03, -2.026140E-02, 1.864246E-02
2.13818E-08, -4.93371E-03, -2.026140E-02, 1.889538E-02
2.13881E-08, -3.35293E-03, -1.994525E-02, 1.906400E-02
2.13943E-08, -2.82600E-03, -1.962909E-02, 1.919046E-02
2.14006E-08, -1.24522E-03, -1.941832E-02, 1.931693E-02
2.14068E-08, -7.1829E-04, -1.899678E-02, 1.931693E-02
2.14131E-08, -1.9136E-04, -1.846985E-02, 1.923262E-02
2.14193E-08, -7.1829E-04, -1.815369E-02, 1.910616E-02
2.14256E-08, -1.24522E-03, -1.752138E-02, 1.893754E-02
2.14318E-08, -3.35293E-03, -1.699445E-02, 1.864246E-02
2.14381E-08, -4.93371E-03, -1.636213E-02, 1.838953E-02
2.14443E-08, -7.04142E-03, -1.572982E-02, 1.801015E-02
2.14506E-08, -9.14914E-03, -1.509751E-02, 1.758860E-02
2.14568E-08, -1.231070E-02, -1.435981E-02, 1.712491E-02
2.14631E-08, -1.547227E-02, -1.372750E-02, 1.661906E-02
2.14693E-08, -1.810691E-02, -1.309518E-02, 1.615536E-02
2.14756E-08, -2.179541E-02, -1.235748E-02, 1.560736E-02
2.14818E-08, -2.548390E-02, -1.193594E-02, 1.501720E-02
2.14881E-08, -2.759161E-02, -1.140901E-02, 1.446919E-02
2.14943E-08, -3.022625E-02, -1.098747E-02, 1.404765E-02
2.15006E-08, -3.338782E-02, -1.056593E-02, 1.341533E-02
2.15068E-08, -3.654939E-02, -1.035516E-02, 1.295164E-02
2.15131E-08, -3.760324E-02, -9.93362E-03, 1.244579E-02
2.15193E-08, -4.023788E-02, -9.93362E-03, 1.198209E-02
2.15256E-08, -4.129174E-02, -9.82823E-03, 1.156055E-02
2.15318E-08, -4.287252E-02, -9.72284E-03, 1.122332E-02
2.15381E-08, -4.339945E-02, -9.72284E-03, 1.109685E-02
2.15443E-08, -4.287252E-02, -1.003900E-02, 1.080177E-02
2.15506E-08, -4.181866E-02, -1.014439E-02, 1.059100E-02
2.15568E-08, -4.023788E-02, -1.046054E-02, 1.059100E-02
2.15631E-08, -3.865710E-02, -1.077670E-02, 1.054885E-02
2.15693E-08, -3.654939E-02, -1.119824E-02, 1.071746E-02
2.15756E-08, -3.444167E-02, -1.161978E-02, 1.075962E-02
2.15818E-08, -3.075318E-02, -1.225210E-02, 1.109685E-02
2.15881E-08, -2.706468E-02, -1.267364E-02, 1.130762E-02
2.15943E-08, -2.443004E-02, -1.309518E-02, 1.177132E-02
2.16006E-08, -2.021462E-02, -1.372750E-02, 1.215071E-02
2.16068E-08, -1.652613E-02, -1.435981E-02, 1.265656E-02
2.16131E-08, -1.283763E-02, -1.488674E-02, 1.316241E-02
2.16193E-08, -8.09528E-03, -1.541366E-02, 1.375257E-02
2.16256E-08, -3.87986E-03, -1.562444E-02, 1.434273E-02
2.16318E-08, -1.9136E-04, -1.646752E-02, 1.497504E-02
2.16381E-08, 2.44328E-03, -1.678368E-02, 1.564951E-02
2.16443E-08, 6.13177E-03, -1.720522E-02, 1.623967E-02
2.16506E-08, 8.76641E-03, -1.752138E-02, 1.687198E-02
2.16568E-08, 1.140105E-02, -1.794292E-02, 1.754645E-02
2.16631E-08, 1.403569E-02, -1.825907E-02, 1.813661E-02
2.16693E-08, 1.508955E-02, -1.878600E-02, 1.876892E-02
2.16756E-08, 1.614340E-02, -1.931293E-02, 1.927477E-02
2.16818E-08, 1.667033E-02, -1.941832E-02, 1.986493E-02
2.16881E-08, 1.667033E-02, -1.994525E-02, 2.032863E-02
2.16943E-08, 1.719726E-02, -2.026140E-02, 2.087663E-02
2.17006E-08, 1.719726E-02, -2.068294E-02, 2.121387E-02
2.17068E-08, 1.508955E-02, -2.110448E-02, 2.155110E-02
2.17131E-08, 1.403569E-02, -2.173680E-02, 2.180403E-02
2.17193E-08, 1.192798E-02, -2.215834E-02, 2.201480E-02
2.17256E-08, 1.087412E-02, -2.257988E-02, 2.205695E-02
2.17318E-08, 8.23948E-03, -2.289604E-02, 2.218341E-02
2.17381E-08, 6.13177E-03, -2.363374E-02, 2.222557E-02
2.17443E-08, 4.02406E-03, -2.394990E-02, 2.214126E-02
2.17506E-08, 2.44328E-03, -2.458221E-02, 2.205695E-02
2.17568E-08, -7.1829E-04, -2.521452E-02, 2.193049E-02
2.17631E-08, -1.77215E-03, -2.584684E-02, 2.167756E-02
2.17693E-08, -4.40678E-03, -2.658454E-02, 2.150895E-02
2.17756E-08, -7.56835E-03, -2.690069E-02, 2.121387E-02
2.17818E-08, -8.62221E-03, -2.753301E-02, 2.100310E-02
2.17881E-08, -9.67606E-03, -2.795455E-02, 2.062371E-02
2.17943E-08, -1.178377E-02, -2.858686E-02, 2.041294E-02
2.18006E-08, -1.336456E-02, -2.911379E-02, 2.007570E-02
2.18068E-08, -1.389149E-02, -2.932456E-02, 1.978062E-02
2.18131E-08, -1.336456E-02, -2.964072E-02, 1.948554E-02
2.18193E-08, -1.389149E-02, -3.006226E-02, 1.910616E-02
2.18256E-08, -1.336456E-02, -3.006226E-02, 1.876892E-02
2.18318E-08, -1.389149E-02, -3.016764E-02, 1.860031E-02
2.18381E-08, -1.336456E-02, -3.016764E-02, 1.843169E-02
2.18443E-08, -1.336456E-02, -3.016764E-02, 1.830523E-02
2.18506E-08, -1.125685E-02, -2.985149E-02, 1.809445E-02
2.18568E-08, -1.072992E-02, -2.953533E-02, 1.813661E-02
2.18631E-08, -9.14914E-03, -2.900840E-02, 1.805230E-02
2.18693E-08, -7.56835E-03, -2.848148E-02, 1.809445E-02
2.18756E-08, -6.51450E-03, -2.774378E-02, 1.817876E-02
2.18818E-08, -5.98757E-03, -2.711146E-02, 1.834738E-02
2.18881E-08, -3.87986E-03, -2.616299E-02, 1.847384E-02
2.18943E-08, -3.35293E-03, -2.553068E-02, 1.881108E-02
2.19006E-08, -2.82600E-03, -2.458221E-02, 1.906400E-02
2.19068E-08, -2.82600E-03, -2.363374E-02, 1.940124E-02
2.19131E-08, -1.24522E-03, -2.268527E-02, 1.978062E-02
2.19193E-08, -1.77215E-03, -2.152603E-02, 2.016001E-02
2.19256E-08, -1.77215E-03, -2.068294E-02, 2.049725E-02
2.19318E-08, -1.77215E-03, -1.973447E-02, 2.096094E-02
2.19381E-08, -3.87986E-03, -1.878600E-02, 2.146679E-02
2.19443E-08, -3.87986E-03, -1.783753E-02, 2.188833E-02
2.19506E-08, -5.98757E-03, -1.688906E-02, 2.235203E-02
2.19568E-08, -8.62221E-03, -1.625675E-02, 2.281573E-02
2.19631E-08, -1.020299E-02, -1.583521E-02, 2.323727E-02
2.19693E-08, -1.336456E-02, -1.509751E-02, 2.370097E-02
2.19756E-08, -1.599920E-02, -1.478135E-02, 2.412251E-02
2.19818E-08, -2.021462E-02, -1.435981E-02, 2.454405E-02
2.19881E-08, -2.284926E-02, -1.414904E-02, 2.488128E-02
2.19943E-08, -2.706468E-02, -1.414904E-02, 2.517636E-02
2.20006E-08, -3.128011E-02, -1.404365E-02, 2.551360E-02
2.20068E-08, -3.444167E-02, -1.435981E-02, 2.572437E-02
2.20131E-08, -3.971095E-02, -1.457058E-02, 2.597729E-02
2.20193E-08, -4.445330E-02, -1.478135E-02, 2.610376E-02
2.20256E-08, -4.761487E-02, -1.520289E-02, 2.614591E-02
2.20318E-08, -5.341108E-02, -1.572982E-02, 2.623022E-02
2.20381E-08, -5.815343E-02, -1.615136E-02, 2.631453E-02
2.20443E-08, -6.131500E-02, -1.657291E-02, 2.627238E-02
2.20506E-08, -6.553042E-02, -1.731060E-02, 2.631453E-02
2.20568E-08, -6.974584E-02, -1.783753E-02, 2.614591E-02
2.20631E-08, -7.290741E-02, -1.846985E-02, 2.610376E-02
2.20693E-08, -7.659590E-02, -1.889139E-02, 2.601945E-02
2.20756E-08, -7.975747E-02, -1.962909E-02, 2.593514E-02
2.20818E-08, -8.239211E-02, -2.015601E-02, 2.585083E-02
2.20881E-08, -8.502675E-02, -2.036679E-02, 2.568221E-02
2.20943E-08, -8.660753E-02, -2.068294E-02, 2.568221E-02
2.21006E-08, -8.924218E-02, -2.089372E-02, 2.555575E-02
2.21068E-08, -9.029603E-02, -2.110448E-02, 2.555575E-02
2.21131E-08, -9.082296E-02, -2.099910E-02, 2.547145E-02
2.21193E-08, -9.187681E-02, -2.099910E-02, 2.542929E-02
2.21256E-08, -9.240374E-02, -2.089372E-02, 2.542929E-02
2.21318E-08, -9.293067E-02, -2.068294E-02, 2.555575E-02
2.21381E-08, -9.187681E-02, -2.057756E-02, 2.559791E-02
2.21443E-08, -9.240374E-02, -2.005063E-02, 2.572437E-02
2.21506E-08, -9.082296E-02, -1.962909E-02, 2.585083E-02
2.21568E-08, -9.029603E-02, -1.910216E-02, 2.606160E-02
2.21631E-08, -8.924218E-02, -1.878600E-02, 2.623022E-02
2.21693E-08, -8.766139E-02, -1.815369E-02, 2.652530E-02
2.21756E-08, -8.713446E-02, -1.783753E-02, 2.686253E-02
2.21818E-08, -8.449982E-02, -1.741599E-02, 2.719977E-02
2.21881E-08, -8.449982E-02, -1.678368E-02, 2.745269E-02
2.21943E-08, -8.291904E-02, -1.646752E-02, 2.783208E-02
2.22006E-08, -8.133826E-02, -1.625675E-02, 2.821147E-02
2.22068E-08, -7.975747E-02, -1.594059E-02, 2.859086E-02
2.22131E-08, -7.870361E-02, -1.562444E-02, 2.888594E-02
2.22193E-08, -7.659590E-02, -1.583521E-02, 2.918102E-02
2.22256E-08, -7.606898E-02, -1.572982E-02, 2.960256E-02
2.22318E-08, -7.501512E-02, -1.615136E-02, 2.989764E-02
2.22381E-08, -7.343434E-02, -1.667829E-02, 3.019272E-02
2.22443E-08, -7.290741E-02, -1.678368E-02, 3.036134E-02
2.22506E-08, -7.027277E-02, -1.741599E-02, 3.061426E-02
2.22568E-08, -6.921891E-02, -1.794292E-02, 3.086719E-02
2.22631E-08, -6.816506E-02, -1.868062E-02, 3.090934E-02
2.22693E-08, -6.658427E-02, -1.983986E-02, 3.112011E-02
2.22756E-08, -6.500349E-02, -2.078833E-02, 3.116227E-02
2.22818E-08, -6.342271E-02, -2.184219E-02, 3.124657E-02
2.22881E-08, -6.026114E-02, -2.268527E-02, 3.120442E-02
2.22943E-08, -5.920728E-02, -2.405528E-02, 3.116227E-02
2.23006E-08, -5.657265E-02, -2.500375E-02, 3.112011E-02
2.23068E-08, -5.341108E-02, -2.616299E-02, 3.099365E-02
2.23131E-08, -4.972258E-02, -2.732223E-02, 3.086719E-02
2.23193E-08, -4.708794E-02, -2.837609E-02, 3.069857E-02
2.23256E-08, -4.287252E-02, -2.921917E-02, 3.048780E-02
2.23318E-08, -3.971095E-02, -3.037842E-02, 3.031918E-02
2.23381E-08, -3.496860E-02, -3.122150E-02, 3.015056E-02
2.23443E-08, -3.128011E-02, -3.153766E-02, 2.993979E-02
2.23506E-08, -2.653776E-02, -3.206459E-02, 2.972902E-02
2.23568E-08, -2.179541E-02, -3.248613E-02, 2.956040E-02
2.23631E-08, -1.757998E-02, -3.248613E-02, 2.943394E-02
2.23693E-08, -1.283763E-02, -3.238074E-02, 2.922317E-02
2.23756E-08, -8.62221E-03, -3.216997E-02, 2.913886E-02
2.23818E-08, -3.87986E-03, -3.185381E-02, 2.901240E-02
2.23881E-08, 1.91635E-03, -3.111611E-02, 2.888594E-02
2.23943E-08, 4.55099E-03, -3.027303E-02, 2.888594E-02
2.24006E-08, 9.29334E-03, -2.921917E-02, 2.888594E-02
2.24068E-08, 1.192798E-02, -2.816532E-02, 2.884378E-02
2.24131E-08, 1.614340E-02, -2.668992E-02, 2.884378E-02
2.24193E-08, 1.772419E-02, -2.510914E-02, 2.884378E-02
2.24256E-08, 2.088575E-02, -2.352835E-02, 2.888594E-02
2.24318E-08, 2.088575E-02, -2.184219E-02, 2.888594E-02
2.24381E-08, 2.193961E-02, -1.983986E-02, 2.905455E-02
2.24443E-08, 2.299346E-02, -1.794292E-02, 2.905455E-02
2.24506E-08, 2.246654E-02, -1.604598E-02, 2.909671E-02
2.24568E-08, 2.088575E-02, -1.414904E-02, 2.918102E-02
2.24631E-08, 1.983190E-02, -1.225210E-02, 2.922317E-02
2.24693E-08, 1.614340E-02, -1.035516E-02, 2.934963E-02
2.24756E-08, 1.403569E-02, -8.45822E-03, 2.939179E-02
2.24818E-08, 9.82027E-03, -6.87743E-03, 2.947610E-02
2.24881E-08, 6.65870E-03, -5.19126E-03, 2.947610E-02
2.24943E-08, 1.38942E-03, -4.03202E-03, 2.947610E-02
2.25006E-08, -2.29907E-03, -2.76740E-03, 2.951825E-02
2.25068E-08, -8.09528E-03, -1.60815E-03, 2.947610E-02
2.25131E-08, -1.283763E-02, -8.7046E-04, 2.943394E-02
2.25193E-08, -1.863384E-02, -2.3814E-04, 2.939179E-02
2.25256E-08, -2.337619E-02, 1.8340E-04, 2.930748E-02
2.25318E-08, -2.917239E-02, 2.8879E-04, 2.926533E-02
2.25381E-08, -3.391474E-02, 7.801E-05, 2.922317E-02
2.25443E-08, -3.813017E-02, -3.4353E-04, 2.909671E-02
2.25506E-08, -4.234559E-02, -7.6507E-04, 2.897025E-02
2.25568E-08, -4.603409E-02, -1.60815E-03, 2.897025E-02
2.25631E-08, -4.972258E-02, -2.66201E-03, 2.880163E-02
2.25693E-08, -5.288415E-02, -3.71587E-03, 2.880163E-02
2.25756E-08, -5.499186E-02, -5.19126E-03, 2.875947E-02
2.25818E-08, -5.604572E-02, -6.66666E-03, 2.875947E-02
2.25881E-08, -5.815343E-02, -8.14206E-03, 2.867517E-02
2.25943E-08, -5.762650E-02, -1.003900E-02, 2.884378E-02
2.26006E-08, -5.709957E-02, -1.183056E-02, 2.892809E-02
2.26068E-08, -5.657265E-02, -1.372750E-02, 2.897025E-02
2.26131E-08, -5.551879E-02, -1.562444E-02, 2.918102E-02
2.26193E-08, -5.288415E-02, -1.731060E-02, 2.934963E-02
2.26256E-08, -5.024951E-02, -1.941832E-02, 2.956040E-02
2.26318E-08, -4.708794E-02, -2.120987E-02, 2.985548E-02
2.26381E-08, -4.392638E-02, -2.310681E-02, 3.010841E-02
2.26443E-08, -4.129174E-02, -2.489837E-02, 3.044564E-02
2.26506E-08, -3.654939E-02, -2.626838E-02, 3.078288E-02
2.26568E-08, -3.233396E-02, -2.774378E-02, 3.116227E-02
2.26631E-08, -2.706468E-02, -2.890302E-02, 3.154165E-02
2.26693E-08, -2.390312E-02, -3.006226E-02, 3.200535E-02
2.26756E-08, -1.968769E-02, -3.101073E-02, 3.238474E-02
2.26818E-08, -1.547227E-02, -3.174843E-02, 3.289059E-02
2.26881E-08, -1.231070E-02, -3.216997E-02, 3.331213E-02
2.26943E-08, -8.62221E-03, -3.248613E-02, 3.373367E-02
2.27006E-08, -4.93371E-03, -3.269690E-02, 3.407091E-02
2.27068E-08, -2.29907E-03, -3.248613E-02, 3.445030E-02
2.27131E-08, -1.9136E-04, -3.216997E-02, 3.478753E-02
2.27193E-08, 1.38942E-03, -3.143227E-02, 3.504045E-02
2.27256E-08, 3.49713E-03, -3.079996E-02, 3.533553E-02
2.27318E-08, 4.55099E-03, -3.006226E-02, 3.554631E-02
2.27381E-08, 5.60485E-03, -2.890302E-02, 3.567277E-02
2.27443E-08, 5.07792E-03, -2.774378E-02, 3.575708E-02
2.27506E-08, 5.07792E-03, -2.637376E-02, 3.588354E-02
2.27568E-08, 5.07792E-03, -2.468760E-02, 3.584138E-02
2.27631E-08, 2.44328E-03, -2.310681E-02, 3.571492E-02
2.27693E-08, 1.91635E-03, -2.142064E-02, 3.567277E-02
2.27756E-08, 3.3557E-04, -1.973447E-02, 3.550415E-02
2.27818E-08, -1.77215E-03, -1.773215E-02, 3.529338E-02
2.27881E-08, -2.82600E-03, -1.583521E-02, 3.508261E-02
2.27943E-08, -5.46064E-03, -1.414904E-02, 3.482968E-02
2.28006E-08, -7.56835E-03, -1.204133E-02, 3.453460E-02
2.28068E-08, -9.14914E-03, -1.003900E-02, 3.428168E-02
2.28131E-08, -1.125685E-02, -8.24745E-03, 3.394444E-02
2.28193E-08, -1.336456E-02, -6.35051E-03, 3.356506E-02
2.28256E-08, -1.441841E-02, -4.66434E-03, 3.331213E-02
2.28318E-08, -1.705305E-02, -2.97817E-03, 3.305921E-02
2.28381E-08, -1.916077E-02, -1.29200E-03, 3.276413E-02
2.28443E-08, -2.126848E-02, 7.801E-05, 3.246905E-02
2.28506E-08, -2.179541E-02, 1.44803E-03, 3.221612E-02
2.28568E-08, -2.284926E-02, 2.92343E-03, 3.200535E-02
2.28631E-08, -2.390312E-02, 3.97728E-03, 3.179458E-02
2.28693E-08, -2.390312E-02, 5.13652E-03, 3.179458E-02
2.28756E-08, -2.495697E-02, 5.66345E-03, 3.166812E-02
2.28818E-08, -2.495697E-02, 6.29576E-03, 3.171027E-02
2.28881E-08, -2.548390E-02, 7.03346E-03, 3.166812E-02
2.28943E-08, -2.548390E-02, 7.13885E-03, 3.179458E-02
2.29006E-08, -2.548390E-02, 7.45500E-03, 3.187889E-02
2.29068E-08, -2.601083E-02, 7.34962E-03, 3.208966E-02
2.29131E-08, -2.495697E-02, 7.24423E-03, 3.230043E-02
2.29193E-08, -2.601083E-02, 7.03346E-03, 3.255336E-02
2.29256E-08, -2.495697E-02, 6.50653E-03, 3.280628E-02
2.29318E-08, -2.495697E-02, 5.87422E-03, 3.301705E-02
2.29381E-08, -2.495697E-02, 5.34729E-03, 3.343859E-02
2.29443E-08, -2.495697E-02, 4.18805E-03, 3.369152E-02
2.29506E-08, -2.443004E-02, 3.34497E-03, 3.398660E-02
2.29568E-08, -2.337619E-02, 2.29111E-03, 3.436599E-02
2.29631E-08, -2.390312E-02, 1.23726E-03, 3.461891E-02
2.29693E-08, -2.337619E-02, -2.737E-05, 3.495615E-02
2.29756E-08, -2.284926E-02, -1.60815E-03, 3.529338E-02
2.29818E-08, -2.232233E-02, -2.87278E-03, 3.558846E-02
2.29881E-08, -2.126848E-02, -4.13741E-03, 3.579923E-02
2.29943E-08, -2.179541E-02, -5.71819E-03, 3.617862E-02
2.30006E-08, -2.074155E-02, -7.19359E-03, 3.638939E-02
2.30068E-08, -1.968769E-02, -8.56360E-03, 3.655801E-02
2.30131E-08, -1.863384E-02, -9.93362E-03, 3.668447E-02
2.30193E-08, -1.757998E-02, -1.140901E-02, 3.685309E-02
2.30256E-08, -1.652613E-02, -1.277903E-02, 3.693739E-02
2.30318E-08, -1.547227E-02, -1.414904E-02, 3.702170E-02
2.30381E-08, -1.389149E-02, -1.541366E-02, 3.710601E-02
2.30443E-08, -1.125685E-02, -1.667829E-02, 3.714817E-02
2.30506E-08, -8.09528E-03, -1.783753E-02, 3.714817E-02
2.30568E-08, -7.04142E-03, -1.899678E-02, 3.723247E-02
2.30631E-08, -3.35293E-03, -1.973447E-02, 3.719032E-02
2.30693E-08, -1.24522E-03, -2.089372E-02, 3.719032E-02
2.30756E-08, 1.38942E-03, -2.163141E-02, 3.727463E-02
2.30818E-08, 4.55099E-03, -2.236911E-02, 3.727463E-02
2.30881E-08, 7.71256E-03, -2.289604E-02, 3.731678E-02
2.30943E-08, 1.245491E-02, -2.352835E-02, 3.740109E-02
2.31006E-08, 1.508955E-02, -2.384451E-02, 3.740109E-02
2.31068E-08, 1.877804E-02, -2.416067E-02, 3.748540E-02
2.31131E-08, 2.193961E-02, -2.426605E-02, 3.756971E-02
2.31193E-08, 2.510118E-02, -2.437144E-02, 3.765402E-02
2.31256E-08, 2.878967E-02, -2.426605E-02, 3.782263E-02
2.31318E-08, 3.195124E-02, -2.416067E-02, 3.794910E-02
2.31381E-08, 3.511281E-02, -2.405528E-02, 3.811771E-02
2.31443E-08, 3.774745E-02, -2.363374E-02, 3.828633E-02
2.31506E-08, 4.090901E-02, -2.342297E-02, 3.849710E-02
2.31568E-08, 4.354365E-02, -2.279066E-02, 3.866572E-02
2.31631E-08, 4.512443E-02, -2.226373E-02, 3.887649E-02
2.31693E-08, 4.723215E-02, -2.152603E-02, 3.912941E-02
2.31756E-08, 4.828600E-02, -2.078833E-02, 3.934019E-02
2.31818E-08, 4.881293E-02, -2.005063E-02, 3.959311E-02
2.31881E-08, 5.092064E-02, -1.899678E-02, 3.980388E-02
2.31943E-08, 4.986679E-02, -1.825907E-02, 4.001465E-02
2.32006E-08, 4.933986E-02, -1.741599E-02, 4.022542E-02
2.32068E-08, 4.933986E-02, -1.646752E-02, 4.043620E-02
2.32131E-08, 4.775907E-02, -1.530828E-02, 4.056266E-02
2.32193E-08, 4.617829E-02, -1.435981E-02, 4.073127E-02
2.32256E-08, 4.354365E-02, -1.362211E-02, 4.085774E-02
2.32318E-08, 4.038208E-02, -1.277903E-02, 4.089989E-02
2.32381E-08, 3.669359E-02, -1.172517E-02, 4.102635E-02
2.32443E-08, 3.353202E-02, -1.067131E-02, 4.098420E-02
2.32506E-08, 2.984353E-02, -9.93362E-03, 4.102635E-02
2.32568E-08, 2.510118E-02, -8.98515E-03, 4.098420E-02
2.32631E-08, 2.088575E-02, -8.14206E-03, 4.102635E-02
2.32693E-08, 1.614340E-02, -7.72052E-03, 4.102635E-02
2.32756E-08, 1.087412E-02, -6.87743E-03, 4.094205E-02
2.32818E-08, 4.55099E-03, -6.24512E-03, 4.085774E-02
2.32881E-08, -7.1829E-04, -5.61281E-03, 4.077343E-02
2.32943E-08, -5.98757E-03, -5.29665E-03, 4.068912E-02
2.33006E-08, -1.125685E-02, -4.76972E-03, 4.064697E-02
2.33068E-08, -1.757998E-02, -4.66434E-03, 4.056266E-02
2.33131E-08, -2.232233E-02, -4.24279E-03, 4.047835E-02
2.33193E-08, -2.759161E-02, -3.92664E-03, 4.035189E-02
2.33256E-08, -3.233396E-02, -3.92664E-03, 4.026758E-02
2.33318E-08, -3.760324E-02, -3.71587E-03, 4.022542E-02
2.33381E-08, -4.234559E-02, -3.61048E-03, 4.018327E-02
2.33443E-08, -4.550716E-02, -3.82125E-03, 4.026758E-02
2.33506E-08, -4.919565E-02, -3.92664E-03, 4.022542E-02
2.33568E-08, -5.235722E-02, -4.03202E-03, 4.022542E-02
2.33631E-08, -5.393801E-02, -4.13741E-03, 4.026758E-02
2.33693E-08, -5.762650E-02, -4.34818E-03, 4.035189E-02
2.33756E-08, -5.920728E-02, -4.45356E-03, 4.047835E-02
2.33818E-08, -5.920728E-02, -4.76972E-03, 4.056266E-02
2.33881E-08, -5.973421E-02, -4.98049E-03, 4.073127E-02
2.33943E-08, -5.973421E-02, -5.29665E-03, 4.089989E-02
2.34006E-08, -5.973421E-02, -5.40204E-03, 4.106851E-02
2.34068E-08, -5.868036E-02, -5.61281E-03, 4.127928E-02
2.34131E-08, -5.762650E-02, -5.61281E-03, 4.149005E-02
2.34193E-08, -5.446493E-02, -5.82358E-03, 4.170082E-02
2.34256E-08, -5.183030E-02, -6.03435E-03, 4.191159E-02
2.34318E-08, -4.972258E-02, -6.03435E-03, 4.216452E-02
2.34381E-08, -4.656101E-02, -6.03435E-03, 4.241744E-02
2.34443E-08, -4.339945E-02, -5.92896E-03, 4.254391E-02
2.34506E-08, -3.971095E-02, -5.92896E-03, 4.275468E-02
2.34568E-08, -3.602246E-02, -6.13973E-03, 4.304976E-02
2.34631E-08, -3.286089E-02, -5.82358E-03, 4.321837E-02
2.34693E-08, -2.811854E-02, -5.61281E-03, 4.347130E-02
2.34756E-08, -2.548390E-02, -5.40204E-03, 4.376638E-02
2.34818E-08, -2.284926E-02, -5.29665E-03, 4.393500E-02
2.34881E-08, -1.863384E-02, -4.98049E-03, 4.423008E-02
2.34943E-08, -1.599920E-02, -4.76972E-03, 4.448300E-02
2.35006E-08, -1.389149E-02, -4.45356E-03, 4.469377E-02
2.35068E-08, -1.125685E-02, -4.13741E-03, 4.490454E-02
2.35131E-08, -9.67606E-03, -3.92664E-03, 4.507316E-02
2.35193E-08, -8.09528E-03, -3.82125E-03, 4.528393E-02
2.35256E-08, -8.62221E-03, -3.61048E-03, 4.549470E-02
2.35318E-08, -7.04142E-03, -3.29432E-03, 4.578978E-02
2.35381E-08, -8.09528E-03, -3.29432E-03, 4.608486E-02
2.35443E-08, -8.62221E-03, -3.08355E-03, 4.625348E-02
2.35506E-08, -9.67606E-03, -3.08355E-03, 4.642209E-02
2.35568E-08, -1.125685E-02, -3.18894E-03, 4.667502E-02
2.35631E-08, -1.389149E-02, -2.97817E-03, 4.688579E-02
2.35693E-08, -1.494534E-02, -3.18894E-03, 4.718087E-02
2.35756E-08, -1.810691E-02, -3.29432E-03, 4.734949E-02
2.35818E-08, -2.074155E-02, -3.39971E-03, 4.764457E-02
2.35881E-08, -2.284926E-02, -3.71587E-03, 4.789750E-02
2.35943E-08, -2.443004E-02, -4.03202E-03, 4.810826E-02
2.36006E-08, -2.811854E-02, -4.45356E-03, 4.831903E-02
2.36068E-08, -3.022625E-02, -4.76972E-03, 4.852981E-02
2.36131E-08, -3.286089E-02, -5.19126E-03, 4.869843E-02
2.36193E-08, -3.391474E-02, -5.92896E-03, 4.890919E-02
2.36256E-08, -3.654939E-02, -6.13973E-03, 4.899350E-02
2.36318E-08, -3.707631E-02, -6.77205E-03, 4.916212E-02
2.36381E-08, -3.918403E-02, -7.08820E-03, 4.924643E-02
2.36443E-08, -3.865710E-02, -7.61513E-03, 4.941504E-02
2.36506E-08, -3.865710E-02, -7.93129E-03, 4.933074E-02
2.36568E-08, -3.760324E-02, -8.56360E-03, 4.941504E-02
2.36631E-08, -3.654939E-02, -8.98515E-03, 4.937289E-02
2.36693E-08, -3.496860E-02, -9.40669E-03, 4.933074E-02
2.36756E-08, -3.233396E-02, -9.61746E-03, 4.937289E-02
2.36818E-08, -3.022625E-02, -1.014439E-02, 4.933074E-02
2.36881E-08, -2.706468E-02, -1.046054E-02, 4.924643E-02
2.36943E-08, -2.390312E-02, -1.067131E-02, 4.911997E-02
2.37006E-08, -2.021462E-02, -1.077670E-02, 4.899350E-02
2.37068E-08, -1.705305E-02, -1.109286E-02, 4.886704E-02
2.37131E-08, -1.178377E-02, -1.109286E-02, 4.865627E-02
2.37193E-08, -8.62221E-03, -1.119824E-02, 4.844550E-02
2.37256E-08, -4.40678E-03, -1.119824E-02, 4.827688E-02
2.37318E-08, -1.9136E-04, -1.130363E-02, 4.806611E-02
2.37381E-08, 4.55099E-03, -1.119824E-02, 4.781318E-02
2.37443E-08, 7.71256E-03, -1.109286E-02, 4.768672E-02
2.37506E-08, 1.192798E-02, -1.088209E-02, 4.739164E-02
2.37568E-08, 1.403569E-02, -1.098747E-02, 4.722303E-02
2.37631E-08, 1.719726E-02, -1.088209E-02, 4.701225E-02
2.37693E-08, 1.983190E-02, -1.067131E-02, 4.684364E-02
2.37756E-08, 2.035883E-02, -1.056593E-02, 4.680149E-02
2.37818E-08, 2.193961E-02, -1.056593E-02, 4.663287E-02
2.37881E-08, 2.299346E-02, -1.014439E-02, 4.654856E-02
2.37943E-08, 2.299346E-02, -1.003900E-02, 4.646425E-02
2.38006E-08, 2.246654E-02, -9.93362E-03, 4.642209E-02
2.38068E-08, 2.141268E-02, -9.61746E-03, 4.637994E-02
2.38131E-08, 2.088575E-02, -9.40669E-03, 4.642209E-02
2.38193E-08, 1.930497E-02, -9.30130E-03, 4.637994E-02
2.38256E-08, 1.719726E-02, -8.87976E-03, 4.646425E-02
2.38318E-08, 1.456262E-02, -8.66899E-03, 4.646425E-02
2.38381E-08, 1.298183E-02, -8.66899E-03, 4.663287E-02
2.38443E-08, 1.034720E-02, -8.45822E-03, 4.675933E-02
2.38506E-08, 8.23948E-03, -8.35283E-03, 4.684364E-02
2.38568E-08, 5.07792E-03, -8.03667E-03, 4.697010E-02
2.38631E-08, 2.97021E-03, -7.61513E-03, 4.709656E-02
2.38693E-08, 3.3557E-04, -7.40436E-03, 4.726518E-02
2.38756E-08, -1.24522E-03, -7.08820E-03, 4.739164E-02
2.38818E-08, -2.82600E-03, -6.66666E-03, 4.751810E-02
2.38881E-08, -4.40678E-03, -6.45589E-03, 4.772888E-02
2.38943E-08, -5.98757E-03, -5.92896E-03, 4.785534E-02
2.39006E-08, -6.51450E-03, -5.50742E-03, 4.798180E-02
2.39068E-08, -5.98757E-03, -5.19126E-03, 4.810826E-02
2.39131E-08, -6.51450E-03, -4.76972E-03, 4.823473E-02
2.39193E-08, -5.46064E-03, -4.45356E-03, 4.827688E-02
2.39256E-08, -4.40678E-03, -3.92664E-03, 4.840335E-02
2.39318E-08, -3.35293E-03, -3.61048E-03, 4.836119E-02
2.39381E-08, -1.24522E-03, -3.18894E-03, 4.844550E-02
2.39443E-08, -7.1829E-04, -2.76740E-03, 4.844550E-02
2.39506E-08, 2.44328E-03, -2.34585E-03, 4.844550E-02
2.39568E-08, 4.55099E-03, -2.13508E-03, 4.844550E-02
2.39631E-08, 7.71256E-03, -1.71354E-03, 4.840335E-02
2.39693E-08, 8.76641E-03, -1.50277E-03, 4.836119E-02
2.39756E-08, 1.192798E-02, -1.08123E-03, 4.840335E-02
2.39818E-08, 1.298183E-02, -8.7046E-04, 4.831903E-02
2.39881E-08, 1.561647E-02, -4.4891E-04, 4.827688E-02
2.39943E-08, 1.614340E-02, -4.4891E-04, 4.823473E-02
2.40006E-08, 1.772419E-02, -3.4353E-04, 4.827688E-02
2.40068E-08, 1.877804E-02, -2.737E-05, 4.815042E-02
2.40131E-08, 1.772419E-02, -2.3814E-04, 4.815042E-02
2.40193E-08, 1.772419E-02, -3.4353E-04, 4.815042E-02
2.40256E-08, 1.772419E-02, -2.737E-05, 4.819257E-02
2.40318E-08, 1.614340E-02, -3.4353E-04, 4.823473E-02
2.40381E-08, 1.403569E-02, -5.5430E-04, 4.827688E-02
2.40443E-08, 1.192798E-02, -5.5430E-04, 4.831903E-02
2.40506E-08, 7.71256E-03, -6.5968E-04, 4.836119E-02
2.40568E-08, 5.07792E-03, -7.6507E-04, 4.844550E-02
2.40631E-08, 8.6249E-04, -8.7046E-04, 4.869843E-02
2.40693E-08, -3.35293E-03, -9.7584E-04, 4.886704E-02
2.40756E-08, -8.62221E-03, -8.7046E-04, 4.911997E-02
2.40818E-08, -1.389149E-02, -8.7046E-04, 4.928858E-02
2.40881E-08, -1.757998E-02, -7.6507E-04, 4.958366E-02
2.40943E-08, -2.337619E-02, -7.6507E-04, 4.996305E-02
2.41006E-08, -2.969932E-02, -6.5968E-04, 5.021597E-02
2.41068E-08, -3.444167E-02, -2.3814E-04, 5.059537E-02
2.41131E-08, -3.971095E-02, 1.8340E-04, 5.093260E-02
2.41193E-08, -4.392638E-02, 4.9956E-04, 5.131198E-02
2.41256E-08, -4.866873E-02, 9.2110E-04, 5.173353E-02
2.41318E-08, -5.183030E-02, 1.34264E-03, 5.211292E-02
2.41381E-08, -5.604572E-02, 1.86957E-03, 5.257661E-02
2.41443E-08, -5.920728E-02, 2.50188E-03, 5.295600E-02
2.41506E-08, -6.131500E-02, 3.13420E-03, 5.333539E-02
2.41568E-08, -6.394964E-02, 3.76651E-03, 5.379909E-02
2.41631E-08, -6.553042E-02, 4.39882E-03, 5.417847E-02
2.41693E-08, -6.605735E-02, 5.03114E-03, 5.464217E-02
2.41756E-08, -6.658427E-02, 5.66345E-03, 5.506371E-02
2.41818E-08, -6.658427E-02, 6.40115E-03, 5.544310E-02
2.41881E-08, -6.500349E-02, 7.03346E-03, 5.569603E-02
2.41943E-08, -6.394964E-02, 7.45500E-03, 5.615972E-02
2.42006E-08, -6.289578E-02, 7.77116E-03, 5.641265E-02
2.42068E-08, -6.078807E-02, 8.19270E-03, 5.674988E-02
2.42131E-08, -5.815343E-02, 8.29809E-03, 5.696065E-02
2.42193E-08, -5.604572E-02, 8.71963E-03, 5.729789E-02
2.42256E-08, -5.341108E-02, 8.40348E-03, 5.738220E-02
2.42318E-08, -5.183030E-02, 8.29809E-03, 5.755081E-02
2.42381E-08, -4.919565E-02, 7.98193E-03, 5.771943E-02
2.42443E-08, -4.814180E-02, 7.34962E-03, 5.784589E-02
2.42506E-08, -4.603409E-02, 7.03346E-03, 5.793020E-02
2.42568E-08, -4.339945E-02, 6.08499E-03, 5.805666E-02
2.42631E-08, -4.287252E-02, 5.45268E-03, 5.797235E-02
2.42693E-08, -4.181866E-02, 4.39882E-03, 5.797235E-02
2.42756E-08, -4.181866E-02, 3.45035E-03, 5.793020E-02
2.42818E-08, -4.339945E-02, 2.18573E-03, 5.797235E-02
2.42881E-08, -4.287252E-02, 1.13187E-03, 5.788805E-02
2.42943E-08, -4.392638E-02, -2.3814E-04, 5.784589E-02
2.43006E-08, -4.656101E-02, -1.39738E-03, 5.776158E-02
2.43068E-08, -4.814180E-02, -2.76740E-03, 5.763512E-02
2.43131E-08, -5.130336E-02, -4.24279E-03, 5.755081E-02
2.43193E-08, -5.393801E-02, -5.29665E-03, 5.742435E-02
2.43256E-08, -5.815343E-02, -6.66666E-03, 5.725573E-02
2.43318E-08, -6.184192E-02, -7.82590E-03, 5.729789E-02
2.43381E-08, -6.605735E-02, -8.87976E-03, 5.708712E-02
2.43443E-08, -6.869198E-02, -9.72284E-03, 5.712927E-02
2.43506E-08, -7.343434E-02, -1.046054E-02, 5.691850E-02
2.43568E-08, -7.764976E-02, -1.119824E-02, 5.696065E-02
2.43631E-08, -8.081133E-02, -1.151440E-02, 5.691850E-02
2.43693E-08, -8.555368E-02, -1.183056E-02, 5.691850E-02
2.43756E-08, -8.871525E-02, -1.193594E-02, 5.691850E-02
2.43818E-08, -9.134988E-02, -1.172517E-02, 5.696065E-02
2.43881E-08, -9.345759E-02, -1.151440E-02, 5.708712E-02
2.43943E-08, -9.609224E-02, -1.098747E-02, 5.717142E-02
2.44006E-08, -9.819995E-02, -1.046054E-02, 5.729789E-02
2.44068E-08, -9.819995E-02, -9.51207E-03, 5.738220E-02
2.44131E-08, -9.819995E-02, -8.66899E-03, 5.755081E-02
2.44193E-08, -9.872688E-02, -7.50975E-03, 5.776158E-02
2.44256E-08, -9.661917E-02, -6.35051E-03, 5.797235E-02
2.44318E-08, -9.451145E-02, -4.87511E-03, 5.814097E-02
2.44381E-08, -9.187681E-02, -3.61048E-03, 5.843605E-02
2.44443E-08, -8.976910E-02, -2.02970E-03, 5.864682E-02
2.44506E-08, -8.608060E-02, -6.5968E-04, 5.889975E-02
2.44568E-08, -8.186518E-02, 1.02648E-03, 5.923698E-02
2.44631E-08, -7.659590E-02, 2.60727E-03, 5.948991E-02
2.44693E-08, -7.238048E-02, 3.97728E-03, 5.978499E-02
2.44756E-08, -6.711120E-02, 5.45268E-03, 6.003791E-02
2.44818E-08, -6.184192E-02, 6.92808E-03, 6.033299E-02
2.44881E-08, -5.551879E-02, 8.19270E-03, 6.067022E-02
2.44943E-08, -5.024951E-02, 9.35195E-03, 6.092315E-02
2.45006E-08, -4.550716E-02, 1.040580E-02, 6.117608E-02
2.45068E-08, -3.865710E-02, 1.135427E-02, 6.138685E-02
2.45131E-08, -3.496860E-02, 1.219736E-02, 6.155546E-02
2.45193E-08, -2.969932E-02, 1.282967E-02, 6.168193E-02
2.45256E-08, -2.495697E-02, 1.346198E-02, 6.189270E-02
2.45318E-08, -2.074155E-02, 1.356737E-02, 6.201916E-02
2.45381E-08, -1.757998E-02, 1.367275E-02, 6.210347E-02
2.45443E-08, -1.441841E-02, 1.388352E-02, 6.227209E-02
2.45506E-08, -1.125685E-02, 1.367275E-02, 6.218778E-02
2.45568E-08, -9.14914E-03, 1.346198E-02, 6.222993E-02
2.45631E-08, -7.04142E-03, 1.304044E-02, 6.231424E-02
2.45693E-08, -6.51450E-03, 1.261890E-02, 6.222993E-02
2.45756E-08, -6.51450E-03, 1.209197E-02, 6.214562E-02
2.45818E-08, -7.04142E-03, 1.145966E-02, 6.214562E-02
2.45881E-08, -5.98757E-03, 1.082734E-02, 6.206131E-02
2.45943E-08, -8.62221E-03, 1.008964E-02, 6.197701E-02
2.46006E-08, -9.14914E-03, 9.24656E-03, 6.189270E-02
2.46068E-08, -1.072992E-02, 8.61425E-03, 6.176623E-02
2.46131E-08, -1.336456E-02, 7.87655E-03, 6.159762E-02
2.46193E-08, -1.547227E-02, 6.92808E-03, 6.147116E-02
2.46256E-08, -1.863384E-02, 6.40115E-03, 6.130254E-02
2.46318E-08, -2.126848E-02, 5.97961E-03, 6.126038E-02
2.46381E-08, -2.443004E-02, 5.24191E-03, 6.109177E-02
2.46443E-08, -2.811854E-02, 4.92575E-03, 6.096530E-02
2.46506E-08, -3.022625E-02, 4.82037E-03, 6.092315E-02
2.46568E-08, -3.496860E-02, 4.50421E-03, 6.088100E-02
2.46631E-08, -3.707631E-02, 4.39882E-03, 6.079669E-02
2.46693E-08, -4.076481E-02, 4.39882E-03, 6.079669E-02
2.46756E-08, -4.339945E-02, 4.50421E-03, 6.088100E-02
2.46818E-08, -4.708794E-02, 4.92575E-03, 6.092315E-02
2.46881E-08, -4.919565E-02, 5.24191E-03, 6.096530E-02
2.46943E-08, -5.183030E-02, 5.87422E-03, 6.109177E-02
2.47006E-08, -5.446493E-02, 6.40115E-03, 6.130254E-02
2.47068E-08, -5.709957E-02, 7.03346E-03, 6.142900E-02
2.47131E-08, -5.868036E-02, 7.98193E-03, 6.159762E-02
2.47193E-08, -6.026114E-02, 8.71963E-03, 6.185054E-02
2.47256E-08, -6.236885E-02, 9.66810E-03, 6.197701E-02
2.47318E-08, -6.342271E-02, 1.040580E-02, 6.222993E-02
2.47381E-08, -6.553042E-02, 1.156504E-02, 6.252501E-02
2.47443E-08, -6.605735E-02, 1.251351E-02, 6.273578E-02
2.47506E-08, -6.763813E-02, 1.346198E-02, 6.298871E-02
2.47568E-08, -6.763813E-02, 1.462122E-02, 6.324163E-02
2.47631E-08, -6.869198E-02, 1.556969E-02, 6.357887E-02
2.47693E-08, -6.974584E-02, 1.630739E-02, 6.378964E-02
2.47756E-08, -7.027277E-02, 1.715048E-02, 6.404256E-02
2.47818E-08, -7.027277E-02, 1.809895E-02, 6.433764E-02
2.47881E-08, -7.027277E-02, 1.873126E-02, 6.463272E-02
2.47943E-08, -7.027277E-02, 1.936357E-02, 6.484349E-02
2.48006E-08, -6.921891E-02, 2.010127E-02, 6.509642E-02
2.48068E-08, -6.869198E-02, 2.031204E-02, 6.526504E-02
2.48131E-08, -6.869198E-02, 2.083897E-02, 6.539150E-02
2.48193E-08, -6.711120E-02, 2.104974E-02, 6.547581E-02
2.48256E-08, -6.605735E-02, 2.126051E-02, 6.551796E-02
2.48318E-08, -6.447656E-02, 2.126051E-02, 6.564442E-02
2.48381E-08, -6.342271E-02, 2.136590E-02, 6.564442E-02
2.48443E-08, -6.131500E-02, 2.115513E-02, 6.572873E-02
2.48506E-08, -5.868036E-02, 2.115513E-02, 6.568658E-02
2.48568E-08, -5.657265E-02, 2.094436E-02, 6.572873E-02
2.48631E-08, -5.499186E-02, 2.062820E-02, 6.568658E-02
2.48693E-08, -5.130336E-02, 2.031204E-02, 6.564442E-02
2.48756E-08, -4.972258E-02, 2.020666E-02, 6.560227E-02
2.48818E-08, -4.708794E-02, 1.989050E-02, 6.551796E-02
2.48881E-08, -4.287252E-02, 1.946896E-02, 6.539150E-02
2.48943E-08, -3.918403E-02, 1.894203E-02, 6.539150E-02
2.49006E-08, -3.654939E-02, 1.873126E-02, 6.534934E-02
2.49068E-08, -3.233396E-02, 1.852049E-02, 6.522288E-02
2.49131E-08, -2.759161E-02, 1.799356E-02, 6.522288E-02
2.49193E-08, -2.390312E-02, 1.778279E-02, 6.526504E-02
2.49256E-08, -1.916077E-02, 1.767741E-02, 6.513857E-02
2.49318E-08, -1.599920E-02, 1.736125E-02, 6.518073E-02
2.49381E-08, -1.231070E-02, 1.715048E-02, 6.518073E-02
2.49443E-08, -7.56835E-03, 1.715048E-02, 6.526504E-02
2.49506E-08, -4.40678E-03, 1.704509E-02, 6.526504E-02
2.49568E-08, -1.9136E-04, 1.683432E-02, 6.530719E-02
2.49631E-08, 2.97021E-03, 1.704509E-02, 6.543365E-02
2.49693E-08, 6.13177E-03, 1.693971E-02, 6.547581E-02
2.49756E-08, 9.29334E-03, 1.683432E-02, 6.564442E-02
2.49818E-08, 1.245491E-02, 1.683432E-02, 6.585520E-02
2.49881E-08, 1.508955E-02, 1.662355E-02, 6.606597E-02
2.49943E-08, 1.719726E-02, 1.662355E-02, 6.615028E-02
2.50006E-08, 1.877804E-02, 1.651816E-02, 6.636105E-02
2.50068E-08, 2.088575E-02, 1.630739E-02, 6.657182E-02
2.50131E-08, 2.299346E-02, 1.630739E-02, 6.678259E-02
2.50193E-08, 2.193961E-02, 1.630739E-02, 6.695121E-02
2.50256E-08, 2.352039E-02, 1.609662E-02, 6.707767E-02
2.50318E-08, 2.352039E-02, 1.588585E-02, 6.724629E-02
2.50381E-08, 2.352039E-02, 1.546431E-02, 6.749921E-02
2.50443E-08, 2.246654E-02, 1.504277E-02, 6.762567E-02
2.50506E-08, 2.193961E-02, 1.472661E-02, 6.775214E-02
2.50568E-08, 2.088575E-02, 1.419968E-02, 6.787860E-02
2.50631E-08, 1.877804E-02, 1.377814E-02, 6.792075E-02
2.50693E-08, 1.667033E-02, 1.314583E-02, 6.800506E-02
2.50756E-08, 1.350876E-02, 1.261890E-02, 6.804722E-02
2.50818E-08, 1.140105E-02, 1.188120E-02, 6.813152E-02
2.50881E-08, 9.29334E-03, 1.124889E-02, 6.817368E-02
2.50943E-08, 6.13177E-03, 1.040580E-02, 6.817368E-02
2.51006E-08, 2.44328E-03, 9.87887E-03, 6.817368E-02
2.51068E-08, 3.3557E-04, 9.03579E-03, 6.808937E-02
2.51131E-08, -3.35293E-03, 8.29809E-03, 6.800506E-02
2.51193E-08, -7.56835E-03, 7.66578E-03, 6.796291E-02
2.51256E-08, -9.14914E-03, 6.82269E-03, 6.783644E-02
2.51318E-08, -1.336456E-02, 6.29576E-03, 6.775214E-02
2.51381E-08, -1.757998E-02, 5.55806E-03, 6.770998E-02
2.51443E-08, -2.021462E-02, 5.34729E-03, 6.762567E-02
2.51506E-08, -2.337619E-02, 4.82037E-03, 6.754136E-02
2.51568E-08, -2.653776E-02, 4.50421E-03, 6.745706E-02
2.51631E-08, -2.917239E-02, 4.18805E-03, 6.737275E-02
2.51693E-08, -3.128011E-02, 4.08267E-03, 6.733059E-02
2.51756E-08, -3.391474E-02, 3.97728E-03, 6.741490E-02
2.51818E-08, -3.707631E-02, 3.97728E-03, 6.741490E-02
2.51881E-08, -3.971095E-02, 4.39882E-03, 6.745706E-02
2.51943E-08, -4.023788E-02, 4.18805E-03, 6.758352E-02
2.52006E-08, -4.234559E-02, 4.50421E-03, 6.758352E-02
2.52068E-08, -4.445330E-02, 4.71498E-03, 6.770998E-02
2.52131E-08, -4.498023E-02, 5.24191E-03, 6.783644E-02
2.52193E-08, -4.656101E-02, 5.87422E-03, 6.800506E-02
2.52256E-08, -4.656101E-02, 6.40115E-03, 6.817368E-02
2.52318E-08, -4.814180E-02, 6.61192E-03, 6.838445E-02
2.52381E-08, -4.919565E-02, 7.34962E-03, 6.863737E-02
2.52443E-08, -4.972258E-02, 7.87655E-03, 6.884815E-02
2.52506E-08, -4.972258E-02, 8.61425E-03, 6.897461E-02
2.52568E-08, -5.024951E-02, 9.24656E-03, 6.922753E-02
2.52631E-08, -5.077644E-02, 9.66810E-03, 6.960692E-02
2.52693E-08, -5.024951E-02, 1.030042E-02, 6.985985E-02
2.52756E-08, -4.919565E-02, 1.072196E-02, 7.015493E-02
2.52818E-08, -5.077644E-02, 1.103811E-02, 7.045001E-02
2.52881E-08, -4.919565E-02, 1.156504E-02, 7.066078E-02
2.52943E-08, -4.972258E-02, 1.167043E-02, 7.104017E-02
2.53006E-08, -4.708794E-02, 1.167043E-02, 7.133524E-02
2.53068E-08, -4.761487E-02, 1.209197E-02, 7.154602E-02
2.53131E-08, -4.656101E-02, 1.219736E-02, 7.179894E-02
2.53193E-08, -4.603409E-02, 1.198658E-02, 7.196756E-02
2.53256E-08, -4.498023E-02, 1.188120E-02, 7.217833E-02
2.53318E-08, -4.392638E-02, 1.167043E-02, 7.234695E-02
2.53381E-08, -4.234559E-02, 1.124889E-02, 7.255772E-02
2.53443E-08, -4.181866E-02, 1.124889E-02, 7.259987E-02
2.53506E-08, -4.023788E-02, 1.082734E-02, 7.272633E-02
2.53568E-08, -3.918403E-02, 1.030042E-02, 7.285280E-02
2.53631E-08, -3.760324E-02, 9.87887E-03, 7.297926E-02
2.53693E-08, -3.654939E-02, 9.45733E-03, 7.314788E-02
2.53756E-08, -3.602246E-02, 8.71963E-03, 7.319003E-02
2.53818E-08, -3.391474E-02, 8.08732E-03, 7.319003E-02
2.53881E-08, -3.022625E-02, 7.56039E-03, 7.331649E-02
2.53943E-08, -2.969932E-02, 6.82269E-03, 7.344296E-02
2.54006E-08, -2.811854E-02, 6.40115E-03, 7.344296E-02
2.54068E-08, -2.601083E-02, 5.66345E-03, 7.352726E-02
2.54131E-08, -2.390312E-02, 5.24191E-03, 7.361157E-02
2.54193E-08, -2.179541E-02, 4.60959E-03, 7.365373E-02
2.54256E-08, -1.863384E-02, 4.08267E-03, 7.369588E-02
2.54318E-08, -1.705305E-02, 3.55574E-03, 7.369588E-02
2.54381E-08, -1.547227E-02, 3.02881E-03, 7.386450E-02
2.54443E-08, -1.231070E-02, 2.50188E-03, 7.390665E-02
2.54506E-08, -1.072992E-02, 2.29111E-03, 7.394881E-02
2.54568E-08, -8.62221E-03, 1.86957E-03, 7.403312E-02
2.54631E-08, -6.51450E-03, 1.34264E-03, 7.407527E-02
2.54693E-08, -5.46064E-03, 9.2110E-04, 7.424389E-02
2.54756E-08, -3.87986E-03, 6.0494E-04, 7.428604E-02
2.54818E-08, -2.29907E-03, 1.8340E-04, 7.437035E-02
2.54881E-08, -7.1829E-04, -2.3814E-04, 7.437035E-02
2.54943E-08, 3.3557E-04, -7.6507E-04, 7.441250E-02
2.55006E-08, 8.6249E-04, -1.18661E-03, 7.445466E-02
2.55068E-08, 1.38942E-03, -1.71354E-03, 7.458112E-02
2.55131E-08, 1.38942E-03, -2.02970E-03, 7.445466E-02
2.55193E-08, 1.38942E-03, -2.55662E-03, 7.453897E-02
2.55256E-08, 3.3557E-04, -3.08355E-03, 7.458112E-02
2.55318E-08, 3.3557E-04, -3.50509E-03, 7.449681E-02
2.55381E-08, -1.24522E-03, -4.13741E-03, 7.449681E-02
2.55443E-08, -1.77215E-03, -4.87511E-03, 7.445466E-02
2.55506E-08, -3.87986E-03, -5.29665E-03, 7.432819E-02
2.55568E-08, -5.46064E-03, -6.24512E-03, 7.428604E-02
2.55631E-08, -8.09528E-03, -6.66666E-03, 7.411742E-02
2.55693E-08, -1.020299E-02, -7.50975E-03, 7.399096E-02
2.55756E-08, -1.336456E-02, -8.35283E-03, 7.386450E-02
2.55818E-08, -1.494534E-02, -9.19592E-03, 7.378019E-02
2.55881E-08, -1.810691E-02, -1.003900E-02, 7.352726E-02
2.55943E-08, -2.126848E-02, -1.109286E-02, 7.348511E-02
2.56006E-08, -2.390312E-02, -1.204133E-02, 7.335865E-02
2.56068E-08, -2.653776E-02, -1.267364E-02, 7.323218E-02
2.56131E-08, -2.917239E-02, -1.362211E-02, 7.310572E-02
2.56193E-08, -3.286089E-02, -1.467597E-02, 7.297926E-02
2.56256E-08, -3.549553E-02, -1.551905E-02, 7.297926E-02
2.56318E-08, -3.707631E-02, -1.625675E-02, 7.289495E-02
2.56381E-08, -4.129174E-02, -1.699445E-02, 7.289495E-02
2.56443E-08, -4.181866E-02, -1.773215E-02, 7.293711E-02
2.56506E-08, -4.392638E-02, -1.846985E-02, 7.293711E-02
2.56568E-08, -4.656101E-02, -1.931293E-02, 7.306357E-02
2.56631E-08, -4.656101E-02, -1.973447E-02, 7.310572E-02
2.56693E-08, -4.761487E-02, -2.047217E-02, 7.331649E-02
2.56756E-08, -4.919565E-02, -2.110448E-02, 7.348511E-02
2.56818E-08, -5.024951E-02, -2.152603E-02, 7.369588E-02
2.56881E-08, -4.919565E-02, -2.205296E-02, 7.386450E-02
2.56943E-08, -5.077644E-02, -2.268527E-02, 7.420173E-02
2.57006E-08, -4.972258E-02, -2.321220E-02, 7.449681E-02
2.57068E-08, -5.024951E-02, -2.342297E-02, 7.474974E-02
2.57131E-08, -4.972258E-02, -2.384451E-02, 7.508697E-02
2.57193E-08, -4.919565E-02, -2.384451E-02, 7.538205E-02
2.57256E-08, -4.972258E-02, -2.426605E-02, 7.576144E-02
2.57318E-08, -4.866873E-02, -2.447682E-02, 7.601436E-02
2.57381E-08, -4.866873E-02, -2.437144E-02, 7.643591E-02
2.57443E-08, -4.866873E-02, -2.468760E-02, 7.668883E-02
2.57506E-08, -4.866873E-02, -2.468760E-02, 7.694176E-02
2.57568E-08, -4.866873E-02, -2.458221E-02, 7.719468E-02
2.57631E-08, -4.814180E-02, -2.458221E-02, 7.740545E-02
2.57693E-08, -4.919565E-02, -2.458221E-02, 7.757407E-02
2.57756E-08, -4.866873E-02, -2.479298E-02, 7.774269E-02
2.57818E-08, -5.024951E-02, -2.458221E-02, 7.786915E-02
2.57881E-08, -5.024951E-02, -2.447682E-02, 7.791130E-02
2.57943E-08, -5.183030E-02, -2.458221E-02, 7.807992E-02
2.58006E-08, -5.235722E-02, -2.447682E-02, 7.799561E-02
2.58068E-08, -5.341108E-02, -2.426605E-02, 7.795346E-02
2.58131E-08, -5.446493E-02, -2.416067E-02, 7.782700E-02
2.58193E-08, -5.604572E-02, -2.394990E-02, 7.778484E-02
2.58256E-08, -5.709957E-02, -2.384451E-02, 7.753192E-02
2.58318E-08, -5.868036E-02, -2.363374E-02, 7.740545E-02
2.58381E-08, -6.026114E-02, -2.352835E-02, 7.723684E-02
2.58443E-08, -6.026114E-02, -2.342297E-02, 7.702606E-02
2.58506E-08, -6.026114E-02, -2.321220E-02, 7.681529E-02
2.58568E-08, -6.184192E-02, -2.300143E-02, 7.660452E-02
2.58631E-08, -6.078807E-02, -2.300143E-02, 7.643591E-02
2.58693E-08, -6.184192E-02, -2.300143E-02, 7.622513E-02
2.58756E-08, -6.131500E-02, -2.300143E-02, 7.605652E-02
2.58818E-08, -6.026114E-02, -2.300143E-02, 7.601436E-02
2.58881E-08, -5.815343E-02, -2.300143E-02, 7.588790E-02
2.58943E-08, -5.657265E-02, -2.342297E-02, 7.588790E-02
2.59006E-08, -5.499186E-02, -2.352835E-02, 7.584575E-02
2.59068E-08, -5.183030E-02, -2.384451E-02, 7.593006E-02
2.59131E-08, -4.866873E-02, -2.384451E-02, 7.597221E-02
2.59193E-08, -4.498023E-02, -2.405528E-02, 7.614083E-02
2.59256E-08, -4.076481E-02, -2.437144E-02, 7.630944E-02
2.59318E-08, -3.707631E-02, -2.479298E-02, 7.656237E-02
2.59381E-08, -3.286089E-02, -2.521452E-02, 7.685745E-02
2.59443E-08, -2.759161E-02, -2.553068E-02, 7.711037E-02
2.59506E-08, -2.284926E-02, -2.584684E-02, 7.748976E-02
2.59568E-08, -1.757998E-02, -2.658454E-02, 7.795346E-02
2.59631E-08, -1.283763E-02, -2.711146E-02, 7.841715E-02
2.59693E-08, -8.62221E-03, -2.774378E-02, 7.883870E-02
2.59756E-08, -3.87986E-03, -2.837609E-02, 7.938670E-02
2.59818E-08, -1.9136E-04, -2.932456E-02, 7.997686E-02
2.59881E-08, 4.55099E-03, -2.974610E-02, 8.052487E-02
2.59943E-08, 7.18563E-03, -3.069457E-02, 8.103072E-02
2.60006E-08, 1.140105E-02, -3.153766E-02, 8.157872E-02
2.60068E-08, 1.350876E-02, -3.248613E-02, 8.204242E-02
2.60131E-08, 1.614340E-02, -3.322383E-02, 8.254827E-02
2.60193E-08, 1.719726E-02, -3.406691E-02, 8.305412E-02
2.60256E-08, 1.772419E-02, -3.469922E-02, 8.343351E-02
2.60318E-08, 1.825111E-02, -3.554231E-02, 8.385505E-02
2.60381E-08, 1.772419E-02, -3.638539E-02, 8.423444E-02
2.60443E-08, 1.772419E-02, -3.722848E-02, 8.452952E-02
2.60506E-08, 1.614340E-02, -3.807156E-02, 8.474029E-02
2.60568E-08, 1.350876E-02, -3.891465E-02, 8.499321E-02
2.60631E-08, 1.245491E-02, -3.986312E-02, 8.511968E-02
2.60693E-08, 9.82027E-03, -4.081159E-02, 8.524614E-02
2.60756E-08, 6.65870E-03, -4.165467E-02, 8.528829E-02
2.60818E-08, 2.44328E-03, -4.260314E-02, 8.528829E-02
2.60881E-08, -1.9136E-04, -4.355161E-02, 8.524614E-02
2.60943E-08, -3.87986E-03, -4.450008E-02, 8.524614E-02
2.61006E-08, -7.56835E-03, -4.534317E-02, 8.516183E-02
2.61068E-08, -1.020299E-02, -4.629164E-02, 8.499321E-02
2.61131E-08, -1.441841E-02, -4.702934E-02, 8.486675E-02
2.61193E-08, -1.652613E-02, -4.787242E-02, 8.465598E-02
2.61256E-08, -1.916077E-02, -4.861012E-02, 8.444521E-02
2.61318E-08, -2.179541E-02, -4.945321E-02, 8.423444E-02
2.61381E-08, -2.390312E-02, -5.029629E-02, 8.402367E-02
2.61443E-08, -2.495697E-02, -5.113937E-02, 8.385505E-02
2.61506E-08, -2.601083E-02, -5.166630E-02, 8.368643E-02
2.61568E-08, -2.653776E-02, -5.261477E-02, 8.347566E-02
2.61631E-08, -2.706468E-02, -5.324709E-02, 8.334920E-02
2.61693E-08, -2.653776E-02, -5.398478E-02, 8.318058E-02
2.61756E-08, -2.548390E-02, -5.472248E-02, 8.313843E-02
2.61818E-08, -2.443004E-02, -5.535480E-02, 8.305412E-02
2.61881E-08, -2.232233E-02, -5.609250E-02, 8.296981E-02
2.61943E-08, -2.074155E-02, -5.651404E-02, 8.301196E-02
2.62006E-08, -1.916077E-02, -5.714635E-02, 8.301196E-02
2.62068E-08, -1.757998E-02, -5.788405E-02, 8.309627E-02
2.62131E-08, -1.441841E-02, -5.830560E-02, 8.309627E-02
2.62193E-08, -1.178377E-02, -5.872713E-02, 8.326489E-02
2.62256E-08, -9.14914E-03, -5.914868E-02, 8.339135E-02
2.62318E-08, -7.56835E-03, -5.957022E-02, 8.347566E-02
2.62381E-08, -5.46064E-03, -5.999176E-02, 8.364428E-02
2.62443E-08, -3.87986E-03, -6.041330E-02, 8.381289E-02
2.62506E-08, -3.35293E-03, -6.051869E-02, 8.398151E-02
2.62568E-08, -2.29907E-03, -6.115101E-02, 8.419228E-02
2.62631E-08, -1.77215E-03, -6.136177E-02, 8.436090E-02
2.62693E-08, -2.82600E-03, -6.178332E-02, 8.457167E-02
2.62756E-08, -3.35293E-03, -6.209948E-02, 8.474029E-02
2.62818E-08, -4.93371E-03, -6.252102E-02, 8.490890E-02
2.62881E-08, -6.51450E-03, -6.283718E-02, 8.499321E-02
2.62943E-08, -8.62221E-03, -6.357487E-02, 8.520398E-02
2.63006E-08, -1.125685E-02, -6.378564E-02, 8.528829E-02
2.63068E-08, -1.441841E-02, -6.431257E-02, 8.541476E-02
2.63131E-08, -1.757998E-02, -6.462873E-02, 8.545691E-02
2.63193E-08, -2.284926E-02, -6.494489E-02, 8.549906E-02
2.63256E-08, -2.601083E-02, -6.526104E-02, 8.549906E-02
2.63318E-08, -3.075318E-02, -6.578797E-02, 8.558337E-02
2.63381E-08, -3.549553E-02, -6.599874E-02, 8.558337E-02
2.63443E-08, -4.076481E-02, -6.610413E-02, 8.554122E-02
2.63506E-08, -4.498023E-02, -6.652567E-02, 8.549906E-02
2.63568E-08, -5.024951E-02, -6.673644E-02, 8.545691E-02
2.63631E-08, -5.393801E-02, -6.705260E-02, 8.545691E-02
2.63693E-08, -5.868036E-02, -6.705260E-02, 8.541476E-02
2.63756E-08, -6.289578E-02, -6.715798E-02, 8.541476E-02
2.63818E-08, -6.605735E-02, -6.768491E-02, 8.533045E-02
2.63881E-08, -6.763813E-02, -6.747414E-02, 8.528829E-02
2.63943E-08, -7.079970E-02, -6.757952E-02, 8.528829E-02
2.64006E-08, -7.238048E-02, -6.736875E-02, 8.524614E-02
2.64068E-08, -7.396127E-02, -6.757952E-02, 8.524614E-02
2.64131E-08, -7.396127E-02, -6.726336E-02, 8.524614E-02
2.64193E-08, -7.396127E-02, -6.694721E-02, 8.528829E-02
2.64256E-08, -7.290741E-02, -6.684183E-02, 8.524614E-02
2.64318E-08, -7.238048E-02, -6.652567E-02, 8.528829E-02
2.64381E-08, -7.027277E-02, -6.631490E-02, 8.541476E-02
2.64443E-08, -6.711120E-02, -6.568258E-02, 8.537260E-02
2.64506E-08, -6.394964E-02, -6.547181E-02, 8.549906E-02
2.64568E-08, -6.026114E-02, -6.505027E-02, 8.558337E-02
2.64631E-08, -5.551879E-02, -6.462873E-02, 8.570984E-02
2.64693E-08, -5.183030E-02, -6.452334E-02, 8.583630E-02
2.64756E-08, -4.814180E-02, -6.420719E-02, 8.592061E-02
2.64818E-08, -4.339945E-02, -6.431257E-02, 8.608922E-02
2.64881E-08, -3.813017E-02, -6.378564E-02, 8.625784E-02
2.64943E-08, -3.391474E-02, -6.399641E-02, 8.638430E-02
2.65006E-08, -2.917239E-02, -6.420719E-02, 8.659507E-02
2.65068E-08, -2.443004E-02, -6.441796E-02, 8.676369E-02
2.65131E-08, -2.021462E-02, -6.441796E-02, 8.689015E-02
2.65193E-08, -1.547227E-02, -6.515566E-02, 8.714308E-02
2.65256E-08, -1.283763E-02, -6.547181E-02, 8.718523E-02
2.65318E-08, -1.020299E-02, -6.620951E-02, 8.743816E-02
2.65381E-08, -6.51450E-03, -6.694721E-02, 8.756462E-02
2.65443E-08, -4.40678E-03, -6.800107E-02, 8.769108E-02
2.65506E-08, -3.35293E-03, -6.884415E-02, 8.790185E-02
2.65568E-08, -2.29907E-03, -7.021416E-02, 8.815478E-02
2.65631E-08, -1.24522E-03, -7.147879E-02, 8.832340E-02
2.65693E-08, -3.35293E-03, -7.295419E-02, 8.849201E-02
2.65756E-08, -3.87986E-03, -7.442959E-02, 8.866064E-02
2.65818E-08, -4.93371E-03, -7.590499E-02, 8.887140E-02
2.65881E-08, -6.51450E-03, -7.748577E-02, 8.899786E-02
2.65943E-08, -8.62221E-03, -7.906655E-02, 8.937725E-02
2.66006E-08, -1.231070E-02, -8.064733E-02, 8.950372E-02
2.66068E-08, -1.599920E-02, -8.233351E-02, 8.979879E-02
2.66131E-08, -1.863384E-02, -8.380890E-02, 8.992526E-02
2.66193E-08, -2.232233E-02, -8.549507E-02, 9.005173E-02
2.66256E-08, -2.601083E-02, -8.654892E-02, 9.026249E-02
2.66318E-08, -3.022625E-02, -8.802433E-02, 9.047326E-02
2.66381E-08, -3.338782E-02, -8.918357E-02, 9.068403E-02
2.66443E-08, -3.654939E-02, -9.034280E-02, 9.089480E-02
2.66506E-08, -4.023788E-02, -9.118589E-02, 9.106342E-02
2.66568E-08, -4.339945E-02, -9.202898E-02, 9.118988E-02
2.66631E-08, -4.550716E-02, -9.255590E-02, 9.127419E-02
2.66693E-08, -4.814180E-02, -9.297745E-02, 9.152712E-02
2.66756E-08, -5.024951E-02, -9.339899E-02, 9.161143E-02
2.66818E-08, -5.130336E-02, -9.329361E-02, 9.178004E-02
2.66881E-08, -5.288415E-02, -9.308283E-02, 9.182220E-02
2.66943E-08, -5.341108E-02, -9.276667E-02, 9.199081E-02
2.67006E-08, -5.446493E-02, -9.266129E-02, 9.194867E-02
2.67068E-08, -5.393801E-02, -9.181821E-02, 9.190651E-02
2.67131E-08, -5.341108E-02, -9.129128E-02, 9.194867E-02
2.67193E-08, -5.235722E-02, -9.013204E-02, 9.186435E-02
2.67256E-08, -4.972258E-02, -8.928895E-02, 9.186435E-02
2.67318E-08, -4.919565E-02, -8.812971E-02, 9.169573E-02
2.67381E-08, -4.656101E-02, -8.675970E-02, 9.161143E-02
2.67443E-08, -4.445330E-02, -8.549507E-02, 9.148496E-02
2.67506E-08, -4.129174E-02, -8.423045E-02, 9.140066E-02
2.67568E-08, -3.865710E-02, -8.296582E-02, 9.127419E-02
2.67631E-08, -3.602246E-02, -8.170119E-02, 9.102127E-02
2.67693E-08, -3.286089E-02, -8.033118E-02, 9.093696E-02
2.67756E-08, -2.864547E-02, -7.927732E-02, 9.064188E-02
2.67818E-08, -2.653776E-02, -7.801270E-02, 9.059972E-02
2.67881E-08, -2.337619E-02, -7.685345E-02, 9.030465E-02
2.67943E-08, -2.074155E-02, -7.579960E-02, 9.022034E-02
2.68006E-08, -1.810691E-02, -7.485113E-02, 9.005173E-02
2.68068E-08, -1.494534E-02, -7.390266E-02, 8.988310E-02
2.68131E-08, -1.283763E-02, -7.305957E-02, 8.975665E-02
2.68193E-08, -1.125685E-02, -7.242726E-02, 8.967233E-02
2.68256E-08, -8.62221E-03, -7.158417E-02, 8.954587E-02
2.68318E-08, -8.62221E-03, -7.126802E-02, 8.954587E-02
2.68381E-08, -5.98757E-03, -7.095186E-02, 8.946157E-02
2.68443E-08, -5.46064E-03, -7.084648E-02, 8.954587E-02
2.68506E-08, -3.35293E-03, -7.053032E-02, 8.950372E-02
2.68568E-08, -2.29907E-03, -7.053032E-02, 8.967233E-02
2.68631E-08, -1.24522E-03, -7.053032E-02, 8.967233E-02
2.68693E-08, -7.1829E-04, -7.095186E-02, 8.971449E-02
2.68756E-08, 3.3557E-04, -7.116263E-02, 8.988310E-02
2.68818E-08, 1.91635E-03, -7.158417E-02, 9.000957E-02
2.68881E-08, 2.97021E-03, -7.190033E-02, 9.022034E-02
2.68943E-08, 2.97021E-03, -7.263803E-02, 9.047326E-02
2.69006E-08, 5.60485E-03, -7.337573E-02, 9.064188E-02
2.69068E-08, 5.60485E-03, -7.379727E-02, 9.085266E-02
2.69131E-08, 8.76641E-03, -7.464036E-02, 9.110558E-02
2.69193E-08, 9.82027E-03, -7.537805E-02, 9.135851E-02
2.69256E-08, 1.192798E-02, -7.601037E-02, 9.152712E-02
2.69318E-08, 1.245491E-02, -7.716961E-02, 9.178004E-02
2.69381E-08, 1.561647E-02, -7.801270E-02, 9.199081E-02
2.69443E-08, 1.719726E-02, -7.864501E-02, 9.220159E-02
2.69506E-08, 1.983190E-02, -7.959348E-02, 9.232805E-02
2.69568E-08, 2.141268E-02, -8.085810E-02, 9.262313E-02
2.69631E-08, 2.352039E-02, -8.159581E-02, 9.274960E-02
2.69693E-08, 2.562810E-02, -8.286043E-02, 9.291821E-02
2.69756E-08, 2.720889E-02, -8.380890E-02, 9.312898E-02
2.69818E-08, 2.878967E-02, -8.465198E-02, 9.325545E-02
2.69881E-08, 3.037046E-02, -8.549507E-02, 9.338190E-02
2.69943E-08, 3.142431E-02, -8.633815E-02, 9.350837E-02
2.70006E-08, 3.247816E-02, -8.718124E-02, 9.359267E-02
2.70068E-08, 3.247816E-02, -8.812971E-02, 9.367698E-02
2.70131E-08, 3.353202E-02, -8.897279E-02, 9.376130E-02
2.70193E-08, 3.247816E-02, -8.960511E-02, 9.380345E-02
2.70256E-08, 3.300510E-02, -9.034280E-02, 9.388775E-02
2.70318E-08, 3.142431E-02, -9.108051E-02, 9.392991E-02
2.70381E-08, 2.878967E-02, -9.150205E-02, 9.397206E-02
2.70443E-08, 2.773582E-02, -9.213436E-02, 9.405638E-02
2.70506E-08, 2.510118E-02, -9.245052E-02, 9.409853E-02
2.70568E-08, 2.141268E-02, -9.287206E-02, 9.422499E-02
2.70631E-08, 1.825111E-02, -9.297745E-02, 9.426714E-02
2.70693E-08, 1.508955E-02, -9.329361E-02, 9.435146E-02
2.70756E-08, 9.29334E-03, -9.318822E-02, 9.443576E-02
2.70818E-08, 5.07792E-03, -9.318822E-02, 9.456223E-02
2.70881E-08, 1.38942E-03, -9.287206E-02, 9.460438E-02
2.70943E-08, -4.40678E-03, -9.255590E-02, 9.473084E-02
2.71006E-08, -8.62221E-03, -9.223974E-02, 9.481515E-02
2.71068E-08, -1.494534E-02, -9.171282E-02, 9.498376E-02
2.71131E-08, -1.916077E-02, -9.076435E-02, 9.506807E-02
2.71193E-08, -2.390312E-02, -9.002665E-02, 9.523669E-02
2.71256E-08, -2.811854E-02, -8.897279E-02, 9.527884E-02
2.71318E-08, -3.286089E-02, -8.823510E-02, 9.544747E-02
2.71381E-08, -3.760324E-02, -8.697047E-02, 9.553177E-02
2.71443E-08, -4.234559E-02, -8.591662E-02, 9.565824E-02
2.71506E-08, -4.550716E-02, -8.454660E-02, 9.578469E-02
2.71568E-08, -4.972258E-02, -8.349275E-02, 9.591116E-02
2.71631E-08, -5.235722E-02, -8.201735E-02, 9.599547E-02
2.71693E-08, -5.499186E-02, -8.064733E-02, 9.616408E-02
2.71756E-08, -5.762650E-02, -7.917194E-02, 9.629055E-02
2.71818E-08, -6.026114E-02, -7.769654E-02, 9.629055E-02
2.71881E-08, -6.131500E-02, -7.611576E-02, 9.645917E-02
2.71943E-08, -6.289578E-02, -7.485113E-02, 9.654348E-02
2.72006E-08, -6.553042E-02, -7.327034E-02, 9.654348E-02
2.72068E-08, -6.658427E-02, -7.200572E-02, 9.671209E-02
2.72131E-08, -6.763813E-02, -7.063571E-02, 9.675425E-02
2.72193E-08, -6.869198E-02, -6.937108E-02, 9.683856E-02
2.72256E-08, -6.974584E-02, -6.821184E-02, 9.700717E-02
2.72318E-08, -7.027277E-02, -6.715798E-02, 9.709148E-02
2.72381E-08, -7.185356E-02, -6.610413E-02, 9.717578E-02
2.72443E-08, -7.290741E-02, -6.515566E-02, 9.734441E-02
2.72506E-08, -7.343434E-02, -6.441796E-02, 9.742871E-02
2.72568E-08, -7.501512E-02, -6.378564E-02, 9.759733E-02
2.72631E-08, -7.712283E-02, -6.304795E-02, 9.776594E-02
2.72693E-08, -7.975747E-02, -6.262640E-02, 9.797671E-02
2.72756E-08, -8.133826E-02, -6.231024E-02, 9.822964E-02
2.72818E-08, -8.291904E-02, -6.220486E-02, 9.844042E-02
2.72881E-08, -8.555368E-02, -6.231024E-02, 9.860903E-02
2.72943E-08, -8.818832E-02, -6.231024E-02, 9.894627E-02
2.73006E-08, -8.976910E-02, -6.231024E-02, 9.915704E-02
2.73068E-08, -9.240374E-02, -6.262640E-02, 9.949427E-02
2.73131E-08, -9.398452E-02, -6.262640E-02, 9.974720E-02
2.73193E-08, -9.714609E-02, -6.304795E-02, 1.0000012E-01
2.73256E-08, -1.0030766E-01, -6.357487E-02, 1.0029520E-01
2.73318E-08, -1.0294230E-01, -6.410180E-02, 1.0054813E-01
2.73381E-08, -1.0557694E-01, -6.462873E-02, 1.0080105E-01
2.73443E-08, -1.0663079E-01, -6.526104E-02, 1.0101182E-01
2.73506E-08, -1.0873850E-01, -6.589335E-02, 1.0118044E-01
2.73568E-08, -1.1084621E-01, -6.663106E-02, 1.0139121E-01
2.73631E-08, -1.1137314E-01, -6.715798E-02, 1.0151767E-01
2.73693E-08, -1.1242700E-01, -6.789568E-02, 1.0164414E-01
2.73756E-08, -1.1295393E-01, -6.821184E-02, 1.0168629E-01
2.73818E-08, -1.1453471E-01, -6.905492E-02, 1.0172844E-01
2.73881E-08, -1.1295393E-01, -6.947646E-02, 1.0164414E-01
2.73943E-08, -1.1295393E-01, -7.010878E-02, 1.0160198E-01
2.74006E-08, -1.1242700E-01, -7.053032E-02, 1.0151767E-01
2.74068E-08, -1.1031929E-01, -7.105725E-02, 1.0130690E-01
2.74131E-08, -1.0821158E-01, -7.137340E-02, 1.0096966E-01
2.74193E-08, -1.0557694E-01, -7.168956E-02, 1.0071674E-01
2.74256E-08, -1.0452309E-01, -7.211110E-02, 1.0029520E-01
2.74318E-08, -1.0083459E-01, -7.221649E-02, 1.0008443E-01
2.74381E-08, -9.767302E-02, -7.253265E-02, 9.962073E-02
2.74443E-08, -9.451145E-02, -7.253265E-02, 9.919919E-02
2.74506E-08, -9.029603E-02, -7.253265E-02, 9.865119E-02
2.74568E-08, -8.660753E-02, -7.263803E-02, 9.814534E-02
2.74631E-08, -8.291904E-02, -7.253265E-02, 9.763949E-02
2.74693E-08, -7.923055E-02, -7.242726E-02, 9.721794E-02
2.74756E-08, -7.554205E-02, -7.221649E-02, 9.679640E-02
2.74818E-08, -7.185356E-02, -7.190033E-02, 9.624840E-02
2.74881E-08, -6.658427E-02, -7.147879E-02, 9.578469E-02
2.74943E-08, -6.394964E-02, -7.126802E-02, 9.544747E-02
2.75006E-08, -6.078807E-02, -7.074109E-02, 9.502592E-02
2.75068E-08, -5.709957E-02, -7.042494E-02, 9.477299E-02
2.75131E-08, -5.288415E-02, -6.937108E-02, 9.443576E-02
2.75193E-08, -4.972258E-02, -6.884415E-02, 9.418283E-02
2.75256E-08, -4.656101E-02, -6.831722E-02, 9.405638E-02
2.75318E-08, -4.392638E-02, -6.757952E-02, 9.405638E-02
2.75381E-08, -4.181866E-02, -6.684183E-02, 9.397206E-02
2.75443E-08, -3.918403E-02, -6.610413E-02, 9.397206E-02
2.75506E-08, -3.654939E-02, -6.505027E-02, 9.409853E-02
2.75568E-08, -3.338782E-02, -6.431257E-02, 9.426714E-02
2.75631E-08, -3.022625E-02, -6.325871E-02, 9.447791E-02
2.75693E-08, -2.864547E-02, -6.252102E-02, 9.473084E-02
2.75756E-08, -2.706468E-02, -6.136177E-02, 9.502592E-02
2.75818E-08, -2.390312E-02, -6.051869E-02, 9.544747E-02
2.75881E-08, -2.126848E-02, -5.935945E-02, 9.591116E-02
2.75943E-08, -1.863384E-02, -5.841098E-02, 9.629055E-02
2.76006E-08, -1.652613E-02, -5.746251E-02, 9.679640E-02
2.76068E-08, -1.336456E-02, -5.640865E-02, 9.730225E-02
2.76131E-08, -1.125685E-02, -5.535480E-02, 9.780810E-02
2.76193E-08, -7.56835E-03, -5.440633E-02, 9.827179E-02
2.76256E-08, -5.98757E-03, -5.345786E-02, 9.869334E-02
2.76318E-08, -2.82600E-03, -5.250939E-02, 9.919919E-02
2.76381E-08, -1.9136E-04, -5.166630E-02, 9.962073E-02
2.76443E-08, 2.44328E-03, -5.092860E-02, 1.0012658E-01
2.76506E-08, 5.07792E-03, -5.019090E-02, 1.0042166E-01
2.76568E-08, 7.18563E-03, -4.955859E-02, 1.0080105E-01
2.76631E-08, 9.29334E-03, -4.913705E-02, 1.0109613E-01
2.76693E-08, 1.140105E-02, -4.871551E-02, 1.0143337E-01
2.76756E-08, 1.298183E-02, -4.829396E-02, 1.0168629E-01
2.76818E-08, 1.456262E-02, -4.797781E-02, 1.0193922E-01
2.76881E-08, 1.561647E-02, -4.745088E-02, 1.0206567E-01
2.76943E-08, 1.614340E-02, -4.755627E-02, 1.0227644E-01
2.77006E-08, 1.667033E-02, -4.745088E-02, 1.0231860E-01
2.77068E-08, 1.667033E-02, -4.745088E-02, 1.0240291E-01
2.77131E-08, 1.667033E-02, -4.766165E-02, 1.0244507E-01
2.77193E-08, 1.508955E-02, -4.797781E-02, 1.0240291E-01
2.77256E-08, 1.298183E-02, -4.839935E-02, 1.0244507E-01
2.77318E-08, 1.192798E-02, -4.871551E-02, 1.0240291E-01
2.77381E-08, 8.76641E-03, -4.934782E-02, 1.0240291E-01
2.77443E-08, 6.13177E-03, -4.987475E-02, 1.0227644E-01
2.77506E-08, 2.97021E-03, -5.040168E-02, 1.0231860E-01
2.77568E-08, -1.24522E-03, -5.124476E-02, 1.0219214E-01
2.77631E-08, -4.93371E-03, -5.177169E-02, 1.0210783E-01
2.77693E-08, -9.67606E-03, -5.261477E-02, 1.0219214E-01
2.77756E-08, -1.389149E-02, -5.345786E-02, 1.0214999E-01
2.77818E-08, -1.916077E-02, -5.409017E-02, 1.0214999E-01
2.77881E-08, -2.390312E-02, -5.482787E-02, 1.0219214E-01
2.77943E-08, -2.759161E-02, -5.567095E-02, 1.0223430E-01
2.78006E-08, -3.286089E-02, -5.619788E-02, 1.0231860E-01
2.78068E-08, -3.813017E-02, -5.693558E-02, 1.0240291E-01
2.78131E-08, -4.234559E-02, -5.735712E-02, 1.0252938E-01
2.78193E-08, -4.708794E-02, -5.767328E-02, 1.0265584E-01
2.78256E-08, -4.972258E-02, -5.841098E-02, 1.0274015E-01
2.78318E-08, -5.446493E-02, -5.893791E-02, 1.0286660E-01
2.78381E-08, -5.709957E-02, -5.935945E-02, 1.0307738E-01
2.78443E-08, -6.026114E-02, -5.957022E-02, 1.0316169E-01
2.78506E-08, -6.184192E-02, -5.957022E-02, 1.0333031E-01
2.78568E-08, -6.342271E-02, -5.988638E-02, 1.0349892E-01
2.78631E-08, -6.394964E-02, -5.988638E-02, 1.0366753E-01
2.78693E-08, -6.553042E-02, -5.999176E-02, 1.0383616E-01
2.78756E-08, -6.500349E-02, -5.967560E-02, 1.0387831E-01
2.78818E-08, -6.394964E-02, -5.967560E-02, 1.0408908E-01
2.78881E-08, -6.236885E-02, -5.935945E-02, 1.0417338E-01
2.78943E-08, -6.078807E-02, -5.925407E-02, 1.0434201E-01
2.79006E-08, -5.920728E-02, -5.904329E-02, 1.0442632E-01
2.79068E-08, -5.604572E-02, -5.862175E-02, 1.0442632E-01
2.79131E-08, -5.393801E-02, -5.830560E-02, 1.0451062E-01
2.79193E-08, -5.077644E-02, -5.788405E-02, 1.0451062E-01
2.79256E-08, -4.708794E-02, -5.746251E-02, 1.0459493E-01
2.79318E-08, -4.392638E-02, -5.725174E-02, 1.0459493E-01
2.79381E-08, -4.023788E-02, -5.672481E-02, 1.0455278E-01
2.79443E-08, -3.707631E-02, -5.640865E-02, 1.0451062E-01
2.79506E-08, -3.233396E-02, -5.609250E-02, 1.0451062E-01
2.79568E-08, -3.022625E-02, -5.546018E-02, 1.0442632E-01
2.79631E-08, -2.601083E-02, -5.493325E-02, 1.0442632E-01
2.79693E-08, -2.284926E-02, -5.461710E-02, 1.0442632E-01
2.79756E-08, -2.021462E-02, -5.419556E-02, 1.0442632E-01
2.79818E-08, -1.757998E-02, -5.366863E-02, 1.0434201E-01
2.79881E-08, -1.547227E-02, -5.324709E-02, 1.0429985E-01
2.79943E-08, -1.389149E-02, -5.282554E-02, 1.0434201E-01
2.80006E-08, -1.283763E-02, -5.240400E-02, 1.0429985E-01
2.80068E-08, -1.125685E-02, -5.166630E-02, 1.0425770E-01
2.80131E-08, -9.14914E-03, -5.124476E-02, 1.0429985E-01
2.80193E-08, -9.67606E-03, -5.092860E-02, 1.0438416E-01
2.80256E-08, -8.62221E-03, -5.019090E-02, 1.0434201E-01
2.80318E-08, -1.072992E-02, -4.966398E-02, 1.0446846E-01
2.80381E-08, -1.020299E-02, -4.924243E-02, 1.0451062E-01
2.80443E-08, -1.125685E-02, -4.871551E-02, 1.0459493E-01
2.80506E-08, -1.178377E-02, -4.808319E-02, 1.0467924E-01
2.80568E-08, -1.389149E-02, -4.755627E-02, 1.0484786E-01
2.80631E-08, -1.494534E-02, -4.692395E-02, 1.0493217E-01
2.80693E-08, -1.652613E-02, -4.650241E-02, 1.0514294E-01
2.80756E-08, -1.757998E-02, -4.587010E-02, 1.0526939E-01
2.80818E-08, -2.021462E-02, -4.502701E-02, 1.0543802E-01
2.80881E-08, -2.126848E-02, -4.450008E-02, 1.0569094E-01
2.80943E-08, -2.390312E-02, -4.365700E-02, 1.0581740E-01
2.81006E-08, -2.548390E-02, -4.291930E-02, 1.0598602E-01
2.81068E-08, -2.759161E-02, -4.207622E-02, 1.0619679E-01
2.81131E-08, -2.811854E-02, -4.165467E-02, 1.0632326E-01
2.81193E-08, -3.022625E-02, -4.112775E-02, 1.0657618E-01
2.81256E-08, -3.128011E-02, -4.028466E-02, 1.0666049E-01
2.81318E-08, -3.286089E-02, -3.975773E-02, 1.0678695E-01
2.81381E-08, -3.391474E-02, -3.912542E-02, 1.0695557E-01
2.81443E-08, -3.549553E-02, -3.870388E-02, 1.0708203E-01
2.81506E-08, -3.549553E-02, -3.817695E-02, 1.0712419E-01
2.81568E-08, -3.602246E-02, -3.743925E-02, 1.0720849E-01
2.81631E-08, -3.602246E-02, -3.701771E-02, 1.0733496E-01
2.81693E-08, -3.654939E-02, -3.638539E-02, 1.0741927E-01
2.81756E-08, -3.654939E-02, -3.628001E-02, 1.0746142E-01
2.81818E-08, -3.760324E-02, -3.575308E-02, 1.0750357E-01
2.81881E-08, -3.760324E-02, -3.543692E-02, 1.0754573E-01
2.81943E-08, -3.760324E-02, -3.512077E-02, 1.0758788E-01
2.82006E-08, -3.813017E-02, -3.480461E-02, 1.0758788E-01
2.82068E-08, -3.865710E-02, -3.459384E-02, 1.0758788E-01
2.82131E-08, -3.865710E-02, -3.448845E-02, 1.0758788E-01
2.82193E-08, -3.865710E-02, -3.438307E-02, 1.0758788E-01
2.82256E-08, -3.918403E-02, -3.417230E-02, 1.0758788E-01
2.82318E-08, -4.076481E-02, -3.417230E-02, 1.0758788E-01
2.82381E-08, -4.023788E-02, -3.417230E-02, 1.0758788E-01
2.82443E-08, -4.129174E-02, -3.417230E-02, 1.0763004E-01
2.82506E-08, -4.181866E-02, -3.427768E-02, 1.0758788E-01
2.82568E-08, -4.234559E-02, -3.438307E-02, 1.0754573E-01
2.82631E-08, -4.287252E-02, -3.427768E-02, 1.0754573E-01
2.82693E-08, -4.445330E-02, -3.438307E-02, 1.0763004E-01
2.82756E-08, -4.498023E-02, -3.438307E-02, 1.0767219E-01
2.82818E-08, -4.656101E-02, -3.459384E-02, 1.0788296E-01
2.82881E-08, -4.603409E-02, -3.459384E-02, 1.0788296E-01
2.82943E-08, -4.708794E-02, -3.469922E-02, 1.0805158E-01
2.83006E-08, -4.761487E-02, -3.469922E-02, 1.0809373E-01
2.83068E-08, -4.761487E-02, -3.469922E-02, 1.0826235E-01
2.83131E-08, -4.814180E-02, -3.480461E-02, 1.0834666E-01
2.83193E-08, -4.866873E-02, -3.459384E-02, 1.0859958E-01
2.83256E-08, -4.761487E-02, -3.491000E-02, 1.0868389E-01
2.83318E-08, -4.866873E-02, -3.480461E-02, 1.0885251E-01
2.83381E-08, -4.919565E-02, -3.459384E-02, 1.0902113E-01
2.83443E-08, -4.761487E-02, -3.459384E-02, 1.0923190E-01
2.83506E-08, -4.761487E-02, -3.438307E-02, 1.0931621E-01
2.83568E-08, -4.761487E-02, -3.417230E-02, 1.0948482E-01
2.83631E-08, -4.656101E-02, -3.396153E-02, 1.0973775E-01
2.83693E-08, -4.708794E-02, -3.353998E-02, 1.0999067E-01
2.83756E-08, -4.550716E-02, -3.311844E-02, 1.1015929E-01
2.83818E-08, -4.550716E-02, -3.280228E-02, 1.1032791E-01
2.83881E-08, -4.392638E-02, -3.206459E-02, 1.1049652E-01
2.83943E-08, -4.445330E-02, -3.164304E-02, 1.1074945E-01
2.84006E-08, -4.339945E-02, -3.101073E-02, 1.1087591E-01
2.84068E-08, -4.287252E-02, -3.027303E-02, 1.1100237E-01
2.84131E-08, -4.181866E-02, -2.964072E-02, 1.1108668E-01
2.84193E-08, -4.287252E-02, -2.890302E-02, 1.1121315E-01
2.84256E-08, -4.234559E-02, -2.805993E-02, 1.1129745E-01
2.84318E-08, -4.339945E-02, -2.732223E-02, 1.1142392E-01
2.84381E-08, -4.392638E-02, -2.668992E-02, 1.1150822E-01
2.84443E-08, -4.392638E-02, -2.574145E-02, 1.1155038E-01
2.84506E-08, -4.550716E-02, -2.510914E-02, 1.1159253E-01
2.84568E-08, -4.603409E-02, -2.437144E-02, 1.1159253E-01
2.84631E-08, -4.866873E-02, -2.342297E-02, 1.1150822E-01
2.84693E-08, -5.024951E-02, -2.279066E-02, 1.1155038E-01
2.84756E-08, -5.288415E-02, -2.226373E-02, 1.1155038E-01
2.84818E-08, -5.499186E-02, -2.163141E-02, 1.1150822E-01
2.84881E-08, -5.604572E-02, -2.099910E-02, 1.1142392E-01
2.84943E-08, -5.973421E-02, -2.068294E-02, 1.1129745E-01
2.85006E-08, -6.236885E-02, -2.047217E-02, 1.1125530E-01
2.85068E-08, -6.500349E-02, -2.005063E-02, 1.1112884E-01
2.85131E-08, -6.816506E-02, -2.015601E-02, 1.1104453E-01
2.85193E-08, -7.079970E-02, -2.036679E-02, 1.1091807E-01
2.85256E-08, -7.290741E-02, -2.047217E-02, 1.1070729E-01
2.85318E-08, -7.554205E-02, -2.110448E-02, 1.1053868E-01
2.85381E-08, -7.870361E-02, -2.152603E-02, 1.1037006E-01
2.85443E-08, -8.081133E-02, -2.215834E-02, 1.1028575E-01
2.85506E-08, -8.133826E-02, -2.268527E-02, 1.1015929E-01
2.85568E-08, -8.344597E-02, -2.384451E-02, 1.0990636E-01
2.85631E-08, -8.449982E-02, -2.468760E-02, 1.0982206E-01
2.85693E-08, -8.449982E-02, -2.584684E-02, 1.0969559E-01
2.85756E-08, -8.449982E-02, -2.679531E-02, 1.0956913E-01
2.85818E-08, -8.449982E-02, -2.805993E-02, 1.0948482E-01
2.85881E-08, -8.397289E-02, -2.911379E-02, 1.0931621E-01
2.85943E-08, -8.239211E-02, -3.027303E-02, 1.0918974E-01
2.86006E-08, -8.133826E-02, -3.143227E-02, 1.0914759E-01
2.86068E-08, -7.870361E-02, -3.259151E-02, 1.0910543E-01
2.86131E-08, -7.606898E-02, -3.375075E-02, 1.0893682E-01
2.86193E-08, -7.290741E-02, -3.469922E-02, 1.0889466E-01
2.86256E-08, -6.974584E-02, -3.533154E-02, 1.0881035E-01
2.86318E-08, -6.605735E-02, -3.617462E-02, 1.0889466E-01
2.86381E-08, -6.236885E-02, -3.659616E-02, 1.0885251E-01
2.86443E-08, -5.920728E-02, -3.701771E-02, 1.0881035E-01
2.86506E-08, -5.446493E-02, -3.722848E-02, 1.0889466E-01
2.86568E-08, -5.024951E-02, -3.733386E-02, 1.0897897E-01
2.86631E-08, -4.603409E-02, -3.691232E-02, 1.0893682E-01
2.86693E-08, -4.234559E-02, -3.628001E-02, 1.0910543E-01
2.86756E-08, -3.865710E-02, -3.554231E-02, 1.0927405E-01
2.86818E-08, -3.549553E-02, -3.459384E-02, 1.0935836E-01
2.86881E-08, -3.233396E-02, -3.343460E-02, 1.0944267E-01
2.86943E-08, -2.969932E-02, -3.185381E-02, 1.0961128E-01
2.87006E-08, -2.811854E-02, -3.037842E-02, 1.0982206E-01
2.87068E-08, -2.653776E-02, -2.848148E-02, 1.1003283E-01
2.87131E-08, -2.443004E-02, -2.679531E-02, 1.1020144E-01
2.87193E-08, -2.390312E-02, -2.479298E-02, 1.1037006E-01
2.87256E-08, -2.390312E-02, -2.279066E-02, 1.1053868E-01
2.87318E-08, -2.495697E-02, -2.036679E-02, 1.1083376E-01
2.87381E-08, -2.601083E-02, -1.815369E-02, 1.1104453E-01
2.87443E-08, -2.811854E-02, -1.615136E-02, 1.1125530E-01
2.87506E-08, -2.969932E-02, -1.372750E-02, 1.1138176E-01
2.87568E-08, -3.286089E-02, -1.183056E-02, 1.1167684E-01
2.87631E-08, -3.549553E-02, -9.82823E-03, 1.1176115E-01
2.87693E-08, -4.023788E-02, -8.14206E-03, 1.1201408E-01
2.87756E-08, -4.339945E-02, -6.24512E-03, 1.1214054E-01
2.87818E-08, -4.761487E-02, -4.98049E-03, 1.1230916E-01
2.87881E-08, -5.130336E-02, -3.50509E-03, 1.1239346E-01
2.87943E-08, -5.604572E-02, -2.55662E-03, 1.1247777E-01
2.88006E-08, -6.078807E-02, -1.71354E-03, 1.1260423E-01
2.88068E-08, -6.500349E-02, -1.29200E-03, 1.1273070E-01
2.88131E-08, -6.974584E-02, -1.08123E-03, 1.1264639E-01
2.88193E-08, -7.448819E-02, -9.7584E-04, 1.1277285E-01
2.88256E-08, -7.870361E-02, -1.39738E-03, 1.1273070E-01
2.88318E-08, -8.239211E-02, -2.13508E-03, 1.1281501E-01
2.88381E-08, -8.555368E-02, -2.97817E-03, 1.1268854E-01
2.88443E-08, -8.871525E-02, -3.92664E-03, 1.1268854E-01
2.88506E-08, -9.029603E-02, -5.19126E-03, 1.1260423E-01
2.88568E-08, -9.345759E-02, -6.77205E-03, 1.1260423E-01
2.88631E-08, -9.451145E-02, -8.24745E-03, 1.1256208E-01
2.88693E-08, -9.609224E-02, -9.93362E-03, 1.1251993E-01
2.88756E-08, -9.609224E-02, -1.193594E-02, 1.1247777E-01
2.88818E-08, -9.661917E-02, -1.362211E-02, 1.1247777E-01
2.88881E-08, -9.503838E-02, -1.551905E-02, 1.1239346E-01
2.88943E-08, -9.503838E-02, -1.741599E-02, 1.1243562E-01
2.89006E-08, -9.240374E-02, -1.920754E-02, 1.1243562E-01
2.89068E-08, -9.082296E-02, -2.089372E-02, 1.1251993E-01
2.89131E-08, -8.766139E-02, -2.247450E-02, 1.1251993E-01
2.89193E-08, -8.502675E-02, -2.416067E-02, 1.1260423E-01
2.89256E-08, -8.186518E-02, -2.531991E-02, 1.1273070E-01
2.89318E-08, -7.817668E-02, -2.647915E-02, 1.1285716E-01
2.89381E-08, -7.396127E-02, -2.742762E-02, 1.1302578E-01
2.89443E-08, -6.974584E-02, -2.827070E-02, 1.1323655E-01
2.89506E-08, -6.553042E-02, -2.858686E-02, 1.1344732E-01
2.89568E-08, -6.131500E-02, -2.900840E-02, 1.1361594E-01
2.89631E-08, -5.762650E-02, -2.890302E-02, 1.1391102E-01
2.89693E-08, -5.393801E-02, -2.879763E-02, 1.1420610E-01
2.89756E-08, -4.972258E-02, -2.848148E-02, 1.1450117E-01
2.89818E-08, -4.550716E-02, -2.774378E-02, 1.1483841E-01
2.89881E-08, -4.234559E-02, -2.711146E-02, 1.1517564E-01
2.89943E-08, -3.918403E-02, -2.647915E-02, 1.1551288E-01
2.90006E-08, -3.602246E-02, -2.553068E-02, 1.1585011E-01
2.90068E-08, -3.286089E-02, -2.437144E-02, 1.1618734E-01
2.90131E-08, -3.022625E-02, -2.321220E-02, 1.1648242E-01
2.90193E-08, -2.864547E-02, -2.205296E-02, 1.1681966E-01
2.90256E-08, -2.706468E-02, -2.068294E-02, 1.1711474E-01
2.90318E-08, -2.495697E-02, -1.973447E-02, 1.1728335E-01
2.90381E-08, -2.443004E-02, -1.857523E-02, 1.1762059E-01
2.90443E-08, -2.390312E-02, -1.773215E-02, 1.1783136E-01
2.90506E-08, -2.390312E-02, -1.667829E-02, 1.1787351E-01
2.90568E-08, -2.337619E-02, -1.594059E-02, 1.1808428E-01
2.90631E-08, -2.390312E-02, -1.499212E-02, 1.1821075E-01
2.90693E-08, -2.443004E-02, -1.435981E-02, 1.1816859E-01
2.90756E-08, -2.653776E-02, -1.393827E-02, 1.1825290E-01
2.90818E-08, -2.864547E-02, -1.383288E-02, 1.1821075E-01
2.90881E-08, -2.969932E-02, -1.351672E-02, 1.1808428E-01
2.90943E-08, -3.180704E-02, -1.372750E-02, 1.1804213E-01
2.91006E-08, -3.233396E-02, -1.404365E-02, 1.1783136E-01
2.91068E-08, -3.444167E-02, -1.425442E-02, 1.1770490E-01
2.91131E-08, -3.602246E-02, -1.478135E-02, 1.1745197E-01
2.91193E-08, -3.813017E-02, -1.530828E-02, 1.1724120E-01
2.91256E-08, -3.971095E-02, -1.604598E-02, 1.1698827E-01
2.91318E-08, -4.076481E-02, -1.667829E-02, 1.1669319E-01
2.91381E-08, -4.234559E-02, -1.773215E-02, 1.1644027E-01
2.91443E-08, -4.339945E-02, -1.868062E-02, 1.1614519E-01
2.91506E-08, -4.498023E-02, -1.962909E-02, 1.1576580E-01
2.91568E-08, -4.603409E-02, -2.036679E-02, 1.1547072E-01
2.91631E-08, -4.603409E-02, -2.152603E-02, 1.1525995E-01
2.91693E-08, -4.656101E-02, -2.247450E-02, 1.1496487E-01
2.91756E-08, -4.656101E-02, -2.310681E-02, 1.1475410E-01
2.91818E-08, -4.603409E-02, -2.405528E-02, 1.1445902E-01
2.91881E-08, -4.498023E-02, -2.458221E-02, 1.1429040E-01
2.91943E-08, -4.445330E-02, -2.542529E-02, 1.1416394E-01
2.92006E-08, -4.445330E-02, -2.584684E-02, 1.1395317E-01
2.92068E-08, -4.234559E-02, -2.647915E-02, 1.1391102E-01
2.92131E-08, -4.076481E-02, -2.658454E-02, 1.1382671E-01
2.92193E-08, -4.023788E-02, -2.700608E-02, 1.1386886E-01
2.92256E-08, -3.760324E-02, -2.700608E-02, 1.1382671E-01
2.92318E-08, -3.707631E-02, -2.700608E-02, 1.1386886E-01
2.92381E-08, -3.549553E-02, -2.700608E-02, 1.1399532E-01
2.92443E-08, -3.444167E-02, -2.668992E-02, 1.1407963E-01
2.92506E-08, -3.233396E-02, -2.658454E-02, 1.1420610E-01
2.92568E-08, -3.180704E-02, -2.626838E-02, 1.1441687E-01
2.92631E-08, -3.180704E-02, -2.574145E-02, 1.1454333E-01
2.92693E-08, -3.180704E-02, -2.542529E-02, 1.1475410E-01
2.92756E-08, -3.180704E-02, -2.500375E-02, 1.1500703E-01
2.92818E-08, -3.233396E-02, -2.489837E-02, 1.1525995E-01
2.92881E-08, -3.338782E-02, -2.437144E-02, 1.1542857E-01
2.92943E-08, -3.391474E-02, -2.394990E-02, 1.1572365E-01
2.93006E-08, -3.654939E-02, -2.352835E-02, 1.1597657E-01
2.93068E-08, -3.813017E-02, -2.310681E-02, 1.1618734E-01
2.93131E-08, -4.181866E-02, -2.257988E-02, 1.1639811E-01
2.93193E-08, -4.603409E-02, -2.257988E-02, 1.1656673E-01
2.93256E-08, -4.866873E-02, -2.226373E-02, 1.1677750E-01
2.93318E-08, -5.341108E-02, -2.215834E-02, 1.1681966E-01
2.93381E-08, -5.868036E-02, -2.215834E-02, 1.1698827E-01
2.93443E-08, -6.447656E-02, -2.215834E-02, 1.1711474E-01
2.93506E-08, -6.921891E-02, -2.194757E-02, 1.1711474E-01
2.93568E-08, -7.501512E-02, -2.236911E-02, 1.1728335E-01
2.93631E-08, -8.186518E-02, -2.226373E-02, 1.1724120E-01
2.93693E-08, -8.660753E-02, -2.247450E-02, 1.1732551E-01
2.93756E-08, -9.345759E-02, -2.268527E-02, 1.1728335E-01
2.93818E-08, -9.978073E-02, -2.268527E-02, 1.1724120E-01
2.93881E-08, -1.0505001E-01, -2.279066E-02, 1.1715689E-01
2.93943E-08, -1.1084621E-01, -2.321220E-02, 1.1711474E-01
2.94006E-08, -1.1558857E-01, -2.342297E-02, 1.1711474E-01
2.94068E-08, -1.2033091E-01, -2.352835E-02, 1.1694612E-01
2.94131E-08, -1.2401941E-01, -2.342297E-02, 1.1694612E-01
2.94193E-08, -1.2823483E-01, -2.363374E-02, 1.1681966E-01
2.94256E-08, -1.3086948E-01, -2.373913E-02, 1.1669319E-01
2.94318E-08, -1.3297719E-01, -2.363374E-02, 1.1660889E-01
2.94381E-08, -1.3508490E-01, -2.342297E-02, 1.1656673E-01
2.94443E-08, -1.3561183E-01, -2.310681E-02, 1.1648242E-01
2.94506E-08, -1.3508490E-01, -2.279066E-02, 1.1639811E-01
2.94568E-08, -1.3403104E-01, -2.247450E-02, 1.1644027E-01
2.94631E-08, -1.3245025E-01, -2.215834E-02, 1.1635596E-01
2.94693E-08, -1.2981562E-01, -2.163141E-02, 1.1635596E-01
2.94756E-08, -1.2770791E-01, -2.110448E-02, 1.1639811E-01
2.94818E-08, -1.2401941E-01, -2.047217E-02, 1.1635596E-01
2.94881E-08, -1.1822321E-01, -1.983986E-02, 1.1644027E-01
2.94943E-08, -1.1348086E-01, -1.910216E-02, 1.1656673E-01
2.95006E-08, -1.0821158E-01, -1.815369E-02, 1.1660889E-01
2.95068E-08, -1.0241537E-01, -1.773215E-02, 1.1665104E-01
2.95131E-08, -9.661917E-02, -1.688906E-02, 1.1681966E-01
2.95193E-08, -8.976910E-02, -1.615136E-02, 1.1694612E-01
2.95256E-08, -8.344597E-02, -1.541366E-02, 1.1698827E-01
2.95318E-08, -7.659590E-02, -1.467597E-02, 1.1715689E-01
2.95381E-08, -7.027277E-02, -1.404365E-02, 1.1724120E-01
2.95443E-08, -6.447656E-02, -1.341134E-02, 1.1740982E-01
2.95506E-08, -5.762650E-02, -1.277903E-02, 1.1753628E-01
2.95568E-08, -5.130336E-02, -1.235748E-02, 1.1762059E-01
2.95631E-08, -4.498023E-02, -1.214671E-02, 1.1770490E-01
2.95693E-08, -4.023788E-02, -1.183056E-02, 1.1778920E-01
2.95756E-08, -3.549553E-02, -1.130363E-02, 1.1799998E-01
2.95818E-08, -3.075318E-02, -1.130363E-02, 1.1804213E-01
2.95881E-08, -2.653776E-02, -1.119824E-02, 1.1821075E-01
2.95943E-08, -2.443004E-02, -1.140901E-02, 1.1833721E-01
2.96006E-08, -2.179541E-02, -1.161978E-02, 1.1833721E-01
2.96068E-08, -1.916077E-02, -1.172517E-02, 1.1837936E-01
2.96131E-08, -1.705305E-02, -1.183056E-02, 1.1846367E-01
2.96193E-08, -1.547227E-02, -1.235748E-02, 1.1859013E-01
2.96256E-08, -1.441841E-02, -1.256825E-02, 1.1863229E-01
2.96318E-08, -1.389149E-02, -1.309518E-02, 1.1867444E-01
2.96381E-08, -1.389149E-02, -1.351672E-02, 1.1871660E-01
2.96443E-08, -1.494534E-02, -1.393827E-02, 1.1875875E-01
2.96506E-08, -1.441841E-02, -1.446519E-02, 1.1888521E-01
2.96568E-08, -1.547227E-02, -1.499212E-02, 1.1888521E-01
2.96631E-08, -1.599920E-02, -1.551905E-02, 1.1896952E-01
2.96693E-08, -1.705305E-02, -1.594059E-02, 1.1905383E-01
2.96756E-08, -1.757998E-02, -1.604598E-02, 1.1922245E-01
2.96818E-08, -1.968769E-02, -1.657291E-02, 1.1930676E-01
2.96881E-08, -1.968769E-02, -1.688906E-02, 1.1943322E-01
2.96943E-08, -2.126848E-02, -1.720522E-02, 1.1960184E-01
2.97006E-08, -2.232233E-02, -1.731060E-02, 1.1972830E-01
2.97068E-08, -2.337619E-02, -1.741599E-02, 1.1985476E-01
2.97131E-08, -2.337619E-02, -1.731060E-02, 1.2002338E-01
2.97193E-08, -2.495697E-02, -1.741599E-02, 1.2023415E-01
2.97256E-08, -2.601083E-02, -1.709983E-02, 1.2040277E-01
2.97318E-08, -2.653776E-02, -1.688906E-02, 1.2057138E-01
2.97381E-08, -2.653776E-02, -1.688906E-02, 1.2078215E-01
2.97443E-08, -2.759161E-02, -1.636213E-02, 1.2095077E-01
2.97506E-08, -2.706468E-02, -1.594059E-02, 1.2107723E-01
2.97568E-08, -2.969932E-02, -1.562444E-02, 1.2128800E-01
2.97631E-08, -2.811854E-02, -1.520289E-02, 1.2149878E-01
2.97693E-08, -3.022625E-02, -1.467597E-02, 1.2162524E-01
2.97756E-08, -3.022625E-02, -1.414904E-02, 1.2179386E-01
2.97818E-08, -3.128011E-02, -1.362211E-02, 1.2187816E-01
2.97881E-08, -3.180704E-02, -1.298980E-02, 1.2196247E-01
2.97943E-08, -3.391474E-02, -1.246287E-02, 1.2204678E-01
2.98006E-08, -3.444167E-02, -1.204133E-02, 1.2221540E-01
2.98068E-08, -3.602246E-02, -1.140901E-02, 1.2221540E-01
2.98131E-08, -3.760324E-02, -1.088209E-02, 1.2221540E-01
2.98193E-08, -3.865710E-02, -1.067131E-02, 1.2221540E-01
2.98256E-08, -4.129174E-02, -1.014439E-02, 1.2213109E-01
2.98318E-08, -4.339945E-02, -9.82823E-03, 1.2217324E-01
2.98381E-08, -4.550716E-02, -9.51207E-03, 1.2208894E-01
2.98443E-08, -4.708794E-02, -9.61746E-03, 1.2200463E-01
2.98506E-08, -4.866873E-02, -9.30130E-03, 1.2196247E-01
2.98568E-08, -5.183030E-02, -9.09053E-03, 1.2183601E-01
2.98631E-08, -5.393801E-02, -9.40669E-03, 1.2170955E-01
2.98693E-08, -5.657265E-02, -9.40669E-03, 1.2154093E-01
2.98756E-08, -5.920728E-02, -9.51207E-03, 1.2158308E-01
2.98818E-08, -6.131500E-02, -9.51207E-03, 1.2145662E-01
2.98881E-08, -6.289578E-02, -9.72284E-03, 1.2141447E-01
2.98943E-08, -6.500349E-02, -1.003900E-02, 1.2124585E-01
2.99006E-08, -6.658427E-02, -1.003900E-02, 1.2124585E-01
2.99068E-08, -6.816506E-02, -1.046054E-02, 1.2124585E-01
2.99131E-08, -6.921891E-02, -1.056593E-02, 1.2116154E-01
2.99193E-08, -7.027277E-02, -1.077670E-02, 1.2124585E-01
2.99256E-08, -7.079970E-02, -1.109286E-02, 1.2120370E-01
2.99318E-08, -7.079970E-02, -1.130363E-02, 1.2124585E-01
2.99381E-08, -7.079970E-02, -1.172517E-02, 1.2137231E-01
2.99443E-08, -7.079970E-02, -1.183056E-02, 1.2145662E-01
2.99506E-08, -6.974584E-02, -1.193594E-02, 1.2154093E-01
2.99568E-08, -6.869198E-02, -1.235748E-02, 1.2166739E-01
2.99631E-08, -6.658427E-02, -1.235748E-02, 1.2179386E-01
2.99693E-08, -6.553042E-02, -1.256825E-02, 1.2204678E-01
2.99756E-08, -6.394964E-02, -1.256825E-02, 1.2225755E-01
2.99818E-08, -6.184192E-02, -1.267364E-02, 1.2242617E-01
2.99881E-08, -5.868036E-02, -1.256825E-02, 1.2263694E-01
2.99943E-08, -5.551879E-02, -1.277903E-02, 1.2280556E-01
3.00006E-08, -5.341108E-02, -1.288441E-02, 1.2301633E-01
3.00068E-08, -5.130336E-02, -1.288441E-02, 1.2318494E-01
3.00131E-08, -4.761487E-02, -1.288441E-02, 1.2335356E-01
3.00193E-08, -4.603409E-02, -1.277903E-02, 1.2356433E-01
3.00256E-08, -4.181866E-02, -1.277903E-02, 1.2364864E-01
3.00318E-08, -4.023788E-02, -1.298980E-02, 1.2381726E-01
3.00381E-08, -3.813017E-02, -1.298980E-02, 1.2381726E-01
3.00443E-08, -3.496860E-02, -1.320057E-02, 1.2390157E-01
3.00506E-08, -3.233396E-02, -1.330595E-02, 1.2385941E-01
3.00568E-08, -3.075318E-02, -1.330595E-02, 1.2394372E-01
3.00631E-08, -2.917239E-02, -1.362211E-02, 1.2394372E-01
3.00693E-08, -2.601083E-02, -1.362211E-02, 1.2385941E-01
3.00756E-08, -2.548390E-02, -1.372750E-02, 1.2381726E-01
3.00818E-08, -2.390312E-02, -1.393827E-02, 1.2377510E-01
3.00881E-08, -2.232233E-02, -1.404365E-02, 1.2373295E-01
3.00943E-08, -2.179541E-02, -1.435981E-02, 1.2352218E-01
3.01006E-08, -2.021462E-02, -1.457058E-02, 1.2339572E-01
3.01068E-08, -1.968769E-02, -1.478135E-02, 1.2331141E-01
3.01131E-08, -1.705305E-02, -1.467597E-02, 1.2310064E-01
3.01193E-08, -1.757998E-02, -1.488674E-02, 1.2305848E-01
3.01256E-08, -1.599920E-02, -1.488674E-02, 1.2288987E-01
3.01318E-08, -1.705305E-02, -1.478135E-02, 1.2276340E-01
3.01381E-08, -1.599920E-02, -1.488674E-02, 1.2272125E-01
3.01443E-08, -1.547227E-02, -1.467597E-02, 1.2259479E-01
3.01506E-08, -1.441841E-02, -1.435981E-02, 1.2251048E-01
3.01568E-08, -1.441841E-02, -1.393827E-02, 1.2246832E-01
3.01631E-08, -1.283763E-02, -1.351672E-02, 1.2238401E-01
3.01693E-08, -1.178377E-02, -1.288441E-02, 1.2246832E-01
3.01756E-08, -1.178377E-02, -1.235748E-02, 1.2255263E-01
3.01818E-08, -1.020299E-02, -1.172517E-02, 1.2272125E-01
3.01881E-08, -8.62221E-03, -1.067131E-02, 1.2276340E-01
3.01943E-08, -6.51450E-03, -9.82823E-03, 1.2297417E-01
3.02006E-08, -5.46064E-03, -8.98515E-03, 1.2314279E-01
3.02068E-08, -3.87986E-03, -7.82590E-03, 1.2335356E-01
3.02131E-08, -2.29907E-03, -6.98282E-03, 1.2352218E-01
3.02193E-08, -1.77215E-03, -5.82358E-03, 1.2377510E-01
3.02256E-08, -1.9136E-04, -4.55895E-03, 1.2402803E-01
3.02318E-08, 1.38942E-03, -3.61048E-03, 1.2428095E-01
3.02381E-08, 2.97021E-03, -2.66201E-03, 1.2470250E-01
3.02443E-08, 4.02406E-03, -1.60815E-03, 1.2495542E-01
3.02506E-08, 4.55099E-03, -8.7046E-04, 1.2525050E-01
3.02568E-08, 6.13177E-03, -2.737E-05, 1.2554558E-01
3.02631E-08, 6.13177E-03, 8.1571E-04, 1.2584066E-01
3.02693E-08, 7.18563E-03, 1.23726E-03, 1.2605143E-01
3.02756E-08, 7.71256E-03, 1.55341E-03, 1.2626220E-01
3.02818E-08, 7.71256E-03, 1.76418E-03, 1.2655729E-01
3.02881E-08, 7.18563E-03, 1.97495E-03, 1.2668374E-01
3.02943E-08, 6.13177E-03, 1.86957E-03, 1.2693667E-01
3.03006E-08, 5.60485E-03, 1.76418E-03, 1.2702098E-01
3.03068E-08, 4.55099E-03, 1.23726E-03, 1.2714744E-01
3.03131E-08, 2.97021E-03, 7.1033E-04, 1.2710530E-01
3.03193E-08, 8.6249E-04, 7.801E-05, 1.2714744E-01
3.03256E-08, -7.1829E-04, -8.7046E-04, 1.2714744E-01
3.03318E-08, -4.40678E-03, -1.81893E-03, 1.2710530E-01
3.03381E-08, -5.98757E-03, -2.87278E-03, 1.2702098E-01
3.03443E-08, -8.09528E-03, -4.03202E-03, 1.2693667E-01
3.03506E-08, -1.072992E-02, -5.08588E-03, 1.2668374E-01
3.03568E-08, -1.336456E-02, -6.45589E-03, 1.2647298E-01
3.03631E-08, -1.652613E-02, -7.61513E-03, 1.2622005E-01
3.03693E-08, -1.863384E-02, -8.87976E-03, 1.2605143E-01
3.03756E-08, -2.232233E-02, -1.003900E-02, 1.2579851E-01
3.03818E-08, -2.495697E-02, -1.130363E-02, 1.2546128E-01
3.03881E-08, -2.653776E-02, -1.214671E-02, 1.2520835E-01
3.03943E-08, -2.969932E-02, -1.309518E-02, 1.2503973E-01
3.04006E-08, -3.233396E-02, -1.393827E-02, 1.2474465E-01
3.04068E-08, -3.444167E-02, -1.457058E-02, 1.2436526E-01
3.04131E-08, -3.602246E-02, -1.499212E-02, 1.2419665E-01
3.04193E-08, -3.760324E-02, -1.520289E-02, 1.2394372E-01
3.04256E-08, -3.918403E-02, -1.530828E-02, 1.2364864E-01
3.04318E-08, -3.971095E-02, -1.509751E-02, 1.2352218E-01
3.04381E-08, -3.971095E-02, -1.488674E-02, 1.2335356E-01
3.04443E-08, -4.023788E-02, -1.435981E-02, 1.2322710E-01
3.04506E-08, -4.023788E-02, -1.351672E-02, 1.2310064E-01
3.04568E-08, -4.023788E-02, -1.277903E-02, 1.2310064E-01
3.04631E-08, -3.865710E-02, -1.183056E-02, 1.2305848E-01
3.04693E-08, -3.865710E-02, -1.046054E-02, 1.2310064E-01
3.04756E-08, -3.760324E-02, -9.51207E-03, 1.2314279E-01
3.04818E-08, -3.602246E-02, -8.03667E-03, 1.2335356E-01
3.04881E-08, -3.496860E-02, -6.66666E-03, 1.2343787E-01
3.04943E-08, -3.338782E-02, -5.29665E-03, 1.2373295E-01
3.05006E-08, -3.128011E-02, -4.03202E-03, 1.2398588E-01
3.05068E-08, -3.022625E-02, -2.55662E-03, 1.2419665E-01
3.05131E-08, -2.811854E-02, -1.18661E-03, 1.2457603E-01
3.05193E-08, -2.759161E-02, 2.8879E-04, 1.2491327E-01
3.05256E-08, -2.601083E-02, 1.44803E-03, 1.2529266E-01
3.05318E-08, -2.390312E-02, 2.50188E-03, 1.2562989E-01
3.05381E-08, -2.337619E-02, 3.34497E-03, 1.2605143E-01
3.05443E-08, -2.179541E-02, 4.29344E-03, 1.2647298E-01
3.05506E-08, -2.179541E-02, 4.92575E-03, 1.2689452E-01
3.05568E-08, -2.074155E-02, 5.45268E-03, 1.2731606E-01
3.05631E-08, -2.126848E-02, 5.87422E-03, 1.2777975E-01
3.05693E-08, -2.179541E-02, 6.08499E-03, 1.2820129E-01
3.05756E-08, -2.284926E-02, 6.19038E-03, 1.2858069E-01
3.05818E-08, -2.284926E-02, 6.08499E-03, 1.2896007E-01
3.05881E-08, -2.337619E-02, 5.87422E-03, 1.2929730E-01
3.05943E-08, -2.495697E-02, 5.55806E-03, 1.2963454E-01
3.06006E-08, -2.653776E-02, 5.13652E-03, 1.3001393E-01
3.06068E-08, -2.811854E-02, 4.71498E-03, 1.3026686E-01
3.06131E-08, -2.969932E-02, 4.18805E-03, 1.3047762E-01
3.06193E-08, -3.338782E-02, 3.55574E-03, 1.3068840E-01
3.06256E-08, -3.444167E-02, 3.13420E-03, 1.3085702E-01
3.06318E-08, -3.654939E-02, 2.50188E-03, 1.3094132E-01
3.06381E-08, -3.918403E-02, 1.65880E-03, 1.3098347E-01
3.06443E-08, -4.181866E-02, 1.13187E-03, 1.3110994E-01
3.06506E-08, -4.392638E-02, 6.0494E-04, 1.3115209E-01
3.06568E-08, -4.708794E-02, 7.801E-05, 1.3110994E-01
3.06631E-08, -4.814180E-02, -4.4891E-04, 1.3110994E-01
3.06693E-08, -5.024951E-02, -8.7046E-04, 1.3102563E-01
3.06756E-08, -5.288415E-02, -1.29200E-03, 1.3089918E-01
3.06818E-08, -5.393801E-02, -1.71354E-03, 1.3081487E-01
3.06881E-08, -5.551879E-02, -2.02970E-03, 1.3077271E-01
3.06943E-08, -5.604572E-02, -2.45124E-03, 1.3060409E-01
3.07006E-08, -5.709957E-02, -2.76740E-03, 1.3051978E-01
3.07068E-08, -5.815343E-02, -2.87278E-03, 1.3039331E-01
3.07131E-08, -5.762650E-02, -3.08355E-03, 1.3030902E-01
3.07193E-08, -5.762650E-02, -3.29432E-03, 1.3022470E-01
3.07256E-08, -5.604572E-02, -3.50509E-03, 1.3014039E-01
3.07318E-08, -5.604572E-02, -3.92664E-03, 1.3009824E-01
3.07381E-08, -5.551879E-02, -4.24279E-03, 1.3009824E-01
3.07443E-08, -5.393801E-02, -4.76972E-03, 1.3005608E-01
3.07506E-08, -5.235722E-02, -5.08588E-03, 1.3014039E-01
3.07568E-08, -4.972258E-02, -5.71819E-03, 1.3014039E-01
3.07631E-08, -4.866873E-02, -6.24512E-03, 1.3026686E-01
3.07693E-08, -4.550716E-02, -7.08820E-03, 1.3035117E-01
3.07756E-08, -4.339945E-02, -7.93129E-03, 1.3060409E-01
3.07818E-08, -4.129174E-02, -8.77437E-03, 1.3077271E-01
3.07881E-08, -3.760324E-02, -9.40669E-03, 1.3098347E-01
3.07943E-08, -3.654939E-02, -1.056593E-02, 1.3115209E-01
3.08006E-08, -3.391474E-02, -1.161978E-02, 1.3136287E-01
3.08068E-08, -3.128011E-02, -1.267364E-02, 1.3161579E-01
3.08131E-08, -2.864547E-02, -1.372750E-02, 1.3191088E-01
3.08193E-08, -2.706468E-02, -1.457058E-02, 1.3212164E-01
3.08256E-08, -2.601083E-02, -1.594059E-02, 1.3237457E-01
3.08318E-08, -2.495697E-02, -1.688906E-02, 1.3266964E-01
3.08381E-08, -2.337619E-02, -1.773215E-02, 1.3288042E-01
3.08443E-08, -2.232233E-02, -1.868062E-02, 1.3309118E-01
3.08506E-08, -2.179541E-02, -1.931293E-02, 1.3330196E-01
3.08568E-08, -2.179541E-02, -1.994525E-02, 1.3338627E-01
3.08631E-08, -2.179541E-02, -2.047217E-02, 1.3363919E-01
3.08693E-08, -2.126848E-02, -2.068294E-02, 1.3376565E-01
3.08756E-08, -2.284926E-02, -2.089372E-02, 1.3384996E-01
3.08818E-08, -2.390312E-02, -2.089372E-02, 1.3389212E-01
3.08881E-08, -2.495697E-02, -2.057756E-02, 1.3384996E-01
3.08943E-08, -2.759161E-02, -2.026140E-02, 1.3393427E-01
3.09006E-08, -2.864547E-02, -1.983986E-02, 1.3380781E-01
3.09068E-08, -3.128011E-02, -1.889139E-02, 1.3380781E-01
3.09131E-08, -3.233396E-02, -1.794292E-02, 1.3359705E-01
3.09193E-08, -3.549553E-02, -1.709983E-02, 1.3355489E-01
3.09256E-08, -3.813017E-02, -1.572982E-02, 1.3338627E-01
3.09318E-08, -4.076481E-02, -1.446519E-02, 1.3325980E-01
3.09381E-08, -4.339945E-02, -1.330595E-02, 1.3304904E-01
3.09443E-08, -4.656101E-02, -1.183056E-02, 1.3283826E-01
3.09506E-08, -4.814180E-02, -1.056593E-02, 1.3262749E-01
3.09568E-08, -5.130336E-02, -9.09053E-03, 1.3245888E-01
3.09631E-08, -5.393801E-02, -7.93129E-03, 1.3224810E-01
3.09693E-08, -5.604572E-02, -6.77205E-03, 1.3216379E-01
3.09756E-08, -5.868036E-02, -5.50742E-03, 1.3199519E-01
3.09818E-08, -6.078807E-02, -4.66434E-03, 1.3186872E-01
3.09881E-08, -6.236885E-02, -3.71587E-03, 1.3182656E-01
3.09943E-08, -6.500349E-02, -3.08355E-03, 1.3174225E-01
3.10006E-08, -6.553042E-02, -2.55662E-03, 1.3174225E-01
3.10068E-08, -6.658427E-02, -2.13508E-03, 1.3178441E-01
3.10131E-08, -6.869198E-02, -2.02970E-03, 1.3182656E-01
3.10193E-08, -6.921891E-02, -2.02970E-03, 1.3191088E-01
3.10256E-08, -7.027277E-02, -2.34585E-03, 1.3199519E-01
3.10318E-08, -7.238048E-02, -2.87278E-03, 1.3212164E-01
3.10381E-08, -7.238048E-02, -3.71587E-03, 1.3237457E-01
3.10443E-08, -7.290741E-02, -4.66434E-03, 1.3262749E-01
3.10506E-08, -7.396127E-02, -5.50742E-03, 1.3279611E-01
3.10568E-08, -7.501512E-02, -6.77205E-03, 1.3313334E-01
3.10631E-08, -7.554205E-02, -8.03667E-03, 1.3325980E-01
3.10693E-08, -7.659590E-02, -9.61746E-03, 1.3368134E-01
3.10756E-08, -7.712283E-02, -1.088209E-02, 1.3401859E-01
3.10818E-08, -7.817668E-02, -1.235748E-02, 1.3427150E-01
3.10881E-08, -7.870361E-02, -1.372750E-02, 1.3460875E-01
3.10943E-08, -7.975747E-02, -1.551905E-02, 1.3494597E-01
3.11006E-08, -8.186518E-02, -1.678368E-02, 1.3524106E-01
3.11068E-08, -8.239211E-02, -1.794292E-02, 1.3557829E-01
3.11131E-08, -8.344597E-02, -1.899678E-02, 1.3583121E-01
3.11193E-08, -8.449982E-02, -2.015601E-02, 1.3608414E-01
3.11256E-08, -8.608060E-02, -2.089372E-02, 1.3629492E-01
3.11318E-08, -8.608060E-02, -2.152603E-02, 1.3650568E-01
3.11381E-08, -8.818832E-02, -2.194757E-02, 1.3667430E-01
3.11443E-08, -8.976910E-02, -2.226373E-02, 1.3671646E-01
3.11506E-08, -8.976910E-02, -2.226373E-02, 1.3692722E-01
3.11568E-08, -9.187681E-02, -2.205296E-02, 1.3696937E-01
3.11631E-08, -9.187681E-02, -2.194757E-02, 1.3701153E-01
3.11693E-08, -9.240374E-02, -2.131526E-02, 1.3705368E-01
3.11756E-08, -9.293067E-02, -2.047217E-02, 1.3701153E-01
3.11818E-08, -9.345759E-02, -1.983986E-02, 1.3696937E-01
3.11881E-08, -9.240374E-02, -1.878600E-02, 1.3692722E-01
3.11943E-08, -9.293067E-02, -1.762676E-02, 1.3680077E-01
3.12006E-08, -9.187681E-02, -1.667829E-02, 1.3675861E-01
3.12068E-08, -9.134988E-02, -1.541366E-02, 1.3663214E-01
3.12131E-08, -8.924218E-02, -1.414904E-02, 1.3646352E-01
3.12193E-08, -8.871525E-02, -1.309518E-02, 1.3646352E-01
3.12256E-08, -8.713446E-02, -1.183056E-02, 1.3629492E-01
3.12318E-08, -8.449982E-02, -1.098747E-02, 1.3608414E-01
3.12381E-08, -8.291904E-02, -1.003900E-02, 1.3604198E-01
3.12443E-08, -8.081133E-02, -9.19592E-03, 1.3591552E-01
3.12506E-08, -7.764976E-02, -8.35283E-03, 1.3570476E-01
3.12568E-08, -7.606898E-02, -8.03667E-03, 1.3562045E-01
3.12631E-08, -7.290741E-02, -7.40436E-03, 1.3549398E-01
3.12693E-08, -7.079970E-02, -7.19359E-03, 1.3549398E-01
3.12756E-08, -6.816506E-02, -7.29898E-03, 1.3536751E-01
3.12818E-08, -6.553042E-02, -7.50975E-03, 1.3536751E-01
3.12881E-08, -6.394964E-02, -7.93129E-03, 1.3528320E-01
3.12943E-08, -6.236885E-02, -8.45822E-03, 1.3528320E-01
3.13006E-08, -6.078807E-02, -9.09053E-03, 1.3528320E-01
3.13068E-08, -5.920728E-02, -9.93362E-03, 1.3524106E-01
3.13131E-08, -5.815343E-02, -1.088209E-02, 1.3515675E-01
3.13193E-08, -5.815343E-02, -1.214671E-02, 1.3524106E-01
3.13256E-08, -5.709957E-02, -1.330595E-02, 1.3511460E-01
3.13318E-08, -5.709957E-02, -1.435981E-02, 1.3515675E-01
3.13381E-08, -5.815343E-02, -1.562444E-02, 1.3524106E-01
3.13443E-08, -5.868036E-02, -1.688906E-02, 1.3515675E-01
3.13506E-08, -5.973421E-02, -1.815369E-02, 1.3524106E-01
3.13568E-08, -6.078807E-02, -1.920754E-02, 1.3515675E-01
3.13631E-08, -6.236885E-02, -2.047217E-02, 1.3524106E-01
3.13693E-08, -6.500349E-02, -2.120987E-02, 1.3524106E-01
3.13756E-08, -6.711120E-02, -2.205296E-02, 1.3524106E-01
3.13818E-08, -6.921891E-02, -2.279066E-02, 1.3519891E-01
3.13881E-08, -7.132663E-02, -2.331758E-02, 1.3519891E-01
3.13943E-08, -7.290741E-02, -2.384451E-02, 1.3524106E-01
3.14006E-08, -7.448819E-02, -2.384451E-02, 1.3528320E-01
3.14068E-08, -7.712283E-02, -2.405528E-02, 1.3528320E-01
3.14131E-08, -7.817668E-02, -2.373913E-02, 1.3519891E-01
3.14193E-08, -7.975747E-02, -2.352835E-02, 1.3528320E-01
3.14256E-08, -7.975747E-02, -2.300143E-02, 1.3524106E-01
3.14318E-08, -8.081133E-02, -2.247450E-02, 1.3519891E-01
3.14381E-08, -8.081133E-02, -2.173680E-02, 1.3519891E-01
3.14443E-08, -7.870361E-02, -2.078833E-02, 1.3524106E-01
3.14506E-08, -7.923055E-02, -1.973447E-02, 1.3519891E-01
3.14568E-08, -7.712283E-02, -1.878600E-02, 1.3519891E-01
3.14631E-08, -7.606898E-02, -1.773215E-02, 1.3515675E-01
3.14693E-08, -7.238048E-02, -1.636213E-02, 1.3511460E-01
3.14756E-08, -6.974584E-02, -1.509751E-02, 1.3515675E-01
3.14818E-08, -6.658427E-02, -1.393827E-02, 1.3515675E-01
3.14881E-08, -6.342271E-02, -1.298980E-02, 1.3519891E-01
3.14943E-08, -5.973421E-02, -1.193594E-02, 1.3511460E-01
3.15006E-08, -5.551879E-02, -1.098747E-02, 1.3515675E-01
3.15068E-08, -5.130336E-02, -9.93362E-03, 1.3511460E-01
3.15131E-08, -4.761487E-02, -9.19592E-03, 1.3519891E-01
3.15193E-08, -4.392638E-02, -8.56360E-03, 1.3515675E-01
3.15256E-08, -3.918403E-02, -8.03667E-03, 1.3519891E-01
3.15318E-08, -3.549553E-02, -7.61513E-03, 1.3519891E-01
3.15381E-08, -3.233396E-02, -7.29898E-03, 1.3519891E-01
3.15443E-08, -2.864547E-02, -7.29898E-03, 1.3515675E-01
3.15506E-08, -2.653776E-02, -7.08820E-03, 1.3519891E-01
3.15568E-08, -2.337619E-02, -7.40436E-03, 1.3515675E-01
3.15631E-08, -2.126848E-02, -7.40436E-03, 1.3519891E-01
3.15693E-08, -2.126848E-02, -7.93129E-03, 1.3519891E-01
3.15756E-08, -2.126848E-02, -8.35283E-03, 1.3528320E-01
3.15818E-08, -2.126848E-02, -8.77437E-03, 1.3528320E-01
3.15881E-08, -2.126848E-02, -9.30130E-03, 1.3536751E-01
3.15943E-08, -2.337619E-02, -9.93362E-03, 1.3549398E-01
3.16006E-08, -2.443004E-02, -1.035516E-02, 1.3553613E-01
3.16068E-08, -2.601083E-02, -1.088209E-02, 1.3566260E-01
3.16131E-08, -2.811854E-02, -1.151440E-02, 1.3578907E-01
3.16193E-08, -3.128011E-02, -1.193594E-02, 1.3587336E-01
3.16256E-08, -3.444167E-02, -1.235748E-02, 1.3604198E-01
3.16318E-08, -3.813017E-02, -1.267364E-02, 1.3625276E-01
3.16381E-08, -4.234559E-02, -1.288441E-02, 1.3646352E-01
3.16443E-08, -4.550716E-02, -1.298980E-02, 1.3658999E-01
3.16506E-08, -4.919565E-02, -1.298980E-02, 1.3688506E-01
3.16568E-08, -5.235722E-02, -1.309518E-02, 1.3713799E-01
3.16631E-08, -5.551879E-02, -1.256825E-02, 1.3730662E-01
3.16693E-08, -5.920728E-02, -1.256825E-02, 1.3760169E-01
3.16756E-08, -6.131500E-02, -1.204133E-02, 1.3785462E-01
3.16818E-08, -6.289578E-02, -1.172517E-02, 1.3814969E-01
3.16881E-08, -6.500349E-02, -1.098747E-02, 1.3844478E-01
3.16943E-08, -6.553042E-02, -1.046054E-02, 1.3873985E-01
3.17006E-08, -6.658427E-02, -9.61746E-03, 1.3903494E-01
3.17068E-08, -6.553042E-02, -8.98515E-03, 1.3933001E-01
3.17131E-08, -6.553042E-02, -8.24745E-03, 1.3962509E-01
3.17193E-08, -6.289578E-02, -7.50975E-03, 1.3992018E-01
3.17256E-08, -6.184192E-02, -6.77205E-03, 1.4008880E-01
3.17318E-08, -5.920728E-02, -6.13973E-03, 1.4038387E-01
3.17381E-08, -5.657265E-02, -5.50742E-03, 1.4059465E-01
3.17443E-08, -5.393801E-02, -4.98049E-03, 1.4076325E-01
3.17506E-08, -5.024951E-02, -4.55895E-03, 1.4093187E-01
3.17568E-08, -4.761487E-02, -4.13741E-03, 1.4105834E-01
3.17631E-08, -4.339945E-02, -3.71587E-03, 1.4114265E-01
3.17693E-08, -3.813017E-02, -3.71587E-03, 1.4122696E-01
3.17756E-08, -3.444167E-02, -3.61048E-03, 1.4126910E-01
3.17818E-08, -3.180704E-02, -3.71587E-03, 1.4135341E-01
3.17881E-08, -2.653776E-02, -3.92664E-03, 1.4135341E-01
3.17943E-08, -2.443004E-02, -4.24279E-03, 1.4143772E-01
3.18006E-08, -2.126848E-02, -4.76972E-03, 1.4135341E-01
3.18068E-08, -1.863384E-02, -5.50742E-03, 1.4126910E-01
3.18131E-08, -1.547227E-02, -6.13973E-03, 1.4122696E-01
3.18193E-08, -1.336456E-02, -6.87743E-03, 1.4110050E-01
3.18256E-08, -1.178377E-02, -7.82590E-03, 1.4097403E-01
3.18318E-08, -1.178377E-02, -8.77437E-03, 1.4093187E-01
3.18381E-08, -1.072992E-02, -9.82823E-03, 1.4080541E-01
3.18443E-08, -1.125685E-02, -1.088209E-02, 1.4063680E-01
3.18506E-08, -1.125685E-02, -1.183056E-02, 1.4046818E-01
3.18568E-08, -1.231070E-02, -1.288441E-02, 1.4046818E-01
3.18631E-08, -1.336456E-02, -1.404365E-02, 1.4029956E-01
3.18693E-08, -1.494534E-02, -1.509751E-02, 1.4029956E-01
3.18756E-08, -1.652613E-02, -1.604598E-02, 1.4021525E-01
3.18818E-08, -1.863384E-02, -1.678368E-02, 1.4013095E-01
3.18881E-08, -2.021462E-02, -1.762676E-02, 1.4013095E-01
3.18943E-08, -2.443004E-02, -1.836446E-02, 1.4017309E-01
3.19006E-08, -2.601083E-02, -1.889139E-02, 1.4025740E-01
3.19068E-08, -2.917239E-02, -1.941832E-02, 1.4025740E-01
3.19131E-08, -3.022625E-02, -1.962909E-02, 1.4034171E-01
3.19193E-08, -3.286089E-02, -1.983986E-02, 1.4046818E-01
3.19256E-08, -3.549553E-02, -1.983986E-02, 1.4055249E-01
3.19318E-08, -3.760324E-02, -1.983986E-02, 1.4067896E-01
3.19381E-08, -3.813017E-02, -1.962909E-02, 1.4088972E-01
3.19443E-08, -3.971095E-02, -1.931293E-02, 1.4105834E-01
3.19506E-08, -4.129174E-02, -1.889139E-02, 1.4118481E-01
3.19568E-08, -4.181866E-02, -1.846985E-02, 1.4143772E-01
3.19631E-08, -4.287252E-02, -1.762676E-02, 1.4164850E-01
3.19693E-08, -4.234559E-02, -1.688906E-02, 1.4190142E-01
3.19756E-08, -4.287252E-02, -1.625675E-02, 1.4202788E-01
3.19818E-08, -4.287252E-02, -1.551905E-02, 1.4219651E-01
3.19881E-08, -4.339945E-02, -1.457058E-02, 1.4244942E-01
3.19943E-08, -4.339945E-02, -1.383288E-02, 1.4270236E-01
3.20006E-08, -4.339945E-02, -1.288441E-02, 1.4278667E-01
3.20068E-08, -4.392638E-02, -1.214671E-02, 1.4299743E-01
3.20131E-08, -4.287252E-02, -1.151440E-02, 1.4312389E-01
3.20193E-08, -4.392638E-02, -1.067131E-02, 1.4329252E-01
3.20256E-08, -4.339945E-02, -1.003900E-02, 1.4337683E-01
3.20318E-08, -4.392638E-02, -9.61746E-03, 1.4350328E-01
3.20381E-08, -4.445330E-02, -9.19592E-03, 1.4362974E-01
3.20443E-08, -4.550716E-02, -8.98515E-03, 1.4358759E-01
3.20506E-08, -4.656101E-02, -8.66899E-03, 1.4367190E-01
3.20568E-08, -4.866873E-02, -8.66899E-03, 1.4358759E-01
3.20631E-08, -5.024951E-02, -8.66899E-03, 1.4367190E-01
3.20693E-08, -5.235722E-02, -8.87976E-03, 1.4354543E-01
3.20756E-08, -5.393801E-02, -9.09053E-03, 1.4358759E-01
3.20818E-08, -5.657265E-02, -9.40669E-03, 1.4350328E-01
3.20881E-08, -5.815343E-02, -9.72284E-03, 1.4337683E-01
3.20943E-08, -6.078807E-02, -1.035516E-02, 1.4320821E-01
3.21006E-08, -6.394964E-02, -1.056593E-02, 1.4308174E-01
3.21068E-08, -6.500349E-02, -1.119824E-02, 1.4295527E-01
3.21131E-08, -6.869198E-02, -1.161978E-02, 1.4278667E-01
3.21193E-08, -6.921891E-02, -1.225210E-02, 1.4266020E-01
3.21256E-08, -7.079970E-02, -1.256825E-02, 1.4244942E-01
3.21318E-08, -7.290741E-02, -1.309518E-02, 1.4215435E-01
3.21381E-08, -7.343434E-02, -1.330595E-02, 1.4202788E-01
3.21443E-08, -7.448819E-02, -1.362211E-02, 1.4181711E-01
3.21506E-08, -7.396127E-02, -1.393827E-02, 1.4156419E-01
3.21568E-08, -7.396127E-02, -1.393827E-02, 1.4143772E-01
3.21631E-08, -7.238048E-02, -1.393827E-02, 1.4114265E-01
3.21693E-08, -6.974584E-02, -1.362211E-02, 1.4097403E-01
3.21756E-08, -6.869198E-02, -1.341134E-02, 1.4076325E-01
3.21818E-08, -6.553042E-02, -1.298980E-02, 1.4055249E-01
3.21881E-08, -6.236885E-02, -1.225210E-02, 1.4038387E-01
3.21943E-08, -5.920728E-02, -1.193594E-02, 1.4025740E-01
3.22006E-08, -5.499186E-02, -1.130363E-02, 1.4004664E-01
3.22068E-08, -5.130336E-02, -1.035516E-02, 1.3992018E-01
3.22131E-08, -4.603409E-02, -9.51207E-03, 1.3979371E-01
3.22193E-08, -4.076481E-02, -8.56360E-03, 1.3970940E-01
3.22256E-08, -3.654939E-02, -7.72052E-03, 1.3962509E-01
3.22318E-08, -3.075318E-02, -6.56128E-03, 1.3949864E-01
3.22381E-08, -2.601083E-02, -5.61281E-03, 1.3954079E-01
3.22443E-08, -2.021462E-02, -4.55895E-03, 1.3949864E-01
3.22506E-08, -1.599920E-02, -3.92664E-03, 1.3958295E-01
3.22568E-08, -1.231070E-02, -2.87278E-03, 1.3958295E-01
3.22631E-08, -7.04142E-03, -2.02970E-03, 1.3970940E-01
3.22693E-08, -3.87986E-03, -1.50277E-03, 1.3987802E-01
3.22756E-08, -1.9136E-04, -9.7584E-04, 1.3992018E-01
3.22818E-08, 2.44328E-03, -4.4891E-04, 1.4013095E-01
3.22881E-08, 6.65870E-03, -3.4353E-04, 1.4025740E-01
3.22943E-08, 6.13177E-03, -2.3814E-04, 1.4051034E-01
3.23006E-08, 6.65870E-03, -4.4891E-04, 1.4080541E-01
3.23068E-08, 8.23948E-03, -5.5430E-04, 1.4097403E-01
3.23131E-08, 7.71256E-03, -9.7584E-04, 1.4126910E-01
3.23193E-08, 5.60485E-03, -1.81893E-03, 1.4156419E-01
3.23256E-08, 4.55099E-03, -2.34585E-03, 1.4173281E-01
3.23318E-08, 1.91635E-03, -3.29432E-03, 1.4211220E-01
3.23381E-08, -7.1829E-04, -4.24279E-03, 1.4228082E-01
3.23443E-08, -3.87986E-03, -5.50742E-03, 1.4261805E-01
3.23506E-08, -8.09528E-03, -6.56128E-03, 1.4282882E-01
3.23568E-08, -1.231070E-02, -7.93129E-03, 1.4308174E-01
3.23631E-08, -1.652613E-02, -9.09053E-03, 1.4325036E-01
3.23693E-08, -2.232233E-02, -1.056593E-02, 1.4354543E-01
3.23756E-08, -2.601083E-02, -1.183056E-02, 1.4371406E-01
3.23818E-08, -3.128011E-02, -1.298980E-02, 1.4379837E-01
3.23881E-08, -3.707631E-02, -1.414904E-02, 1.4388268E-01
3.23943E-08, -4.181866E-02, -1.530828E-02, 1.4400913E-01
3.24006E-08, -4.656101E-02, -1.615136E-02, 1.4413559E-01
3.24068E-08, -5.077644E-02, -1.699445E-02, 1.4426206E-01
3.24131E-08, -5.551879E-02, -1.762676E-02, 1.4417775E-01
3.24193E-08, -5.815343E-02, -1.815369E-02, 1.4426206E-01
3.24256E-08, -6.184192E-02, -1.846985E-02, 1.4421991E-01
3.24318E-08, -6.500349E-02, -1.857523E-02, 1.4417775E-01
3.24381E-08, -6.763813E-02, -1.857523E-02, 1.4417775E-01
3.24443E-08, -6.816506E-02, -1.836446E-02, 1.4417775E-01
3.24506E-08, -6.974584E-02, -1.783753E-02, 1.4413559E-01
3.24568E-08, -7.027277E-02, -1.731060E-02, 1.4421991E-01
3.24631E-08, -7.027277E-02, -1.646752E-02, 1.4426206E-01
3.24693E-08, -7.027277E-02, -1.562444E-02, 1.4430422E-01
3.24756E-08, -6.816506E-02, -1.478135E-02, 1.4430422E-01
3.24818E-08, -6.658427E-02, -1.372750E-02, 1.4451498E-01
3.24881E-08, -6.394964E-02, -1.246287E-02, 1.4455713E-01
3.24943E-08, -6.131500E-02, -1.109286E-02, 1.4481007E-01
3.25006E-08, -5.815343E-02, -9.93362E-03, 1.4506298E-01
3.25068E-08, -5.446493E-02, -8.77437E-03, 1.4527376E-01
3.25131E-08, -5.077644E-02, -7.72052E-03, 1.4552669E-01
3.25193E-08, -4.603409E-02, -6.45589E-03, 1.4594823E-01
3.25256E-08, -4.129174E-02, -5.40204E-03, 1.4628546E-01
3.25318E-08, -3.760324E-02, -4.34818E-03, 1.4666484E-01
3.25381E-08, -3.286089E-02, -3.61048E-03, 1.4712855E-01
3.25443E-08, -2.811854E-02, -2.97817E-03, 1.4746578E-01
3.25506E-08, -2.443004E-02, -2.24047E-03, 1.4788732E-01
3.25568E-08, -2.074155E-02, -2.02970E-03, 1.4835101E-01
3.25631E-08, -1.547227E-02, -1.60815E-03, 1.4868826E-01
3.25693E-08, -1.336456E-02, -1.71354E-03, 1.4915195E-01
3.25756E-08, -9.67606E-03, -1.71354E-03, 1.4953133E-01
3.25818E-08, -7.04142E-03, -2.02970E-03, 1.4991073E-01
3.25881E-08, -3.35293E-03, -2.34585E-03, 1.5024796E-01
3.25943E-08, -3.35293E-03, -2.97817E-03, 1.5045874E-01
3.26006E-08, -1.24522E-03, -3.50509E-03, 1.5066950E-01
3.26068E-08, -7.1829E-04, -4.03202E-03, 1.5088028E-01
3.26131E-08, -1.9136E-04, -4.76972E-03, 1.5092243E-01
3.26193E-08, -1.77215E-03, -5.40204E-03, 1.5104888E-01
3.26256E-08, -1.24522E-03, -6.35051E-03, 1.5092243E-01
3.26318E-08, -2.82600E-03, -7.08820E-03, 1.5092243E-01
3.26381E-08, -4.93371E-03, -7.61513E-03, 1.5075381E-01
3.26443E-08, -5.46064E-03, -8.66899E-03, 1.5045874E-01
3.26506E-08, -9.67606E-03, -8.98515E-03, 1.5029012E-01
3.26568E-08, -1.231070E-02, -9.72284E-03, 1.4999503E-01
3.26631E-08, -1.494534E-02, -1.003900E-02, 1.4953133E-01
3.26693E-08, -1.863384E-02, -1.035516E-02, 1.4915195E-01
3.26756E-08, -2.284926E-02, -1.056593E-02, 1.4877257E-01
3.26818E-08, -2.706468E-02, -1.077670E-02, 1.4839317E-01
3.26881E-08, -3.022625E-02, -1.046054E-02, 1.4792947E-01
3.26943E-08, -3.549553E-02, -1.035516E-02, 1.4746578E-01
3.27006E-08, -3.918403E-02, -1.014439E-02, 1.4708640E-01
3.27068E-08, -4.287252E-02, -9.61746E-03, 1.4683346E-01
3.27131E-08, -4.656101E-02, -9.19592E-03, 1.4645408E-01
3.27193E-08, -5.024951E-02, -8.35283E-03, 1.4624330E-01
3.27256E-08, -5.393801E-02, -7.61513E-03, 1.4599039E-01
3.27318E-08, -5.762650E-02, -7.08820E-03, 1.4586392E-01
3.27381E-08, -5.973421E-02, -6.24512E-03, 1.4582177E-01
3.27443E-08, -6.184192E-02, -5.50742E-03, 1.4590608E-01
3.27506E-08, -6.447656E-02, -4.66434E-03, 1.4599039E-01
3.27568E-08, -6.658427E-02, -3.82125E-03, 1.4615899E-01
3.27631E-08, -6.763813E-02, -3.18894E-03, 1.4645408E-01
3.27693E-08, -6.869198E-02, -2.45124E-03, 1.4679131E-01
3.27756E-08, -7.027277E-02, -1.92431E-03, 1.4717071E-01
3.27818E-08, -7.079970E-02, -1.50277E-03, 1.4776085E-01
3.27881E-08, -7.132663E-02, -1.08123E-03, 1.4822456E-01
3.27943E-08, -7.185356E-02, -7.6507E-04, 1.4881472E-01
3.28006E-08, -7.079970E-02, -7.6507E-04, 1.4940487E-01
3.28068E-08, -7.027277E-02, -8.7046E-04, 1.5007934E-01
3.28131E-08, -7.079970E-02, -1.18661E-03, 1.5071166E-01
3.28193E-08, -6.974584E-02, -1.50277E-03, 1.5134397E-01
3.28256E-08, -6.816506E-02, -2.02970E-03, 1.5197629E-01
3.28318E-08, -6.816506E-02, -2.76740E-03, 1.5252429E-01
3.28381E-08, -6.711120E-02, -3.50509E-03, 1.5311445E-01
3.28443E-08, -6.553042E-02, -4.13741E-03, 1.5353599E-01
3.28506E-08, -6.447656E-02, -5.19126E-03, 1.5399969E-01
3.28568E-08, -6.394964E-02, -6.24512E-03, 1.5429476E-01
3.28631E-08, -6.342271E-02, -7.19359E-03, 1.5458985E-01
3.28693E-08, -6.184192E-02, -8.14206E-03, 1.5475847E-01
3.28756E-08, -6.131500E-02, -9.51207E-03, 1.5484276E-01
3.28818E-08, -6.131500E-02, -1.056593E-02, 1.5484276E-01
3.28881E-08, -6.078807E-02, -1.151440E-02, 1.5471631E-01
3.28943E-08, -6.026114E-02, -1.246287E-02, 1.5454769E-01
3.29006E-08, -5.973421E-02, -1.341134E-02, 1.5429476E-01
3.29068E-08, -5.973421E-02, -1.446519E-02, 1.5387322E-01
3.29131E-08, -5.973421E-02, -1.509751E-02, 1.5353599E-01
3.29193E-08, -5.920728E-02, -1.583521E-02, 1.5298799E-01
3.29256E-08, -5.815343E-02, -1.646752E-02, 1.5243998E-01
3.29318E-08, -5.815343E-02, -1.699445E-02, 1.5193413E-01
3.29381E-08, -5.762650E-02, -1.741599E-02, 1.5138613E-01
3.29443E-08, -5.604572E-02, -1.752138E-02, 1.5075381E-01
3.29506E-08, -5.499186E-02, -1.762676E-02, 1.5016365E-01
3.29568E-08, -5.446493E-02, -1.773215E-02, 1.4953133E-01
3.29631E-08, -5.235722E-02, -1.762676E-02, 1.4898333E-01
3.29693E-08, -5.183030E-02, -1.762676E-02, 1.4847748E-01
3.29756E-08, -4.972258E-02, -1.741599E-02, 1.4797163E-01
3.29818E-08, -4.814180E-02, -1.709983E-02, 1.4763440E-01
3.29881E-08, -4.445330E-02, -1.678368E-02, 1.4733931E-01
3.29943E-08, -4.339945E-02, -1.646752E-02, 1.4708640E-01
3.30006E-08, -3.971095E-02, -1.625675E-02, 1.4683346E-01
3.30068E-08, -3.654939E-02, -1.583521E-02, 1.4679131E-01
3.30131E-08, -3.391474E-02, -1.541366E-02, 1.4674915E-01
3.30193E-08, -3.075318E-02, -1.541366E-02, 1.4679131E-01
3.30256E-08, -2.706468E-02, -1.520289E-02, 1.4683346E-01
3.30318E-08, -2.337619E-02, -1.488674E-02, 1.4708640E-01
3.30381E-08, -2.074155E-02, -1.478135E-02, 1.4729716E-01
3.30443E-08, -1.705305E-02, -1.467597E-02, 1.4755009E-01
3.30506E-08, -1.389149E-02, -1.467597E-02, 1.4792947E-01
3.30568E-08, -1.020299E-02, -1.488674E-02, 1.4826672E-01
3.30631E-08, -6.51450E-03, -1.478135E-02, 1.4868826E-01
3.30693E-08, -3.87986E-03, -1.499212E-02, 1.4915195E-01
3.30756E-08, -1.77215E-03, -1.541366E-02, 1.4953133E-01
3.30818E-08, 8.6249E-04, -1.572982E-02, 1.4991073E-01
3.30881E-08, 3.49713E-03, -1.594059E-02, 1.5033227E-01
3.30943E-08, 4.02406E-03, -1.636213E-02, 1.5075381E-01
3.31006E-08, 5.07792E-03, -1.667829E-02, 1.5100673E-01
3.31068E-08, 5.07792E-03, -1.699445E-02, 1.5134397E-01
3.31131E-08, 5.07792E-03, -1.709983E-02, 1.5151259E-01
3.31193E-08, 5.07792E-03, -1.731060E-02, 1.5168120E-01
3.31256E-08, 4.02406E-03, -1.752138E-02, 1.5176551E-01
3.31318E-08, 1.38942E-03, -1.741599E-02, 1.5180767E-01
3.31381E-08, 3.3557E-04, -1.741599E-02, 1.5189198E-01
3.31443E-08, -2.82600E-03, -1.731060E-02, 1.5180767E-01
3.31506E-08, -5.46064E-03, -1.699445E-02, 1.5163904E-01
3.31568E-08, -1.020299E-02, -1.667829E-02, 1.5151259E-01
3.31631E-08, -1.283763E-02, -1.594059E-02, 1.5130182E-01
3.31693E-08, -1.652613E-02, -1.551905E-02, 1.5104888E-01
3.31756E-08, -2.179541E-02, -1.478135E-02, 1.5075381E-01
3.31818E-08, -2.653776E-02, -1.383288E-02, 1.5050088E-01
3.31881E-08, -3.233396E-02, -1.277903E-02, 1.5029012E-01
3.31943E-08, -3.602246E-02, -1.183056E-02, 1.4999503E-01
3.32006E-08, -4.181866E-02, -1.077670E-02, 1.4974211E-01
3.32068E-08, -4.603409E-02, -9.61746E-03, 1.4948918E-01
3.32131E-08, -5.130336E-02, -8.35283E-03, 1.4923626E-01
3.32193E-08, -5.657265E-02, -7.19359E-03, 1.4910980E-01
3.32256E-08, -6.026114E-02, -5.71819E-03, 1.4885686E-01
3.32318E-08, -6.658427E-02, -4.66434E-03, 1.4881472E-01
3.32381E-08, -6.974584E-02, -3.50509E-03, 1.4873041E-01
3.32443E-08, -7.501512E-02, -2.45124E-03, 1.4873041E-01
3.32506E-08, -7.817668E-02, -1.29200E-03, 1.4881472E-01
3.32568E-08, -8.133826E-02, -3.4353E-04, 1.4902548E-01
3.32631E-08, -8.449982E-02, 2.8879E-04, 1.4906764E-01
3.32693E-08, -8.871525E-02, 1.02648E-03, 1.4932057E-01
3.32756E-08, -9.134988E-02, 1.44803E-03, 1.4957349E-01
3.32818E-08, -9.345759E-02, 1.65880E-03, 1.4991073E-01
3.32881E-08, -9.503838E-02, 1.76418E-03, 1.5024796E-01
3.32943E-08, -9.661917E-02, 1.76418E-03, 1.5066950E-01
3.33006E-08, -9.819995E-02, 1.44803E-03, 1.5113319E-01
3.33068E-08, -9.872688E-02, 1.13187E-03, 1.5151259E-01
3.33131E-08, -9.978073E-02, 4.9956E-04, 1.5197629E-01
3.33193E-08, -9.978073E-02, -4.4891E-04, 1.5248214E-01
3.33256E-08, -9.978073E-02, -1.29200E-03, 1.5277721E-01
3.33318E-08, -1.0083459E-01, -2.24047E-03, 1.5332521E-01
3.33381E-08, -9.978073E-02, -3.61048E-03, 1.5370461E-01
3.33443E-08, -9.978073E-02, -4.98049E-03, 1.5408400E-01
3.33506E-08, -9.925380E-02, -6.24512E-03, 1.5446338E-01
3.33568E-08, -9.872688E-02, -7.72052E-03, 1.5475847E-01
3.33631E-08, -9.767302E-02, -9.19592E-03, 1.5496923E-01
3.33693E-08, -9.767302E-02, -1.056593E-02, 1.5522216E-01
3.33756E-08, -9.609224E-02, -1.214671E-02, 1.5534861E-01
3.33818E-08, -9.609224E-02, -1.341134E-02, 1.5539077E-01
3.33881E-08, -9.398452E-02, -1.457058E-02, 1.5543292E-01
3.33943E-08, -9.293067E-02, -1.572982E-02, 1.5551724E-01
3.34006E-08, -9.240374E-02, -1.678368E-02, 1.5539077E-01
3.34068E-08, -9.029603E-02, -1.752138E-02, 1.5530647E-01
3.34131E-08, -8.924218E-02, -1.804830E-02, 1.5518001E-01
3.34193E-08, -8.818832E-02, -1.857523E-02, 1.5496923E-01
3.34256E-08, -8.608060E-02, -1.878600E-02, 1.5471631E-01
3.34318E-08, -8.449982E-02, -1.878600E-02, 1.5446338E-01
3.34381E-08, -8.397289E-02, -1.889139E-02, 1.5421046E-01
3.34443E-08, -8.239211E-02, -1.836446E-02, 1.5383106E-01
3.34506E-08, -8.081133E-02, -1.773215E-02, 1.5353599E-01
3.34568E-08, -7.975747E-02, -1.699445E-02, 1.5315661E-01
3.34631E-08, -7.870361E-02, -1.594059E-02, 1.5286152E-01
3.34693E-08, -7.659590E-02, -1.499212E-02, 1.5252429E-01
3.34756E-08, -7.659590E-02, -1.372750E-02, 1.5218705E-01
3.34818E-08, -7.554205E-02, -1.235748E-02, 1.5193413E-01
3.34881E-08, -7.396127E-02, -1.077670E-02, 1.5163904E-01
3.34943E-08, -7.343434E-02, -9.40669E-03, 1.5134397E-01
3.35006E-08, -7.290741E-02, -7.61513E-03, 1.5113319E-01
3.35068E-08, -7.238048E-02, -5.92896E-03, 1.5092243E-01
3.35131E-08, -7.185356E-02, -4.24279E-03, 1.5079597E-01
3.35193E-08, -7.132663E-02, -2.76740E-03, 1.5054303E-01
3.35256E-08, -7.238048E-02, -1.29200E-03, 1.5041658E-01
3.35318E-08, -7.290741E-02, 7.801E-05, 1.5033227E-01
3.35381E-08, -7.396127E-02, 1.44803E-03, 1.5024796E-01
3.35443E-08, -7.448819E-02, 2.60727E-03, 1.5016365E-01
3.35506E-08, -7.554205E-02, 3.87190E-03, 1.5020581E-01
3.35568E-08, -7.712283E-02, 4.71498E-03, 1.5020581E-01
3.35631E-08, -7.870361E-02, 5.34729E-03, 1.5024796E-01
3.35693E-08, -8.133826E-02, 5.87422E-03, 1.5029012E-01
3.35756E-08, -8.291904E-02, 6.19038E-03, 1.5037443E-01
3.35818E-08, -8.449982E-02, 6.40115E-03, 1.5054303E-01
3.35881E-08, -8.608060E-02, 6.40115E-03, 1.5066950E-01
3.35943E-08, -8.766139E-02, 6.08499E-03, 1.5083812E-01
3.36006E-08, -9.082296E-02, 5.66345E-03, 1.5096459E-01
3.36068E-08, -9.240374E-02, 5.13652E-03, 1.5117535E-01
3.36131E-08, -9.293067E-02, 4.50421E-03, 1.5125966E-01
3.36193E-08, -9.503838E-02, 3.76651E-03, 1.5151259E-01
3.36256E-08, -9.609224E-02, 2.71265E-03, 1.5172336E-01
3.36318E-08, -9.714609E-02, 1.76418E-03, 1.5193413E-01
3.36381E-08, -9.767302E-02, 6.0494E-04, 1.5218705E-01
3.36443E-08, -9.661917E-02, -5.5430E-04, 1.5235567E-01
3.36506E-08, -9.661917E-02, -1.60815E-03, 1.5252429E-01
3.36568E-08, -9.714609E-02, -3.08355E-03, 1.5269290E-01
3.36631E-08, -9.451145E-02, -4.24279E-03, 1.5294583E-01
3.36693E-08, -9.293067E-02, -5.61281E-03, 1.5311445E-01
3.36756E-08, -9.134988E-02, -6.66666E-03, 1.5332521E-01
3.36818E-08, -8.924218E-02, -7.93129E-03, 1.5345168E-01
3.36881E-08, -8.660753E-02, -8.98515E-03, 1.5362030E-01
3.36943E-08, -8.239211E-02, -9.93362E-03, 1.5387322E-01
3.37006E-08, -7.817668E-02, -1.098747E-02, 1.5395753E-01
3.37068E-08, -7.606898E-02, -1.183056E-02, 1.5421046E-01
3.37131E-08, -7.185356E-02, -1.256825E-02, 1.5433691E-01
3.37193E-08, -6.763813E-02, -1.351672E-02, 1.5450554E-01
3.37256E-08, -6.289578E-02, -1.383288E-02, 1.5458985E-01
3.37318E-08, -5.815343E-02, -1.435981E-02, 1.5480062E-01
3.37381E-08, -5.499186E-02, -1.478135E-02, 1.5484276E-01
3.37443E-08, -5.024951E-02, -1.530828E-02, 1.5496923E-01
3.37506E-08, -4.761487E-02, -1.572982E-02, 1.5509570E-01
3.37568E-08, -4.392638E-02, -1.594059E-02, 1.5518001E-01
3.37631E-08, -4.181866E-02, -1.625675E-02, 1.5530647E-01
3.37693E-08, -3.971095E-02, -1.636213E-02, 1.5530647E-01
3.37756E-08, -3.865710E-02, -1.667829E-02, 1.5534861E-01
3.37818E-08, -3.760324E-02, -1.667829E-02, 1.5543292E-01
3.37881E-08, -3.602246E-02, -1.678368E-02, 1.5551724E-01
3.37943E-08, -3.707631E-02, -1.699445E-02, 1.5551724E-01
3.38006E-08, -3.760324E-02, -1.709983E-02, 1.5568586E-01
3.38068E-08, -3.813017E-02, -1.741599E-02, 1.5560155E-01
3.38131E-08, -4.076481E-02, -1.741599E-02, 1.5555939E-01
3.38193E-08, -4.287252E-02, -1.752138E-02, 1.5564370E-01
3.38256E-08, -4.550716E-02, -1.783753E-02, 1.5568586E-01
3.38318E-08, -4.866873E-02, -1.804830E-02, 1.5564370E-01
3.38381E-08, -5.341108E-02, -1.836446E-02, 1.5568586E-01
3.38443E-08, -5.604572E-02, -1.857523E-02, 1.5564370E-01
3.38506E-08, -6.026114E-02, -1.868062E-02, 1.5564370E-01
3.38568E-08, -6.447656E-02, -1.899678E-02, 1.5564370E-01
3.38631E-08, -6.816506E-02, -1.920754E-02, 1.5564370E-01
3.38693E-08, -7.079970E-02, -1.952370E-02, 1.5560155E-01
3.38756E-08, -7.448819E-02, -1.973447E-02, 1.5555939E-01
3.38818E-08, -7.764976E-02, -1.973447E-02, 1.5564370E-01
3.38881E-08, -7.923055E-02, -1.983986E-02, 1.5555939E-01
3.38943E-08, -8.133826E-02, -1.994525E-02, 1.5555939E-01
3.39006E-08, -8.239211E-02, -1.983986E-02, 1.5551724E-01
3.39068E-08, -8.344597E-02, -1.973447E-02, 1.5555939E-01
3.39131E-08, -8.186518E-02, -1.962909E-02, 1.5547508E-01
3.39193E-08, -8.133826E-02, -1.962909E-02, 1.5555939E-01
3.39256E-08, -7.975747E-02, -1.920754E-02, 1.5547508E-01
3.39318E-08, -7.764976E-02, -1.878600E-02, 1.5551724E-01
3.39381E-08, -7.448819E-02, -1.836446E-02, 1.5551724E-01
3.39443E-08, -6.974584E-02, -1.794292E-02, 1.5543292E-01
3.39506E-08, -6.553042E-02, -1.741599E-02, 1.5534861E-01
3.39568E-08, -6.078807E-02, -1.667829E-02, 1.5534861E-01
3.39631E-08, -5.551879E-02, -1.604598E-02, 1.5513785E-01
3.39693E-08, -4.972258E-02, -1.551905E-02, 1.5513785E-01
3.39756E-08, -4.339945E-02, -1.446519E-02, 1.5509570E-01
3.39818E-08, -3.760324E-02, -1.404365E-02, 1.5496923E-01
3.39881E-08, -3.128011E-02, -1.309518E-02, 1.5484276E-01
3.39943E-08, -2.548390E-02, -1.256825E-02, 1.5471631E-01
3.40006E-08, -2.021462E-02, -1.172517E-02, 1.5454769E-01
3.40068E-08, -1.494534E-02, -1.109286E-02, 1.5442123E-01
3.40131E-08, -1.020299E-02, -1.024977E-02, 1.5429476E-01
3.40193E-08, -5.46064E-03, -9.82823E-03, 1.5412615E-01
3.40256E-08, -2.82600E-03, -9.30130E-03, 1.5395753E-01
3.40318E-08, 8.6249E-04, -9.09053E-03, 1.5378891E-01
3.40381E-08, 3.49713E-03, -8.56360E-03, 1.5362030E-01
3.40443E-08, 4.55099E-03, -8.24745E-03, 1.5340953E-01
3.40506E-08, 5.60485E-03, -8.03667E-03, 1.5315661E-01
3.40568E-08, 5.07792E-03, -7.93129E-03, 1.5298799E-01
3.40631E-08, 5.07792E-03, -7.93129E-03, 1.5290368E-01
3.40693E-08, 3.49713E-03, -7.82590E-03, 1.5273505E-01
3.40756E-08, 1.38942E-03, -7.93129E-03, 1.5252429E-01
3.40818E-08, -1.77215E-03, -8.14206E-03, 1.5243998E-01
3.40881E-08, -4.40678E-03, -8.45822E-03, 1.5239783E-01
3.40943E-08, -8.09528E-03, -8.77437E-03, 1.5227136E-01
3.41006E-08, -1.231070E-02, -9.30130E-03, 1.5218705E-01
3.41068E-08, -1.652613E-02, -9.61746E-03, 1.5218705E-01
3.41131E-08, -2.021462E-02, -1.014439E-02, 1.5227136E-01
3.41193E-08, -2.495697E-02, -1.046054E-02, 1.5227136E-01
3.41256E-08, -2.969932E-02, -1.088209E-02, 1.5235567E-01
3.41318E-08, -3.338782E-02, -1.151440E-02, 1.5252429E-01
3.41381E-08, -3.813017E-02, -1.193594E-02, 1.5260860E-01
3.41443E-08, -4.129174E-02, -1.246287E-02, 1.5277721E-01
3.41506E-08, -4.445330E-02, -1.277903E-02, 1.5311445E-01
3.41568E-08, -4.708794E-02, -1.320057E-02, 1.5328306E-01
3.41631E-08, -5.077644E-02, -1.351672E-02, 1.5366246E-01
3.41693E-08, -5.183030E-02, -1.393827E-02, 1.5399969E-01
3.41756E-08, -5.341108E-02, -1.425442E-02, 1.5437907E-01
3.41818E-08, -5.446493E-02, -1.457058E-02, 1.5475847E-01
3.41881E-08, -5.341108E-02, -1.467597E-02, 1.5522216E-01
3.41943E-08, -5.393801E-02, -1.488674E-02, 1.5560155E-01
3.42006E-08, -5.393801E-02, -1.488674E-02, 1.5602309E-01
3.42068E-08, -5.288415E-02, -1.488674E-02, 1.5652893E-01
3.42131E-08, -5.024951E-02, -1.467597E-02, 1.5695049E-01
3.42193E-08, -5.024951E-02, -1.499212E-02, 1.5749849E-01
3.42256E-08, -4.814180E-02, -1.478135E-02, 1.5783572E-01
3.42318E-08, -4.603409E-02, -1.488674E-02, 1.5834157E-01
3.42381E-08, -4.392638E-02, -1.457058E-02, 1.5872096E-01
3.42443E-08, -4.234559E-02, -1.467597E-02, 1.5910035E-01
3.42506E-08, -4.129174E-02, -1.425442E-02, 1.5952189E-01
3.42568E-08, -3.918403E-02, -1.425442E-02, 1.5977481E-01
3.42631E-08, -3.813017E-02, -1.404365E-02, 1.5998559E-01
3.42693E-08, -3.707631E-02, -1.393827E-02, 1.6023850E-01
3.42756E-08, -3.654939E-02, -1.362211E-02, 1.6036497E-01
3.42818E-08, -3.654939E-02, -1.351672E-02, 1.6057575E-01
3.42881E-08, -3.707631E-02, -1.341134E-02, 1.6057575E-01
3.42943E-08, -3.760324E-02, -1.330595E-02, 1.6061790E-01
3.43006E-08, -3.813017E-02, -1.330595E-02, 1.6066006E-01
3.43068E-08, -4.076481E-02, -1.330595E-02, 1.6044928E-01
3.43131E-08, -4.234559E-02, -1.320057E-02, 1.6036497E-01
3.43193E-08, -4.550716E-02, -1.330595E-02, 1.6015421E-01
3.43256E-08, -4.761487E-02, -1.298980E-02, 1.5998559E-01
3.43318E-08, -5.130336E-02, -1.320057E-02, 1.5964836E-01
3.43381E-08, -5.551879E-02, -1.351672E-02, 1.5939543E-01
3.43443E-08, -5.815343E-02, -1.341134E-02, 1.5905820E-01
3.43506E-08, -6.131500E-02, -1.341134E-02, 1.5867880E-01
3.43568E-08, -6.447656E-02, -1.351672E-02, 1.5834157E-01
3.43631E-08, -6.763813E-02, -1.362211E-02, 1.5792003E-01
3.43693E-08, -7.185356E-02, -1.383288E-02, 1.5758279E-01
3.43756E-08, -7.396127E-02, -1.393827E-02, 1.5716125E-01
3.43818E-08, -7.712283E-02, -1.404365E-02, 1.5690833E-01
3.43881E-08, -7.923055E-02, -1.414904E-02, 1.5652893E-01
3.43943E-08, -8.186518E-02, -1.414904E-02, 1.5623386E-01
3.44006E-08, -8.291904E-02, -1.414904E-02, 1.5598093E-01
3.44068E-08, -8.397289E-02, -1.446519E-02, 1.5577017E-01
3.44131E-08, -8.608060E-02, -1.414904E-02, 1.5555939E-01
3.44193E-08, -8.555368E-02, -1.425442E-02, 1.5534861E-01
3.44256E-08, -8.449982E-02, -1.435981E-02, 1.5522216E-01
3.44318E-08, -8.555368E-02, -1.425442E-02, 1.5513785E-01
3.44381E-08, -8.397289E-02, -1.404365E-02, 1.5513785E-01
3.44443E-08, -8.186518E-02, -1.393827E-02, 1.5522216E-01
3.44506E-08, -7.923055E-02, -1.362211E-02, 1.5522216E-01
3.44568E-08, -7.817668E-02, -1.372750E-02, 1.5526432E-01
3.44631E-08, -7.396127E-02, -1.341134E-02, 1.5539077E-01
3.44693E-08, -7.185356E-02, -1.320057E-02, 1.5560155E-01
3.44756E-08, -6.869198E-02, -1.309518E-02, 1.5572801E-01
3.44818E-08, -6.500349E-02, -1.288441E-02, 1.5598093E-01
3.44881E-08, -6.078807E-02, -1.256825E-02, 1.5623386E-01
3.44943E-08, -5.762650E-02, -1.225210E-02, 1.5640248E-01
3.45006E-08, -5.341108E-02, -1.193594E-02, 1.5665540E-01
3.45068E-08, -4.866873E-02, -1.172517E-02, 1.5686618E-01
3.45131E-08, -4.550716E-02, -1.140901E-02, 1.5716125E-01
3.45193E-08, -4.181866E-02, -1.119824E-02, 1.5741418E-01
3.45256E-08, -3.707631E-02, -1.098747E-02, 1.5758279E-01
3.45318E-08, -3.391474E-02, -1.077670E-02, 1.5770926E-01
3.45381E-08, -3.128011E-02, -1.056593E-02, 1.5792003E-01
3.45443E-08, -2.653776E-02, -1.035516E-02, 1.5796219E-01
3.45506E-08, -2.443004E-02, -1.014439E-02, 1.5804650E-01
3.45568E-08, -2.232233E-02, -1.014439E-02, 1.5821511E-01
3.45631E-08, -1.916077E-02, -1.003900E-02, 1.5821511E-01
3.45693E-08, -1.705305E-02, -9.72284E-03, 1.5821511E-01
3.45756E-08, -1.494534E-02, -1.003900E-02, 1.5825726E-01
3.45818E-08, -1.336456E-02, -9.93362E-03, 1.5821511E-01
3.45881E-08, -1.125685E-02, -9.93362E-03, 1.5813079E-01
3.45943E-08, -1.020299E-02, -1.014439E-02, 1.5808864E-01
3.46006E-08, -9.14914E-03, -1.024977E-02, 1.5808864E-01
3.46068E-08, -9.14914E-03, -1.014439E-02, 1.5804650E-01
3.46131E-08, -7.56835E-03, -1.035516E-02, 1.5792003E-01
3.46193E-08, -7.56835E-03, -1.035516E-02, 1.5787788E-01
3.46256E-08, -8.62221E-03, -1.067131E-02, 1.5779357E-01
3.46318E-08, -8.62221E-03, -1.098747E-02, 1.5779357E-01
3.46381E-08, -8.09528E-03, -1.109286E-02, 1.5775141E-01
3.46443E-08, -9.67606E-03, -1.119824E-02, 1.5770926E-01
3.46506E-08, -1.020299E-02, -1.161978E-02, 1.5779357E-01
3.46568E-08, -1.178377E-02, -1.193594E-02, 1.5783572E-01
3.46631E-08, -1.283763E-02, -1.214671E-02, 1.5800434E-01
3.46693E-08, -1.389149E-02, -1.214671E-02, 1.5813079E-01
3.46756E-08, -1.599920E-02, -1.277903E-02, 1.5834157E-01
3.46818E-08, -1.810691E-02, -1.277903E-02, 1.5863664E-01
3.46881E-08, -2.074155E-02, -1.298980E-02, 1.5888958E-01
3.46943E-08, -2.232233E-02, -1.341134E-02, 1.5918465E-01
3.47006E-08, -2.495697E-02, -1.341134E-02, 1.5952189E-01
3.47068E-08, -2.759161E-02, -1.372750E-02, 1.5981697E-01
3.47131E-08, -2.917239E-02, -1.383288E-02, 1.6032282E-01
3.47193E-08, -3.180704E-02, -1.414904E-02, 1.6070221E-01
3.47256E-08, -3.338782E-02, -1.425442E-02, 1.6108160E-01
3.47318E-08, -3.602246E-02, -1.446519E-02, 1.6150314E-01
3.47381E-08, -3.813017E-02, -1.488674E-02, 1.6184038E-01
3.47443E-08, -4.076481E-02, -1.499212E-02, 1.6226192E-01
3.47506E-08, -4.234559E-02, -1.509751E-02, 1.6264130E-01
3.47568E-08, -4.339945E-02, -1.551905E-02, 1.6297853E-01
3.47631E-08, -4.392638E-02, -1.551905E-02, 1.6335793E-01
3.47693E-08, -4.656101E-02, -1.594059E-02, 1.6361085E-01
3.47756E-08, -4.708794E-02, -1.615136E-02, 1.6390593E-01
3.47818E-08, -4.708794E-02, -1.646752E-02, 1.6407454E-01
3.47881E-08, -4.761487E-02, -1.678368E-02, 1.6424316E-01
3.47943E-08, -4.656101E-02, -1.709983E-02, 1.6432747E-01
3.48006E-08, -4.656101E-02, -1.731060E-02, 1.6436963E-01
3.48068E-08, -4.550716E-02, -1.773215E-02, 1.6432747E-01
3.48131E-08, -4.445330E-02, -1.794292E-02, 1.6424316E-01
3.48193E-08, -4.287252E-02, -1.825907E-02, 1.6411670E-01
3.48256E-08, -4.023788E-02, -1.836446E-02, 1.6386378E-01
3.48318E-08, -3.865710E-02, -1.899678E-02, 1.6361085E-01
3.48381E-08, -3.707631E-02, -1.931293E-02, 1.6331577E-01
3.48443E-08, -3.338782E-02, -1.962909E-02, 1.6297853E-01
3.48506E-08, -3.075318E-02, -1.994525E-02, 1.6259915E-01
3.48568E-08, -2.864547E-02, -2.026140E-02, 1.6213545E-01
3.48631E-08, -2.443004E-02, -2.047217E-02, 1.6175607E-01
3.48693E-08, -2.232233E-02, -2.078833E-02, 1.6120806E-01
3.48756E-08, -1.916077E-02, -2.099910E-02, 1.6074437E-01
3.48818E-08, -1.705305E-02, -2.110448E-02, 1.6032282E-01
3.48881E-08, -1.547227E-02, -2.120987E-02, 1.5981697E-01
3.48943E-08, -1.336456E-02, -2.142064E-02, 1.5935327E-01
3.49006E-08, -1.125685E-02, -2.142064E-02, 1.5893173E-01
3.49068E-08, -1.125685E-02, -2.120987E-02, 1.5851019E-01
3.49131E-08, -9.67606E-03, -2.120987E-02, 1.5813079E-01
3.49193E-08, -9.14914E-03, -2.110448E-02, 1.5779357E-01
3.49256E-08, -9.67606E-03, -2.089372E-02, 1.5749849E-01
3.49318E-08, -9.67606E-03, -2.057756E-02, 1.5724556E-01
3.49381E-08, -1.125685E-02, -2.047217E-02, 1.5716125E-01
3.49443E-08, -1.336456E-02, -1.983986E-02, 1.5690833E-01
3.49506E-08, -1.494534E-02, -1.952370E-02, 1.5686618E-01
3.49568E-08, -1.757998E-02, -1.910216E-02, 1.5686618E-01
3.49631E-08, -2.126848E-02, -1.857523E-02, 1.5686618E-01
3.49693E-08, -2.548390E-02, -1.825907E-02, 1.5703478E-01
3.49756E-08, -2.969932E-02, -1.794292E-02, 1.5716125E-01
3.49818E-08, -3.496860E-02, -1.731060E-02, 1.5737203E-01
3.49881E-08, -3.865710E-02, -1.709983E-02, 1.5762495E-01
3.49943E-08, -4.498023E-02, -1.657291E-02, 1.5787788E-01
3.50006E-08, -4.919565E-02, -1.615136E-02, 1.5829942E-01
3.50068E-08, -5.446493E-02, -1.594059E-02, 1.5867880E-01
3.50131E-08, -6.026114E-02, -1.562444E-02, 1.5905820E-01
3.50193E-08, -6.500349E-02, -1.530828E-02, 1.5947974E-01
3.50256E-08, -7.079970E-02, -1.499212E-02, 1.5998559E-01
3.50318E-08, -7.606898E-02, -1.509751E-02, 1.6049144E-01
3.50381E-08, -7.975747E-02, -1.509751E-02, 1.6095513E-01
3.50443E-08, -8.502675E-02, -1.478135E-02, 1.6154529E-01
3.50506E-08, -8.766139E-02, -1.509751E-02, 1.6200899E-01
3.50568E-08, -9.187681E-02, -1.530828E-02, 1.6247268E-01
3.50631E-08, -9.503838E-02, -1.551905E-02, 1.6293639E-01
3.50693E-08, -9.714609E-02, -1.594059E-02, 1.6348439E-01
3.50756E-08, -9.925380E-02, -1.625675E-02, 1.6399024E-01
3.50818E-08, -9.925380E-02, -1.688906E-02, 1.6436963E-01
3.50881E-08, -9.925380E-02, -1.709983E-02, 1.6474901E-01
3.50943E-08, -1.0030766E-01, -1.773215E-02, 1.6517055E-01
3.51006E-08, -9.978073E-02, -1.836446E-02, 1.6554995E-01
3.51068E-08, -9.872688E-02, -1.878600E-02, 1.6584502E-01
3.51131E-08, -9.661917E-02, -1.931293E-02, 1.6618226E-01
3.51193E-08, -9.451145E-02, -1.983986E-02, 1.6643518E-01
3.51256E-08, -9.187681E-02, -2.036679E-02, 1.6664596E-01
3.51318E-08, -8.976910E-02, -2.078833E-02, 1.6677241E-01
3.51381E-08, -8.660753E-02, -2.120987E-02, 1.6702534E-01
3.51443E-08, -8.397289E-02, -2.184219E-02, 1.6710965E-01
3.51506E-08, -7.975747E-02, -2.205296E-02, 1.6715181E-01
3.51568E-08, -7.764976E-02, -2.247450E-02, 1.6719396E-01
3.51631E-08, -7.448819E-02, -2.247450E-02, 1.6719396E-01
3.51693E-08, -7.079970E-02, -2.268527E-02, 1.6719396E-01
3.51756E-08, -6.763813E-02, -2.289604E-02, 1.6715181E-01
3.51818E-08, -6.553042E-02, -2.279066E-02, 1.6706750E-01
3.51881E-08, -6.289578E-02, -2.257988E-02, 1.6698319E-01
3.51943E-08, -6.026114E-02, -2.236911E-02, 1.6673027E-01
3.52006E-08, -5.868036E-02, -2.205296E-02, 1.6668811E-01
3.52068E-08, -5.762650E-02, -2.173680E-02, 1.6647734E-01
3.52131E-08, -5.499186E-02, -2.131526E-02, 1.6618226E-01
3.52193E-08, -5.446493E-02, -2.078833E-02, 1.6597149E-01
3.52256E-08, -5.393801E-02, -2.036679E-02, 1.6567640E-01
3.52318E-08, -5.341108E-02, -1.983986E-02, 1.6546564E-01
3.52381E-08, -5.235722E-02, -1.920754E-02, 1.6512839E-01
3.52443E-08, -5.341108E-02, -1.868062E-02, 1.6487548E-01
3.52506E-08, -5.288415E-02, -1.773215E-02, 1.6453825E-01
3.52568E-08, -5.288415E-02, -1.720522E-02, 1.6424316E-01
3.52631E-08, -5.341108E-02, -1.636213E-02, 1.6394809E-01
3.52693E-08, -5.341108E-02, -1.562444E-02, 1.6361085E-01
3.52756E-08, -5.499186E-02, -1.509751E-02, 1.6331577E-01
3.52818E-08, -5.499186E-02, -1.425442E-02, 1.6297853E-01
3.52881E-08, -5.446493E-02, -1.351672E-02, 1.6280992E-01
3.52943E-08, -5.551879E-02, -1.277903E-02, 1.6243052E-01
3.53006E-08, -5.551879E-02, -1.204133E-02, 1.6217761E-01
3.53068E-08, -5.446493E-02, -1.151440E-02, 1.6192468E-01
3.53131E-08, -5.446493E-02, -1.088209E-02, 1.6175607E-01
3.53193E-08, -5.446493E-02, -1.014439E-02, 1.6150314E-01
3.53256E-08, -5.393801E-02, -9.61746E-03, 1.6141883E-01
3.53318E-08, -5.288415E-02, -9.09053E-03, 1.6125022E-01
3.53381E-08, -5.235722E-02, -8.56360E-03, 1.6112375E-01
3.53443E-08, -5.024951E-02, -8.03667E-03, 1.6108160E-01
3.53506E-08, -4.866873E-02, -7.50975E-03, 1.6095513E-01
3.53568E-08, -4.761487E-02, -7.08820E-03, 1.6099729E-01
3.53631E-08, -4.445330E-02, -6.66666E-03, 1.6099729E-01
3.53693E-08, -4.339945E-02, -6.24512E-03, 1.6099729E-01
3.53756E-08, -4.023788E-02, -5.82358E-03, 1.6103944E-01
3.53818E-08, -3.918403E-02, -5.40204E-03, 1.6120806E-01
3.53881E-08, -3.654939E-02, -5.08588E-03, 1.6129237E-01
3.53943E-08, -3.496860E-02, -4.87511E-03, 1.6146098E-01
3.54006E-08, -3.338782E-02, -4.66434E-03, 1.6171391E-01
3.54068E-08, -3.075318E-02, -4.55895E-03, 1.6179822E-01
3.54131E-08, -2.917239E-02, -4.45356E-03, 1.6205114E-01
3.54193E-08, -2.811854E-02, -4.34818E-03, 1.6217761E-01
3.54256E-08, -2.653776E-02, -4.34818E-03, 1.6238838E-01
3.54318E-08, -2.601083E-02, -4.45356E-03, 1.6268346E-01
3.54381E-08, -2.495697E-02, -4.45356E-03, 1.6289423E-01
3.54443E-08, -2.495697E-02, -4.55895E-03, 1.6306284E-01
3.54506E-08, -2.443004E-02, -4.66434E-03, 1.6318931E-01
3.54568E-08, -2.443004E-02, -4.98049E-03, 1.6340008E-01
3.54631E-08, -2.443004E-02, -5.19126E-03, 1.6356869E-01
3.54693E-08, -2.653776E-02, -5.71819E-03, 1.6369516E-01
3.54756E-08, -2.811854E-02, -6.24512E-03, 1.6386378E-01
3.54818E-08, -3.022625E-02, -6.77205E-03, 1.6390593E-01
3.54881E-08, -3.180704E-02, -7.19359E-03, 1.6394809E-01
3.54943E-08, -3.391474E-02, -7.93129E-03, 1.6407454E-01
3.55006E-08, -3.654939E-02, -8.56360E-03, 1.6407454E-01
3.55068E-08, -3.918403E-02, -9.19592E-03, 1.6411670E-01
3.55131E-08, -4.287252E-02, -9.93362E-03, 1.6403240E-01
3.55193E-08, -4.603409E-02, -1.077670E-02, 1.6399024E-01
3.55256E-08, -5.024951E-02, -1.172517E-02, 1.6390593E-01
3.55318E-08, -5.235722E-02, -1.246287E-02, 1.6382162E-01
3.55381E-08, -5.709957E-02, -1.330595E-02, 1.6373731E-01
3.55443E-08, -6.131500E-02, -1.383288E-02, 1.6361085E-01
3.55506E-08, -6.447656E-02, -1.446519E-02, 1.6348439E-01
3.55568E-08, -6.816506E-02, -1.509751E-02, 1.6344224E-01
3.55631E-08, -7.185356E-02, -1.572982E-02, 1.6327362E-01
3.55693E-08, -7.712283E-02, -1.604598E-02, 1.6314715E-01
3.55756E-08, -8.028440E-02, -1.657291E-02, 1.6310500E-01
3.55818E-08, -8.291904E-02, -1.688906E-02, 1.6297853E-01
3.55881E-08, -8.608060E-02, -1.709983E-02, 1.6289423E-01
3.55943E-08, -8.818832E-02, -1.731060E-02, 1.6289423E-01
3.56006E-08, -9.187681E-02, -1.688906E-02, 1.6268346E-01
3.56068E-08, -9.345759E-02, -1.678368E-02, 1.6272561E-01
3.56131E-08, -9.556530E-02, -1.646752E-02, 1.6268346E-01
3.56193E-08, -9.714609E-02, -1.615136E-02, 1.6272561E-01
3.56256E-08, -9.767302E-02, -1.551905E-02, 1.6268346E-01
3.56318E-08, -9.767302E-02, -1.499212E-02, 1.6276777E-01
3.56381E-08, -9.925380E-02, -1.435981E-02, 1.6276777E-01
3.56443E-08, -9.872688E-02, -1.320057E-02, 1.6289423E-01
3.56506E-08, -9.714609E-02, -1.246287E-02, 1.6293639E-01
3.56568E-08, -9.714609E-02, -1.151440E-02, 1.6293639E-01
3.56631E-08, -9.398452E-02, -1.056593E-02, 1.6302069E-01
3.56693E-08, -9.187681E-02, -9.72284E-03, 1.6302069E-01
3.56756E-08, -8.871525E-02, -8.56360E-03, 1.6314715E-01
3.56818E-08, -8.660753E-02, -7.72052E-03, 1.6314715E-01
3.56881E-08, -8.133826E-02, -6.45589E-03, 1.6327362E-01
3.56943E-08, -7.870361E-02, -5.71819E-03, 1.6335793E-01
3.57006E-08, -7.343434E-02, -4.66434E-03, 1.6340008E-01
3.57068E-08, -6.974584E-02, -4.13741E-03, 1.6331577E-01
3.57131E-08, -6.447656E-02, -3.29432E-03, 1.6335793E-01
3.57193E-08, -5.868036E-02, -2.97817E-03, 1.6331577E-01
3.57256E-08, -5.341108E-02, -2.55662E-03, 1.6327362E-01
3.57318E-08, -4.919565E-02, -2.24047E-03, 1.6318931E-01
3.57381E-08, -4.287252E-02, -2.02970E-03, 1.6310500E-01
3.57443E-08, -3.760324E-02, -2.02970E-03, 1.6302069E-01
3.57506E-08, -3.075318E-02, -2.02970E-03, 1.6297853E-01
3.57568E-08, -2.811854E-02, -2.24047E-03, 1.6280992E-01
3.57631E-08, -2.337619E-02, -2.66201E-03, 1.6272561E-01
3.57693E-08, -1.863384E-02, -3.08355E-03, 1.6259915E-01
3.57756E-08, -1.441841E-02, -3.71587E-03, 1.6247268E-01
3.57818E-08, -1.072992E-02, -4.13741E-03, 1.6230407E-01
3.57881E-08, -8.09528E-03, -4.87511E-03, 1.6226192E-01
3.57943E-08, -5.46064E-03, -5.61281E-03, 1.6221976E-01
3.58006E-08, -3.35293E-03, -6.24512E-03, 1.6213545E-01
3.58068E-08, -2.82600E-03, -7.08820E-03, 1.6209330E-01
3.58131E-08, -2.29907E-03, -7.93129E-03, 1.6200899E-01
3.58193E-08, -2.82600E-03, -8.45822E-03, 1.6200899E-01
3.58256E-08, -3.87986E-03, -9.19592E-03, 1.6205114E-01
3.58318E-08, -5.46064E-03, -9.61746E-03, 1.6209330E-01
3.58381E-08, -7.56835E-03, -9.93362E-03, 1.6221976E-01
3.58443E-08, -1.178377E-02, -1.046054E-02, 1.6230407E-01
3.58506E-08, -1.494534E-02, -1.067131E-02, 1.6243052E-01
3.58568E-08, -1.810691E-02, -1.046054E-02, 1.6264130E-01
3.58631E-08, -2.337619E-02, -1.046054E-02, 1.6280992E-01
3.58693E-08, -2.864547E-02, -1.014439E-02, 1.6297853E-01
3.58756E-08, -3.338782E-02, -9.72284E-03, 1.6323146E-01
3.58818E-08, -3.865710E-02, -9.30130E-03, 1.6348439E-01
3.58881E-08, -4.392638E-02, -8.56360E-03, 1.6369516E-01
3.58943E-08, -5.077644E-02, -7.72052E-03, 1.6399024E-01
3.59006E-08, -5.657265E-02, -6.66666E-03, 1.6420101E-01
3.59068E-08, -6.131500E-02, -5.92896E-03, 1.6449609E-01
3.59131E-08, -6.711120E-02, -4.55895E-03, 1.6462255E-01
3.59193E-08, -7.132663E-02, -3.50509E-03, 1.6487548E-01
3.59256E-08, -7.554205E-02, -2.24047E-03, 1.6500194E-01
3.59318E-08, -8.028440E-02, -9.7584E-04, 1.6517055E-01
3.59381E-08, -8.449982E-02, 7.801E-05, 1.6529702E-01
3.59443E-08, -8.555368E-02, 1.34264E-03, 1.6538133E-01
3.59506E-08, -8.818832E-02, 2.29111E-03, 1.6538133E-01
3.59568E-08, -8.924218E-02, 3.66112E-03, 1.6538133E-01
3.59631E-08, -8.924218E-02, 4.39882E-03, 1.6538133E-01
3.59693E-08, -8.976910E-02, 5.03114E-03, 1.6521271E-01
3.59756E-08, -8.924218E-02, 5.66345E-03, 1.6508625E-01
3.59818E-08, -8.713446E-02, 6.19038E-03, 1.6500194E-01
3.59881E-08, -8.502675E-02, 6.61192E-03, 1.6474901E-01
3.59943E-08, -8.344597E-02, 6.71731E-03, 1.6462255E-01
3.60006E-08, -7.870361E-02, 6.50653E-03, 1.6428532E-01
3.60068E-08, -7.554205E-02, 6.29576E-03, 1.6399024E-01
3.60131E-08, -7.132663E-02, 5.66345E-03, 1.6373731E-01
3.60193E-08, -6.658427E-02, 4.71498E-03, 1.6344224E-01
3.60256E-08, -6.236885E-02, 3.97728E-03, 1.6323146E-01
3.60318E-08, -5.709957E-02, 2.71265E-03, 1.6289423E-01
3.60381E-08, -5.183030E-02, 1.13187E-03, 1.6268346E-01
3.60443E-08, -4.656101E-02, -2.737E-05, 1.6243052E-01
3.60506E-08, -4.339945E-02, -1.81893E-03, 1.6226192E-01
3.60568E-08, -3.707631E-02, -3.61048E-03, 1.6205114E-01
3.60631E-08, -3.391474E-02, -5.50742E-03, 1.6188252E-01
3.60693E-08, -2.969932E-02, -7.50975E-03, 1.6179822E-01
3.60756E-08, -2.653776E-02, -9.51207E-03, 1.6175607E-01
3.60818E-08, -2.284926E-02, -1.140901E-02, 1.6179822E-01
3.60881E-08, -2.074155E-02, -1.351672E-02, 1.6179822E-01
3.60943E-08, -1.916077E-02, -1.551905E-02, 1.6188252E-01
3.61006E-08, -1.705305E-02, -1.741599E-02, 1.6205114E-01
3.61068E-08, -1.599920E-02, -1.931293E-02, 1.6230407E-01
3.61131E-08, -1.652613E-02, -2.099910E-02, 1.6255699E-01
3.61193E-08, -1.547227E-02, -2.289604E-02, 1.6280992E-01
3.61256E-08, -1.652613E-02, -2.426605E-02, 1.6314715E-01
3.61318E-08, -1.810691E-02, -2.563607E-02, 1.6352654E-01
3.61381E-08, -2.021462E-02, -2.668992E-02, 1.6390593E-01
3.61443E-08, -2.232233E-02, -2.774378E-02, 1.6428532E-01
3.61506E-08, -2.443004E-02, -2.858686E-02, 1.6466470E-01
3.61568E-08, -2.706468E-02, -2.932456E-02, 1.6512839E-01
3.61631E-08, -3.022625E-02, -2.964072E-02, 1.6559210E-01
3.61693E-08, -3.391474E-02, -2.985149E-02, 1.6605580E-01
3.61756E-08, -3.707631E-02, -2.985149E-02, 1.6647734E-01
3.61818E-08, -3.971095E-02, -2.964072E-02, 1.6685672E-01
3.61881E-08, -4.234559E-02, -2.911379E-02, 1.6719396E-01
3.61943E-08, -4.603409E-02, -2.869225E-02, 1.6761550E-01
3.62006E-08, -4.919565E-02, -2.805993E-02, 1.6791058E-01
3.62068E-08, -5.183030E-02, -2.700608E-02, 1.6816351E-01
3.62131E-08, -5.341108E-02, -2.584684E-02, 1.6850074E-01
3.62193E-08, -5.604572E-02, -2.500375E-02, 1.6854289E-01
3.62256E-08, -5.868036E-02, -2.363374E-02, 1.6871151E-01
3.62318E-08, -6.026114E-02, -2.226373E-02, 1.6892228E-01
3.62381E-08, -6.078807E-02, -2.078833E-02, 1.6883798E-01
3.62443E-08, -6.131500E-02, -1.941832E-02, 1.6892228E-01
3.62506E-08, -6.289578E-02, -1.773215E-02, 1.6883798E-01
3.62568E-08, -6.236885E-02, -1.625675E-02, 1.6883798E-01
3.62631E-08, -6.342271E-02, -1.467597E-02, 1.6866936E-01
3.62693E-08, -6.342271E-02, -1.309518E-02, 1.6858505E-01
3.62756E-08, -6.342271E-02, -1.172517E-02, 1.6837429E-01
3.62818E-08, -6.289578E-02, -1.024977E-02, 1.6824782E-01
3.62881E-08, -6.236885E-02, -8.56360E-03, 1.6795273E-01
3.62943E-08, -6.184192E-02, -7.19359E-03, 1.6774197E-01
3.63006E-08, -6.131500E-02, -5.82358E-03, 1.6748904E-01
3.63068E-08, -5.973421E-02, -4.66434E-03, 1.6732042E-01
3.63131E-08, -6.026114E-02, -3.39971E-03, 1.6702534E-01
3.63193E-08, -5.920728E-02, -2.45124E-03, 1.6681457E-01
3.63256E-08, -5.920728E-02, -1.39738E-03, 1.6660380E-01
3.63318E-08, -5.762650E-02, -5.5430E-04, 1.6639303E-01
3.63381E-08, -5.868036E-02, 7.801E-05, 1.6622441E-01
3.63443E-08, -5.815343E-02, 1.02648E-03, 1.6601364E-01
3.63506E-08, -5.762650E-02, 1.55341E-03, 1.6592933E-01
3.63568E-08, -5.868036E-02, 1.97495E-03, 1.6580287E-01
3.63631E-08, -5.868036E-02, 2.39650E-03, 1.6571856E-01
3.63693E-08, -5.973421E-02, 2.81804E-03, 1.6571856E-01
3.63756E-08, -6.026114E-02, 2.92343E-03, 1.6567640E-01
3.63818E-08, -6.131500E-02, 2.92343E-03, 1.6576071E-01
3.63881E-08, -6.236885E-02, 3.23958E-03, 1.6571856E-01
3.63943E-08, -6.394964E-02, 3.23958E-03, 1.6580287E-01
3.64006E-08, -6.447656E-02, 3.13420E-03, 1.6597149E-01
3.64068E-08, -6.658427E-02, 3.02881E-03, 1.6609795E-01
3.64131E-08, -6.658427E-02, 2.92343E-03, 1.6626656E-01
3.64193E-08, -6.921891E-02, 2.39650E-03, 1.6643518E-01
3.64256E-08, -7.027277E-02, 2.39650E-03, 1.6660380E-01
3.64318E-08, -7.079970E-02, 1.97495E-03, 1.6681457E-01
3.64381E-08, -7.343434E-02, 1.55341E-03, 1.6706750E-01
3.64443E-08, -7.448819E-02, 1.44803E-03, 1.6727827E-01
3.64506E-08, -7.448819E-02, 8.1571E-04, 1.6757335E-01
3.64568E-08, -7.554205E-02, 7.1033E-04, 1.6786842E-01
3.64631E-08, -7.554205E-02, 3.9417E-04, 1.6816351E-01
3.64693E-08, -7.554205E-02, -2.737E-05, 1.6837429E-01
3.64756E-08, -7.606898E-02, -3.4353E-04, 1.6871151E-01
3.64818E-08, -7.554205E-02, -5.5430E-04, 1.6900659E-01
3.64881E-08, -7.501512E-02, -7.6507E-04, 1.6921736E-01
3.64943E-08, -7.448819E-02, -1.08123E-03, 1.6951244E-01
3.65006E-08, -7.238048E-02, -1.29200E-03, 1.6976537E-01
3.65068E-08, -7.079970E-02, -1.50277E-03, 1.6993399E-01
3.65131E-08, -6.921891E-02, -1.60815E-03, 1.7014475E-01
3.65193E-08, -6.816506E-02, -1.60815E-03, 1.7027122E-01
3.65256E-08, -6.447656E-02, -1.50277E-03, 1.7048199E-01
3.65318E-08, -6.289578E-02, -1.60815E-03, 1.7060845E-01
3.65381E-08, -6.078807E-02, -1.50277E-03, 1.7069276E-01
3.65443E-08, -5.709957E-02, -1.29200E-03, 1.7077707E-01
3.65506E-08, -5.393801E-02, -1.29200E-03, 1.7077707E-01
3.65568E-08, -5.077644E-02, -1.18661E-03, 1.7081922E-01
3.65631E-08, -4.761487E-02, -8.7046E-04, 1.7077707E-01
3.65693E-08, -4.339945E-02, -6.5968E-04, 1.7073491E-01
3.65756E-08, -4.076481E-02, -7.6507E-04, 1.7069276E-01
3.65818E-08, -3.654939E-02, -5.5430E-04, 1.7048199E-01
3.65881E-08, -3.338782E-02, -3.4353E-04, 1.7031337E-01
3.65943E-08, -3.128011E-02, -2.737E-05, 1.7018691E-01
3.66006E-08, -2.864547E-02, 2.8879E-04, 1.6993399E-01
3.66068E-08, -2.548390E-02, 2.8879E-04, 1.6968106E-01
3.66131E-08, -2.337619E-02, 3.9417E-04, 1.6938598E-01
3.66193E-08, -2.074155E-02, 7.1033E-04, 1.6904874E-01
3.66256E-08, -1.916077E-02, 9.2110E-04, 1.6871151E-01
3.66318E-08, -1.757998E-02, 9.2110E-04, 1.6837429E-01
3.66381E-08, -1.705305E-02, 9.2110E-04, 1.6795273E-01
3.66443E-08, -1.810691E-02, 1.13187E-03, 1.6761550E-01
3.66506E-08, -1.757998E-02, 1.02648E-03, 1.6715181E-01
3.66568E-08, -1.916077E-02, 1.34264E-03, 1.6677241E-01
3.66631E-08, -1.968769E-02, 1.23726E-03, 1.6635087E-01
3.66693E-08, -2.179541E-02, 1.13187E-03, 1.6592933E-01
3.66756E-08, -2.390312E-02, 1.23726E-03, 1.6559210E-01
3.66818E-08, -2.601083E-02, 1.13187E-03, 1.6529702E-01
3.66881E-08, -2.864547E-02, 1.44803E-03, 1.6500194E-01
3.66943E-08, -3.338782E-02, 1.23726E-03, 1.6458039E-01
3.67006E-08, -3.602246E-02, 1.34264E-03, 1.6436963E-01
3.67068E-08, -4.076481E-02, 1.34264E-03, 1.6415885E-01
3.67131E-08, -4.445330E-02, 1.65880E-03, 1.6394809E-01
3.67193E-08, -4.866873E-02, 1.76418E-03, 1.6382162E-01
3.67256E-08, -5.235722E-02, 1.97495E-03, 1.6382162E-01
3.67318E-08, -5.762650E-02, 2.08034E-03, 1.6373731E-01
3.67381E-08, -6.131500E-02, 2.29111E-03, 1.6382162E-01
3.67443E-08, -6.447656E-02, 2.60727E-03, 1.6390593E-01
3.67506E-08, -6.763813E-02, 3.23958E-03, 1.6407454E-01
3.67568E-08, -7.079970E-02, 3.66112E-03, 1.6428532E-01
3.67631E-08, -7.290741E-02, 3.97728E-03, 1.6466470E-01
3.67693E-08, -7.501512E-02, 4.39882E-03, 1.6504410E-01
3.67756E-08, -7.659590E-02, 5.13652E-03, 1.6542348E-01
3.67818E-08, -7.712283E-02, 5.87422E-03, 1.6588718E-01
3.67881E-08, -7.659590E-02, 6.61192E-03, 1.6626656E-01
3.67943E-08, -7.606898E-02, 7.03346E-03, 1.6694103E-01
3.68006E-08, -7.501512E-02, 7.66578E-03, 1.6753119E-01
3.68068E-08, -7.238048E-02, 8.29809E-03, 1.6803704E-01
3.68131E-08, -7.027277E-02, 9.14117E-03, 1.6866936E-01
3.68193E-08, -6.658427E-02, 9.66810E-03, 1.6930167E-01
3.68256E-08, -6.289578E-02, 1.051119E-02, 1.6989183E-01
3.68318E-08, -5.815343E-02, 1.093273E-02, 1.7048199E-01
3.68381E-08, -5.446493E-02, 1.145966E-02, 1.7098784E-01
3.68443E-08, -4.866873E-02, 1.177581E-02, 1.7153585E-01
3.68506E-08, -4.287252E-02, 1.230274E-02, 1.7204170E-01
3.68568E-08, -3.760324E-02, 1.251351E-02, 1.7254755E-01
3.68631E-08, -3.180704E-02, 1.282967E-02, 1.7292693E-01
3.68693E-08, -2.601083E-02, 1.304044E-02, 1.7326416E-01
3.68756E-08, -2.126848E-02, 1.314583E-02, 1.7360140E-01
3.68818E-08, -1.547227E-02, 1.304044E-02, 1.7381217E-01
3.68881E-08, -1.072992E-02, 1.325121E-02, 1.7393863E-01
3.68943E-08, -6.51450E-03, 1.314583E-02, 1.7410725E-01
3.69006E-08, -2.82600E-03, 1.304044E-02, 1.7419156E-01
3.69068E-08, -1.9136E-04, 1.261890E-02, 1.7410725E-01
3.69131E-08, 3.49713E-03, 1.219736E-02, 1.7406510E-01
3.69193E-08, 4.55099E-03, 1.188120E-02, 1.7389648E-01
3.69256E-08, 5.07792E-03, 1.145966E-02, 1.7372787E-01
3.69318E-08, 5.60485E-03, 1.114350E-02, 1.7343278E-01
3.69381E-08, 5.60485E-03, 1.051119E-02, 1.7322202E-01
3.69443E-08, 4.02406E-03, 1.008964E-02, 1.7292693E-01
3.69506E-08, 2.44328E-03, 9.66810E-03, 1.7254755E-01
3.69568E-08, -7.1829E-04, 9.35195E-03, 1.7225246E-01
3.69631E-08, -4.93371E-03, 8.93040E-03, 1.7187308E-01
3.69693E-08, -7.04142E-03, 8.61425E-03, 1.7149369E-01
3.69756E-08, -1.283763E-02, 8.50886E-03, 1.7115645E-01
3.69818E-08, -1.705305E-02, 8.08732E-03, 1.7081922E-01
3.69881E-08, -2.074155E-02, 8.19270E-03, 1.7056629E-01
3.69943E-08, -2.601083E-02, 8.08732E-03, 1.7031337E-01
3.70006E-08, -3.075318E-02, 8.08732E-03, 1.7001829E-01
3.70068E-08, -3.549553E-02, 8.19270E-03, 1.6984968E-01
3.70131E-08, -3.918403E-02, 8.50886E-03, 1.6976537E-01
3.70193E-08, -4.445330E-02, 8.71963E-03, 1.6963890E-01
3.70256E-08, -4.708794E-02, 9.03579E-03, 1.6955459E-01
3.70318E-08, -5.024951E-02, 9.24656E-03, 1.6955459E-01
3.70381E-08, -5.235722E-02, 9.56272E-03, 1.6968106E-01
3.70443E-08, -5.446493E-02, 9.98426E-03, 1.6972321E-01
3.70506E-08, -5.551879E-02, 1.072196E-02, 1.6984968E-01
3.70568E-08, -5.657265E-02, 1.124889E-02, 1.7001829E-01
3.70631E-08, -5.657265E-02, 1.167043E-02, 1.7027122E-01
3.70693E-08, -5.657265E-02, 1.198658E-02, 1.7052415E-01
3.70756E-08, -5.551879E-02, 1.261890E-02, 1.7086138E-01
3.70818E-08, -5.341108E-02, 1.304044E-02, 1.7111430E-01
3.70881E-08, -5.183030E-02, 1.325121E-02, 1.7136723E-01
3.70943E-08, -5.077644E-02, 1.356737E-02, 1.7174661E-01
3.71006E-08, -4.708794E-02, 1.367275E-02, 1.7204170E-01
3.71068E-08, -4.392638E-02, 1.377814E-02, 1.7233677E-01
3.71131E-08, -4.339945E-02, 1.377814E-02, 1.7254755E-01
3.71193E-08, -4.023788E-02, 1.356737E-02, 1.7280047E-01
3.71256E-08, -3.707631E-02, 1.335660E-02, 1.7305340E-01
3.71318E-08, -3.549553E-02, 1.293505E-02, 1.7322202E-01
3.71381E-08, -3.338782E-02, 1.251351E-02, 1.7334847E-01
3.71443E-08, -3.233396E-02, 1.177581E-02, 1.7347494E-01
3.71506E-08, -3.128011E-02, 1.114350E-02, 1.7347494E-01
3.71568E-08, -3.180704E-02, 1.030042E-02, 1.7355925E-01
3.71631E-08, -3.128011E-02, 9.24656E-03, 1.7347494E-01
3.71693E-08, -3.233396E-02, 8.29809E-03, 1.7334847E-01
3.71756E-08, -3.391474E-02, 7.24423E-03, 1.7322202E-01
3.71818E-08, -3.602246E-02, 6.08499E-03, 1.7313771E-01
3.71881E-08, -3.813017E-02, 5.13652E-03, 1.7288478E-01
3.71943E-08, -4.287252E-02, 3.76651E-03, 1.7275831E-01
3.72006E-08, -4.656101E-02, 2.71265E-03, 1.7246324E-01
3.72068E-08, -4.972258E-02, 1.65880E-03, 1.7216817E-01
3.72131E-08, -5.446493E-02, 3.9417E-04, 1.7183092E-01
3.72193E-08, -5.815343E-02, -7.6507E-04, 1.7153585E-01
3.72256E-08, -6.236885E-02, -1.60815E-03, 1.7124076E-01
3.72318E-08, -6.711120E-02, -2.66201E-03, 1.7098784E-01
3.72381E-08, -7.185356E-02, -3.39971E-03, 1.7073491E-01
3.72443E-08, -7.501512E-02, -4.24279E-03, 1.7043984E-01
3.72506E-08, -7.923055E-02, -4.66434E-03, 1.7010260E-01
3.72568E-08, -8.133826E-02, -4.98049E-03, 1.6997615E-01
3.72631E-08, -8.344597E-02, -5.19126E-03, 1.6976537E-01
3.72693E-08, -8.449982E-02, -5.40204E-03, 1.6955459E-01
3.72756E-08, -8.555368E-02, -5.40204E-03, 1.6942814E-01
3.72818E-08, -8.608060E-02, -5.19126E-03, 1.6934383E-01
3.72881E-08, -8.397289E-02, -4.87511E-03, 1.6930167E-01
3.72943E-08, -8.291904E-02, -4.24279E-03, 1.6925952E-01
3.73006E-08, -8.081133E-02, -3.61048E-03, 1.6925952E-01
3.73068E-08, -7.712283E-02, -2.97817E-03, 1.6925952E-01
3.73131E-08, -7.290741E-02, -2.02970E-03, 1.6942814E-01
3.73193E-08, -6.763813E-02, -9.7584E-04, 1.6951244E-01
3.73256E-08, -6.184192E-02, 7.801E-05, 1.6959675E-01
3.73318E-08, -5.499186E-02, 1.13187E-03, 1.6976537E-01
3.73381E-08, -4.919565E-02, 2.18573E-03, 1.6989183E-01
3.73443E-08, -4.234559E-02, 3.34497E-03, 1.7010260E-01
3.73506E-08, -3.496860E-02, 4.60959E-03, 1.7022906E-01
3.73568E-08, -2.759161E-02, 6.08499E-03, 1.7039768E-01
3.73631E-08, -2.074155E-02, 7.03346E-03, 1.7060845E-01
3.73693E-08, -1.389149E-02, 8.08732E-03, 1.7077707E-01
3.73756E-08, -7.56835E-03, 9.24656E-03, 1.7094569E-01
3.73818E-08, -1.77215E-03, 1.008964E-02, 1.7103000E-01
3.73881E-08, 5.60485E-03, 1.093273E-02, 1.7115645E-01
3.73943E-08, 8.76641E-03, 1.177581E-02, 1.7128292E-01
3.74006E-08, 1.298183E-02, 1.240813E-02, 1.7140938E-01
3.74068E-08, 1.667033E-02, 1.293505E-02, 1.7145154E-01
3.74131E-08, 1.983190E-02, 1.346198E-02, 1.7157800E-01
3.74193E-08, 2.141268E-02, 1.367275E-02, 1.7153585E-01
3.74256E-08, 2.193961E-02, 1.388352E-02, 1.7157800E-01
3.74318E-08, 2.088575E-02, 1.377814E-02, 1.7162016E-01
3.74381E-08, 1.983190E-02, 1.367275E-02, 1.7157800E-01
3.74443E-08, 1.825111E-02, 1.346198E-02, 1.7153585E-01
3.74506E-08, 1.561647E-02, 1.314583E-02, 1.7145154E-01
3.74568E-08, 1.192798E-02, 1.282967E-02, 1.7149369E-01
3.74631E-08, 8.76641E-03, 1.240813E-02, 1.7145154E-01
3.74693E-08, 3.49713E-03, 1.167043E-02, 1.7132507E-01
3.74756E-08, -1.77215E-03, 1.124889E-02, 1.7128292E-01
3.74818E-08, -5.46064E-03, 1.061657E-02, 1.7119861E-01
3.74881E-08, -1.072992E-02, 9.77349E-03, 1.7111430E-01
3.74943E-08, -1.494534E-02, 9.03579E-03, 1.7111430E-01
3.75006E-08, -2.126848E-02, 8.50886E-03, 1.7107216E-01
3.75068E-08, -2.548390E-02, 7.66578E-03, 1.7098784E-01
3.75131E-08, -2.969932E-02, 7.03346E-03, 1.7098784E-01
3.75193E-08, -3.338782E-02, 6.29576E-03, 1.7094569E-01
3.75256E-08, -3.602246E-02, 5.97961E-03, 1.7090353E-01
3.75318E-08, -3.918403E-02, 5.13652E-03, 1.7090353E-01
3.75381E-08, -4.076481E-02, 4.82037E-03, 1.7090353E-01
3.75443E-08, -4.181866E-02, 4.39882E-03, 1.7086138E-01
3.75506E-08, -4.287252E-02, 4.08267E-03, 1.7090353E-01
3.75568E-08, -4.287252E-02, 3.76651E-03, 1.7090353E-01
3.75631E-08, -4.129174E-02, 3.87190E-03, 1.7086138E-01
3.75693E-08, -4.023788E-02, 3.66112E-03, 1.7090353E-01
3.75756E-08, -3.760324E-02, 3.76651E-03, 1.7094569E-01
3.75818E-08, -3.549553E-02, 3.76651E-03, 1.7086138E-01
3.75881E-08, -3.180704E-02, 4.08267E-03, 1.7098784E-01
3.75943E-08, -2.811854E-02, 4.18805E-03, 1.7090353E-01
3.76006E-08, -2.443004E-02, 4.71498E-03, 1.7094569E-01
3.76068E-08, -1.916077E-02, 5.13652E-03, 1.7090353E-01
3.76131E-08, -1.547227E-02, 5.55806E-03, 1.7086138E-01
3.76193E-08, -1.072992E-02, 6.08499E-03, 1.7086138E-01
3.76256E-08, -5.98757E-03, 6.71731E-03, 1.7073491E-01
3.76318E-08, -1.77215E-03, 7.24423E-03, 1.7073491E-01
3.76381E-08, 2.97021E-03, 7.66578E-03, 1.7060845E-01
3.76443E-08, 6.13177E-03, 8.40348E-03, 1.7056629E-01
3.76506E-08, 8.76641E-03, 9.03579E-03, 1.7048199E-01
3.76568E-08, 1.298183E-02, 9.77349E-03, 1.7043984E-01
3.76631E-08, 1.508955E-02, 1.040580E-02, 1.7031337E-01
3.76693E-08, 1.614340E-02, 1.093273E-02, 1.7027122E-01
3.76756E-08, 1.719726E-02, 1.156504E-02, 1.7027122E-01
3.76818E-08, 1.772419E-02, 1.219736E-02, 1.7018691E-01
3.76881E-08, 1.825111E-02, 1.282967E-02, 1.7014475E-01
3.76943E-08, 1.667033E-02, 1.314583E-02, 1.7001829E-01
3.77006E-08, 1.456262E-02, 1.367275E-02, 1.7006044E-01
3.77068E-08, 1.350876E-02, 1.419968E-02, 1.6997615E-01
3.77131E-08, 1.087412E-02, 1.472661E-02, 1.6993399E-01
3.77193E-08, 7.18563E-03, 1.493738E-02, 1.6997615E-01
3.77256E-08, 3.49713E-03, 1.546431E-02, 1.7001829E-01
3.77318E-08, -1.77215E-03, 1.567508E-02, 1.7001829E-01
3.77381E-08, -5.98757E-03, 1.609662E-02, 1.7018691E-01
3.77443E-08, -1.072992E-02, 1.630739E-02, 1.7022906E-01
3.77506E-08, -1.547227E-02, 1.651816E-02, 1.7031337E-01
3.77568E-08, -2.179541E-02, 1.672894E-02, 1.7039768E-01
3.77631E-08, -2.811854E-02, 1.693971E-02, 1.7048199E-01
3.77693E-08, -3.391474E-02, 1.693971E-02, 1.7069276E-01
3.77756E-08, -3.918403E-02, 1.715048E-02, 1.7077707E-01
3.77818E-08, -4.498023E-02, 1.725586E-02, 1.7090353E-01
3.77881E-08, -5.024951E-02, 1.725586E-02, 1.7103000E-01
3.77943E-08, -5.604572E-02, 1.725586E-02, 1.7119861E-01
3.78006E-08, -6.026114E-02, 1.715048E-02, 1.7132507E-01
3.78068E-08, -6.500349E-02, 1.715048E-02, 1.7136723E-01
3.78131E-08, -6.921891E-02, 1.704509E-02, 1.7149369E-01
3.78193E-08, -7.343434E-02, 1.704509E-02, 1.7153585E-01
3.78256E-08, -7.712283E-02, 1.683432E-02, 1.7162016E-01
3.78318E-08, -7.975747E-02, 1.651816E-02, 1.7166230E-01
3.78381E-08, -8.291904E-02, 1.620201E-02, 1.7170446E-01
3.78443E-08, -8.502675E-02, 1.620201E-02, 1.7170446E-01
3.78506E-08, -8.713446E-02, 1.578047E-02, 1.7166230E-01
3.78568E-08, -8.818832E-02, 1.535892E-02, 1.7162016E-01
3.78631E-08, -8.871525E-02, 1.493738E-02, 1.7162016E-01
3.78693E-08, -8.871525E-02, 1.430507E-02, 1.7153585E-01
3.78756E-08, -8.818832E-02, 1.398891E-02, 1.7140938E-01
3.78818E-08, -8.713446E-02, 1.346198E-02, 1.7140938E-01
3.78881E-08, -8.502675E-02, 1.293505E-02, 1.7124076E-01
3.78943E-08, -8.344597E-02, 1.240813E-02, 1.7115645E-01
3.79006E-08, -8.133826E-02, 1.167043E-02, 1.7107216E-01
3.79068E-08, -7.817668E-02, 1.114350E-02, 1.7094569E-01
3.79131E-08, -7.554205E-02, 1.051119E-02, 1.7081922E-01
3.79193E-08, -7.185356E-02, 9.77349E-03, 1.7073491E-01
3.79256E-08, -6.711120E-02, 9.24656E-03, 1.7065060E-01
3.79318E-08, -6.394964E-02, 8.71963E-03, 1.7060845E-01
3.79381E-08, -5.973421E-02, 8.19270E-03, 1.7065060E-01
3.79443E-08, -5.604572E-02, 7.56039E-03, 1.7065060E-01
3.79506E-08, -5.024951E-02, 7.24423E-03, 1.7069276E-01
3.79568E-08, -4.603409E-02, 6.61192E-03, 1.7077707E-01
3.79631E-08, -4.076481E-02, 6.19038E-03, 1.7081922E-01
3.79693E-08, -3.549553E-02, 5.87422E-03, 1.7107216E-01
3.79756E-08, -3.128011E-02, 5.66345E-03, 1.7119861E-01
3.79818E-08, -2.653776E-02, 5.24191E-03, 1.7132507E-01
3.79881E-08, -2.126848E-02, 5.24191E-03, 1.7162016E-01
3.79943E-08, -1.757998E-02, 4.82037E-03, 1.7183092E-01
3.80006E-08, -1.336456E-02, 4.82037E-03, 1.7212601E-01
3.80068E-08, -1.020299E-02, 4.82037E-03, 1.7242108E-01
3.80131E-08, -6.51450E-03, 4.71498E-03, 1.7275831E-01
3.80193E-08, -3.87986E-03, 4.71498E-03, 1.7292693E-01
3.80256E-08, -1.24522E-03, 4.82037E-03, 1.7334847E-01
3.80318E-08, -1.9136E-04, 5.03114E-03, 1.7364356E-01
3.80381E-08, 8.6249E-04, 4.82037E-03, 1.7389648E-01
3.80443E-08, 1.91635E-03, 5.03114E-03, 1.7414941E-01
3.80506E-08, 1.38942E-03, 5.24191E-03, 1.7440233E-01
3.80568E-08, 1.38942E-03, 5.03114E-03, 1.7457095E-01
3.80631E-08, -7.1829E-04, 5.34729E-03, 1.7473957E-01
3.80693E-08, -1.77215E-03, 5.13652E-03, 1.7486604E-01
3.80756E-08, -4.40678E-03, 5.03114E-03, 1.7499249E-01
3.80818E-08, -7.56835E-03, 4.82037E-03, 1.7499249E-01
3.80881E-08, -1.125685E-02, 4.71498E-03, 1.7499249E-01
3.80943E-08, -1.599920E-02, 4.29344E-03, 1.7495033E-01
3.81006E-08, -1.968769E-02, 3.87190E-03, 1.7486604E-01
3.81068E-08, -2.495697E-02, 3.55574E-03, 1.7469741E-01
3.81131E-08, -2.969932E-02, 3.02881E-03, 1.7448664E-01
3.81193E-08, -3.496860E-02, 2.50188E-03, 1.7419156E-01
3.81256E-08, -4.181866E-02, 1.65880E-03, 1.7398079E-01
3.81318E-08, -4.603409E-02, 1.02648E-03, 1.7368571E-01
3.81381E-08, -5.183030E-02, 7.801E-05, 1.7343278E-01
3.81443E-08, -5.709957E-02, -3.4353E-04, 1.7309555E-01
3.81506E-08, -6.184192E-02, -1.39738E-03, 1.7271617E-01
3.81568E-08, -6.658427E-02, -2.24047E-03, 1.7237893E-01
3.81631E-08, -7.027277E-02, -3.08355E-03, 1.7208385E-01
3.81693E-08, -7.396127E-02, -3.92664E-03, 1.7170446E-01
3.81756E-08, -7.712283E-02, -4.87511E-03, 1.7145154E-01
3.81818E-08, -7.975747E-02, -5.61281E-03, 1.7111430E-01
3.81881E-08, -7.975747E-02, -6.35051E-03, 1.7086138E-01
3.81943E-08, -8.239211E-02, -7.19359E-03, 1.7069276E-01
3.82006E-08, -8.291904E-02, -7.72052E-03, 1.7056629E-01
3.82068E-08, -8.291904E-02, -8.14206E-03, 1.7039768E-01
3.82131E-08, -8.133826E-02, -8.56360E-03, 1.7035553E-01
3.82193E-08, -7.923055E-02, -8.77437E-03, 1.7027122E-01
3.82256E-08, -7.659590E-02, -8.98515E-03, 1.7035553E-01
3.82318E-08, -7.448819E-02, -9.09053E-03, 1.7043984E-01
3.82381E-08, -7.027277E-02, -9.09053E-03, 1.7052415E-01
3.82443E-08, -6.553042E-02, -8.98515E-03, 1.7060845E-01
3.82506E-08, -6.131500E-02, -8.66899E-03, 1.7086138E-01
3.82568E-08, -5.709957E-02, -8.35283E-03, 1.7107216E-01
3.82631E-08, -5.130336E-02, -7.93129E-03, 1.7124076E-01
3.82693E-08, -4.603409E-02, -7.50975E-03, 1.7157800E-01
3.82756E-08, -4.076481E-02, -7.08820E-03, 1.7183092E-01
3.82818E-08, -3.549553E-02, -6.35051E-03, 1.7204170E-01
3.82881E-08, -2.969932E-02, -5.71819E-03, 1.7233677E-01
3.82943E-08, -2.548390E-02, -5.29665E-03, 1.7254755E-01
3.83006E-08, -1.916077E-02, -4.55895E-03, 1.7284262E-01
3.83068E-08, -1.494534E-02, -3.82125E-03, 1.7301124E-01
3.83131E-08, -1.020299E-02, -3.18894E-03, 1.7317986E-01
3.83193E-08, -7.04142E-03, -2.66201E-03, 1.7334847E-01
3.83256E-08, -4.40678E-03, -2.02970E-03, 1.7343278E-01
3.83318E-08, -1.24522E-03, -1.50277E-03, 1.7351709E-01
3.83381E-08, -1.9136E-04, -1.18661E-03, 1.7364356E-01
3.83443E-08, 8.6249E-04, -7.6507E-04, 1.7364356E-01
3.83506E-08, 3.49713E-03, -6.5968E-04, 1.7355925E-01
3.83568E-08, 2.97021E-03, -4.4891E-04, 1.7351709E-01
3.83631E-08, 3.49713E-03, -2.3814E-04, 1.7339063E-01
3.83693E-08, 2.44328E-03, -1.3276E-04, 1.7330632E-01
3.83756E-08, 1.38942E-03, -2.3814E-04, 1.7313771E-01
3.83818E-08, -7.1829E-04, -2.3814E-04, 1.7292693E-01
3.83881E-08, -1.24522E-03, -4.4891E-04, 1.7280047E-01
3.83943E-08, -3.35293E-03, -7.6507E-04, 1.7250539E-01
3.84006E-08, -6.51450E-03, -1.18661E-03, 1.7237893E-01
3.84068E-08, -8.09528E-03, -1.50277E-03, 1.7216817E-01
3.84131E-08, -1.178377E-02, -1.81893E-03, 1.7191523E-01
3.84193E-08, -1.441841E-02, -2.24047E-03, 1.7170446E-01
3.84256E-08, -1.757998E-02, -2.55662E-03, 1.7153585E-01
3.84318E-08, -2.074155E-02, -2.97817E-03, 1.7132507E-01
3.84381E-08, -2.337619E-02, -3.39971E-03, 1.7119861E-01
3.84443E-08, -2.653776E-02, -3.92664E-03, 1.7098784E-01
3.84506E-08, -2.917239E-02, -4.13741E-03, 1.7094569E-01
3.84568E-08, -3.180704E-02, -4.34818E-03, 1.7081922E-01
3.84631E-08, -3.338782E-02, -4.76972E-03, 1.7073491E-01
3.84693E-08, -3.602246E-02, -5.08588E-03, 1.7073491E-01
3.84756E-08, -3.813017E-02, -5.40204E-03, 1.7069276E-01
3.84818E-08, -3.971095E-02, -5.71819E-03, 1.7065060E-01
3.84881E-08, -4.129174E-02, -5.92896E-03, 1.7077707E-01
3.84943E-08, -4.287252E-02, -6.13973E-03, 1.7081922E-01
3.85006E-08, -4.445330E-02, -6.13973E-03, 1.7086138E-01
3.85068E-08, -4.550716E-02, -6.66666E-03, 1.7090353E-01
3.85131E-08, -4.603409E-02, -6.66666E-03, 1.7094569E-01
3.85193E-08, -4.708794E-02, -6.66666E-03, 1.7098784E-01
3.85256E-08, -4.708794E-02, -6.87743E-03, 1.7111430E-01
3.85318E-08, -4.761487E-02, -7.08820E-03, 1.7119861E-01
3.85381E-08, -4.814180E-02, -7.50975E-03, 1.7119861E-01
3.85443E-08, -4.866873E-02, -7.50975E-03, 1.7132507E-01
3.85506E-08, -4.814180E-02, -7.61513E-03, 1.7132507E-01
3.85568E-08, -4.919565E-02, -7.93129E-03, 1.7132507E-01
3.85631E-08, -4.919565E-02, -8.24745E-03, 1.7136723E-01
3.85693E-08, -4.972258E-02, -8.56360E-03, 1.7136723E-01
3.85756E-08, -5.024951E-02, -8.77437E-03, 1.7132507E-01
3.85818E-08, -4.972258E-02, -9.19592E-03, 1.7132507E-01
3.85881E-08, -5.024951E-02, -9.51207E-03, 1.7136723E-01
3.85943E-08, -5.077644E-02, -9.93362E-03, 1.7128292E-01
3.86006E-08, -5.183030E-02, -1.024977E-02, 1.7128292E-01
3.86068E-08, -5.183030E-02, -1.067131E-02, 1.7124076E-01
3.86131E-08, -5.130336E-02, -1.109286E-02, 1.7124076E-01
3.86193E-08, -5.235722E-02, -1.161978E-02, 1.7115645E-01
3.86256E-08, -5.288415E-02, -1.204133E-02, 1.7124076E-01
3.86318E-08, -5.288415E-02, -1.246287E-02, 1.7115645E-01
3.86381E-08, -5.446493E-02, -1.288441E-02, 1.7124076E-01
3.86443E-08, -5.341108E-02, -1.351672E-02, 1.7124076E-01
3.86506E-08, -5.393801E-02, -1.362211E-02, 1.7128292E-01
3.86568E-08, -5.499186E-02, -1.393827E-02, 1.7136723E-01
3.86631E-08, -5.499186E-02, -1.435981E-02, 1.7145154E-01
3.86693E-08, -5.551879E-02, -1.457058E-02, 1.7166230E-01
3.86756E-08, -5.446493E-02, -1.499212E-02, 1.7178877E-01
3.86818E-08, -5.499186E-02, -1.520289E-02, 1.7199954E-01
3.86881E-08, -5.499186E-02, -1.562444E-02, 1.7216817E-01
3.86943E-08, -5.551879E-02, -1.572982E-02, 1.7237893E-01
3.87006E-08, -5.551879E-02, -1.594059E-02, 1.7267402E-01
3.87068E-08, -5.551879E-02, -1.594059E-02, 1.7288478E-01
3.87131E-08, -5.499186E-02, -1.636213E-02, 1.7317986E-01
3.87193E-08, -5.551879E-02, -1.636213E-02, 1.7339063E-01
3.87256E-08, -5.446493E-02, -1.667829E-02, 1.7368571E-01
3.87318E-08, -5.499186E-02, -1.678368E-02, 1.7393863E-01
3.87381E-08, -5.446493E-02, -1.678368E-02, 1.7419156E-01
3.87443E-08, -5.446493E-02, -1.699445E-02, 1.7448664E-01
3.87506E-08, -5.393801E-02, -1.699445E-02, 1.7465526E-01
3.87568E-08, -5.393801E-02, -1.720522E-02, 1.7490818E-01
3.87631E-08, -5.288415E-02, -1.720522E-02, 1.7503464E-01
3.87693E-08, -5.288415E-02, -1.731060E-02, 1.7528757E-01
3.87756E-08, -5.288415E-02, -1.762676E-02, 1.7545618E-01
3.87818E-08, -5.183030E-02, -1.762676E-02, 1.7549834E-01
3.87881E-08, -5.183030E-02, -1.783753E-02, 1.7558265E-01
3.87943E-08, -5.130336E-02, -1.794292E-02, 1.7566696E-01
3.88006E-08, -5.077644E-02, -1.794292E-02, 1.7566696E-01
3.88068E-08, -5.077644E-02, -1.825907E-02, 1.7558265E-01
3.88131E-08, -4.866873E-02, -1.825907E-02, 1.7549834E-01
3.88193E-08, -4.866873E-02, -1.825907E-02, 1.7549834E-01
3.88256E-08, -4.814180E-02, -1.825907E-02, 1.7532973E-01
3.88318E-08, -4.814180E-02, -1.836446E-02, 1.7524542E-01
3.88381E-08, -4.761487E-02, -1.846985E-02, 1.7507680E-01
3.88443E-08, -4.656101E-02, -1.825907E-02, 1.7482388E-01
3.88506E-08, -4.550716E-02, -1.804830E-02, 1.7461310E-01
3.88568E-08, -4.550716E-02, -1.794292E-02, 1.7444448E-01
3.88631E-08, -4.550716E-02, -1.752138E-02, 1.7419156E-01
3.88693E-08, -4.498023E-02, -1.731060E-02, 1.7398079E-01
3.88756E-08, -4.445330E-02, -1.720522E-02, 1.7372787E-01
3.88818E-08, -4.445330E-02, -1.657291E-02, 1.7347494E-01
3.88881E-08, -4.339945E-02, -1.625675E-02, 1.7326416E-01
3.88943E-08, -4.392638E-02, -1.572982E-02, 1.7309555E-01
3.89006E-08, -4.392638E-02, -1.520289E-02, 1.7284262E-01
3.89068E-08, -4.445330E-02, -1.467597E-02, 1.7267402E-01
3.89131E-08, -4.498023E-02, -1.393827E-02, 1.7254755E-01
3.89193E-08, -4.498023E-02, -1.330595E-02, 1.7233677E-01
3.89256E-08, -4.603409E-02, -1.246287E-02, 1.7221031E-01
3.89318E-08, -4.708794E-02, -1.172517E-02, 1.7216817E-01
3.89381E-08, -4.814180E-02, -1.109286E-02, 1.7204170E-01
3.89443E-08, -4.919565E-02, -1.035516E-02, 1.7199954E-01
3.89506E-08, -4.972258E-02, -9.72284E-03, 1.7187308E-01
3.89568E-08, -5.130336E-02, -9.19592E-03, 1.7187308E-01
3.89631E-08, -5.235722E-02, -8.56360E-03, 1.7178877E-01
3.89693E-08, -5.446493E-02, -8.03667E-03, 1.7191523E-01
3.89756E-08, -5.551879E-02, -7.61513E-03, 1.7183092E-01
3.89818E-08, -5.604572E-02, -7.40436E-03, 1.7187308E-01
3.89881E-08, -5.604572E-02, -7.08820E-03, 1.7191523E-01
3.89943E-08, -5.762650E-02, -6.87743E-03, 1.7199954E-01
3.90006E-08, -5.868036E-02, -6.87743E-03, 1.7204170E-01
3.90068E-08, -5.868036E-02, -6.87743E-03, 1.7216817E-01
3.90131E-08, -5.868036E-02, -6.98282E-03, 1.7216817E-01
3.90193E-08, -5.815343E-02, -7.61513E-03, 1.7225246E-01
3.90256E-08, -5.762650E-02, -7.82590E-03, 1.7233677E-01
3.90318E-08, -5.657265E-02, -8.56360E-03, 1.7254755E-01
3.90381E-08, -5.499186E-02, -9.40669E-03, 1.7254755E-01
3.90443E-08, -5.288415E-02, -1.024977E-02, 1.7275831E-01
3.90506E-08, -5.024951E-02, -1.119824E-02, 1.7284262E-01
3.90568E-08, -4.761487E-02, -1.214671E-02, 1.7301124E-01
3.90631E-08, -4.392638E-02, -1.341134E-02, 1.7317986E-01
3.90693E-08, -4.023788E-02, -1.467597E-02, 1.7334847E-01
3.90756E-08, -3.602246E-02, -1.594059E-02, 1.7351709E-01
3.90818E-08, -3.128011E-02, -1.731060E-02, 1.7368571E-01
3.90881E-08, -2.601083E-02, -1.868062E-02, 1.7393863E-01
3.90943E-08, -2.126848E-02, -2.015601E-02, 1.7414941E-01
3.91006E-08, -1.599920E-02, -2.173680E-02, 1.7436017E-01
3.91068E-08, -1.125685E-02, -2.289604E-02, 1.7448664E-01
3.91131E-08, -5.46064E-03, -2.416067E-02, 1.7473957E-01
3.91193E-08, -1.24522E-03, -2.563607E-02, 1.7503464E-01
3.91256E-08, 4.02406E-03, -2.690069E-02, 1.7524542E-01
3.91318E-08, 8.23948E-03, -2.805993E-02, 1.7554049E-01
3.91381E-08, 1.192798E-02, -2.911379E-02, 1.7579342E-01
3.91443E-08, 1.456262E-02, -3.006226E-02, 1.7604634E-01
3.91506E-08, 1.719726E-02, -3.069457E-02, 1.7634143E-01
3.91568E-08, 1.877804E-02, -3.143227E-02, 1.7651005E-01
3.91631E-08, 2.035883E-02, -3.185381E-02, 1.7672081E-01
3.91693E-08, 2.035883E-02, -3.206459E-02, 1.7701590E-01
3.91756E-08, 1.825111E-02, -3.216997E-02, 1.7726882E-01
3.91818E-08, 1.772419E-02, -3.206459E-02, 1.7735313E-01
3.91881E-08, 1.508955E-02, -3.185381E-02, 1.7756391E-01
3.91943E-08, 1.140105E-02, -3.132689E-02, 1.7773251E-01
3.92006E-08, 6.65870E-03, -3.058919E-02, 1.7781682E-01
3.92068E-08, 8.6249E-04, -2.974610E-02, 1.7798544E-01
3.92131E-08, -5.46064E-03, -2.879763E-02, 1.7806976E-01
3.92193E-08, -1.178377E-02, -2.774378E-02, 1.7811191E-01
3.92256E-08, -1.968769E-02, -2.647915E-02, 1.7806976E-01
3.92318E-08, -2.811854E-02, -2.521452E-02, 1.7815405E-01
3.92381E-08, -3.760324E-02, -2.373913E-02, 1.7811191E-01
3.92443E-08, -4.603409E-02, -2.215834E-02, 1.7806976E-01
3.92506E-08, -5.499186E-02, -2.068294E-02, 1.7798544E-01
3.92568E-08, -6.500349E-02, -1.910216E-02, 1.7790113E-01
3.92631E-08, -7.343434E-02, -1.752138E-02, 1.7769036E-01
3.92693E-08, -8.344597E-02, -1.615136E-02, 1.7760606E-01
3.92756E-08, -9.134988E-02, -1.488674E-02, 1.7743744E-01
3.92818E-08, -9.925380E-02, -1.330595E-02, 1.7718451E-01
3.92881E-08, -1.0768465E-01, -1.214671E-02, 1.7701590E-01
3.92943E-08, -1.1506164E-01, -1.109286E-02, 1.7676297E-01
3.93006E-08, -1.2085784E-01, -9.93362E-03, 1.7655219E-01
3.93068E-08, -1.2560020E-01, -9.30130E-03, 1.7634143E-01
3.93131E-08, -1.2981562E-01, -8.56360E-03, 1.7608850E-01
3.93193E-08, -1.3297719E-01, -8.24745E-03, 1.7587774E-01
3.93256E-08, -1.3508490E-01, -7.93129E-03, 1.7562480E-01
3.93318E-08, -1.3666569E-01, -7.82590E-03, 1.7541404E-01
3.93381E-08, -1.3666569E-01, -8.14206E-03, 1.7511895E-01
3.93443E-08, -1.3508490E-01, -8.56360E-03, 1.7495033E-01
3.93506E-08, -1.3297719E-01, -8.87976E-03, 1.7482388E-01
3.93568E-08, -1.2981562E-01, -9.61746E-03, 1.7465526E-01
3.93631E-08, -1.2507327E-01, -1.046054E-02, 1.7440233E-01
3.93693E-08, -1.2138478E-01, -1.161978E-02, 1.7440233E-01
3.93756E-08, -1.1611550E-01, -1.267364E-02, 1.7431803E-01
3.93818E-08, -1.0926543E-01, -1.404365E-02, 1.7423372E-01
3.93881E-08, -1.0294230E-01, -1.509751E-02, 1.7410725E-01
3.93943E-08, -9.609224E-02, -1.646752E-02, 1.7419156E-01
3.94006E-08, -8.924218E-02, -1.815369E-02, 1.7414941E-01
3.94068E-08, -8.186518E-02, -1.920754E-02, 1.7410725E-01
3.94131E-08, -7.448819E-02, -2.057756E-02, 1.7419156E-01
3.94193E-08, -6.763813E-02, -2.184219E-02, 1.7423372E-01
3.94256E-08, -6.026114E-02, -2.289604E-02, 1.7440233E-01
3.94318E-08, -5.341108E-02, -2.394990E-02, 1.7448664E-01
3.94381E-08, -4.708794E-02, -2.489837E-02, 1.7469741E-01
3.94443E-08, -4.076481E-02, -2.563607E-02, 1.7482388E-01
3.94506E-08, -3.602246E-02, -2.658454E-02, 1.7490818E-01
3.94568E-08, -3.128011E-02, -2.711146E-02, 1.7507680E-01
3.94631E-08, -2.653776E-02, -2.721685E-02, 1.7528757E-01
3.94693E-08, -2.337619E-02, -2.742762E-02, 1.7545618E-01
3.94756E-08, -2.074155E-02, -2.742762E-02, 1.7558265E-01
3.94818E-08, -1.810691E-02, -2.700608E-02, 1.7579342E-01
3.94881E-08, -1.547227E-02, -2.658454E-02, 1.7591989E-01
3.94943E-08, -1.547227E-02, -2.595222E-02, 1.7608850E-01
3.95006E-08, -1.441841E-02, -2.510914E-02, 1.7621496E-01
3.95068E-08, -1.441841E-02, -2.447682E-02, 1.7634143E-01
3.95131E-08, -1.336456E-02, -2.321220E-02, 1.7646790E-01
3.95193E-08, -1.441841E-02, -2.226373E-02, 1.7655219E-01
3.95256E-08, -1.494534E-02, -2.068294E-02, 1.7655219E-01
3.95318E-08, -1.547227E-02, -1.952370E-02, 1.7663650E-01
3.95381E-08, -1.705305E-02, -1.804830E-02, 1.7663650E-01
3.95443E-08, -1.705305E-02, -1.667829E-02, 1.7663650E-01
3.95506E-08, -1.705305E-02, -1.499212E-02, 1.7663650E-01
3.95568E-08, -1.863384E-02, -1.393827E-02, 1.7655219E-01
3.95631E-08, -1.810691E-02, -1.225210E-02, 1.7646790E-01
3.95693E-08, -1.863384E-02, -1.109286E-02, 1.7634143E-01
3.95756E-08, -1.916077E-02, -9.82823E-03, 1.7621496E-01
3.95818E-08, -1.916077E-02, -8.77437E-03, 1.7608850E-01
3.95881E-08, -1.757998E-02, -7.50975E-03, 1.7583558E-01
3.95943E-08, -1.757998E-02, -6.77205E-03, 1.7566696E-01
3.96006E-08, -1.599920E-02, -5.82358E-03, 1.7545618E-01
3.96068E-08, -1.494534E-02, -5.29665E-03, 1.7524542E-01
3.96131E-08, -1.231070E-02, -4.76972E-03, 1.7503464E-01
3.96193E-08, -1.125685E-02, -4.24279E-03, 1.7482388E-01
3.96256E-08, -8.62221E-03, -3.92664E-03, 1.7457095E-01
3.96318E-08, -5.98757E-03, -3.92664E-03, 1.7436017E-01
3.96381E-08, -3.87986E-03, -3.82125E-03, 1.7406510E-01
3.96443E-08, -1.24522E-03, -3.71587E-03, 1.7377003E-01
3.96506E-08, -1.9136E-04, -3.61048E-03, 1.7372787E-01
3.96568E-08, 3.49713E-03, -3.92664E-03, 1.7343278E-01
3.96631E-08, 5.60485E-03, -4.13741E-03, 1.7322202E-01
3.96693E-08, 6.13177E-03, -4.34818E-03, 1.7309555E-01
3.96756E-08, 8.23948E-03, -4.76972E-03, 1.7301124E-01
3.96818E-08, 9.82027E-03, -4.98049E-03, 1.7288478E-01
3.96881E-08, 1.087412E-02, -5.40204E-03, 1.7275831E-01
3.96943E-08, 1.087412E-02, -5.82358E-03, 1.7267402E-01
3.97006E-08, 1.140105E-02, -6.13973E-03, 1.7267402E-01
3.97068E-08, 1.087412E-02, -6.45589E-03, 1.7267402E-01
3.97131E-08, 1.087412E-02, -6.77205E-03, 1.7267402E-01
3.97193E-08, 8.76641E-03, -7.19359E-03, 1.7284262E-01
3.97256E-08, 8.23948E-03, -7.19359E-03, 1.7284262E-01
3.97318E-08, 6.13177E-03, -7.50975E-03, 1.7296909E-01
3.97381E-08, 4.02406E-03, -7.82590E-03, 1.7305340E-01
3.97443E-08, 8.6249E-04, -7.93129E-03, 1.7317986E-01
3.97506E-08, -1.24522E-03, -7.93129E-03, 1.7347494E-01
3.97568E-08, -4.93371E-03, -8.24745E-03, 1.7364356E-01
3.97631E-08, -8.09528E-03, -8.35283E-03, 1.7377003E-01
3.97693E-08, -1.178377E-02, -8.45822E-03, 1.7402294E-01
3.97756E-08, -1.494534E-02, -8.66899E-03, 1.7427588E-01
3.97818E-08, -1.810691E-02, -8.77437E-03, 1.7452879E-01
3.97881E-08, -2.179541E-02, -8.87976E-03, 1.7473957E-01
3.97943E-08, -2.548390E-02, -9.19592E-03, 1.7486604E-01
3.98006E-08, -2.811854E-02, -9.40669E-03, 1.7516111E-01
3.98068E-08, -3.128011E-02, -9.82823E-03, 1.7528757E-01
3.98131E-08, -3.444167E-02, -1.014439E-02, 1.7554049E-01
3.98193E-08, -3.707631E-02, -1.056593E-02, 1.7575127E-01
3.98256E-08, -3.971095E-02, -1.109286E-02, 1.7583558E-01
3.98318E-08, -4.129174E-02, -1.172517E-02, 1.7604634E-01
3.98381E-08, -4.339945E-02, -1.225210E-02, 1.7608850E-01
3.98443E-08, -4.392638E-02, -1.309518E-02, 1.7625712E-01
3.98506E-08, -4.550716E-02, -1.393827E-02, 1.7625712E-01
3.98568E-08, -4.603409E-02, -1.467597E-02, 1.7629927E-01
3.98631E-08, -4.550716E-02, -1.541366E-02, 1.7634143E-01
3.98693E-08, -4.550716E-02, -1.657291E-02, 1.7629927E-01
3.98756E-08, -4.498023E-02, -1.741599E-02, 1.7629927E-01
3.98818E-08, -4.445330E-02, -1.836446E-02, 1.7629927E-01
3.98881E-08, -4.234559E-02, -1.920754E-02, 1.7617281E-01
3.98943E-08, -4.181866E-02, -2.015601E-02, 1.7613065E-01
3.99006E-08, -3.918403E-02, -2.110448E-02, 1.7600419E-01
3.99068E-08, -3.813017E-02, -2.173680E-02, 1.7591989E-01
3.99131E-08, -3.602246E-02, -2.279066E-02, 1.7587774E-01
3.99193E-08, -3.444167E-02, -2.331758E-02, 1.7570911E-01
3.99256E-08, -3.128011E-02, -2.394990E-02, 1.7566696E-01
3.99318E-08, -3.022625E-02, -2.447682E-02, 1.7554049E-01
3.99381E-08, -2.917239E-02, -2.489837E-02, 1.7545618E-01
3.99443E-08, -2.653776E-02, -2.510914E-02, 1.7537189E-01
3.99506E-08, -2.653776E-02, -2.510914E-02, 1.7524542E-01
3.99568E-08, -2.548390E-02, -2.510914E-02, 1.7524542E-01
3.99631E-08, -2.548390E-02, -2.489837E-02, 1.7520326E-01
3.99693E-08, -2.548390E-02, -2.458221E-02, 1.7507680E-01
3.99756E-08, -2.653776E-02, -2.416067E-02, 1.7503464E-01
3.99818E-08, -2.759161E-02, -2.373913E-02, 1.7507680E-01
3.99881E-08, -2.811854E-02, -2.268527E-02, 1.7503464E-01
3.99943E-08, -3.128011E-02, -2.226373E-02, 1.7503464E-01
4.00006E-08, -3.286089E-02, -2.120987E-02, 1.7503464E-01
4.00068E-08, -3.549553E-02, -2.026140E-02, 1.7516111E-01
4.00131E-08, -3.813017E-02, -1.910216E-02, 1.7520326E-01
4.00193E-08, -4.234559E-02, -1.825907E-02, 1.7528757E-01
4.00256E-08, -4.550716E-02, -1.709983E-02, 1.7537189E-01
4.00318E-08, -4.972258E-02, -1.615136E-02, 1.7549834E-01
4.00381E-08, -5.393801E-02, -1.499212E-02, 1.7562480E-01
4.00443E-08, -5.868036E-02, -1.393827E-02, 1.7575127E-01
4.00506E-08, -6.394964E-02, -1.309518E-02, 1.7575127E-01
4.00568E-08, -6.763813E-02, -1.193594E-02, 1.7600419E-01
4.00631E-08, -7.185356E-02, -1.130363E-02, 1.7613065E-01
4.00693E-08, -7.712283E-02, -1.046054E-02, 1.7625712E-01
4.00756E-08, -8.133826E-02, -9.82823E-03, 1.7638358E-01
4.00818E-08, -8.555368E-02, -9.51207E-03, 1.7655219E-01
4.00881E-08, -8.818832E-02, -8.87976E-03, 1.7672081E-01
4.00943E-08, -9.240374E-02, -8.87976E-03, 1.7684728E-01
4.01006E-08, -9.398452E-02, -8.66899E-03, 1.7697375E-01
4.01068E-08, -9.661917E-02, -8.66899E-03, 1.7710020E-01
4.01131E-08, -9.819995E-02, -8.77437E-03, 1.7714235E-01
4.01193E-08, -9.872688E-02, -9.09053E-03, 1.7731097E-01
4.01256E-08, -9.872688E-02, -9.40669E-03, 1.7731097E-01
4.01318E-08, -9.978073E-02, -1.014439E-02, 1.7747959E-01
4.01381E-08, -9.872688E-02, -1.098747E-02, 1.7747959E-01
4.01443E-08, -9.714609E-02, -1.161978E-02, 1.7752175E-01
4.01506E-08, -9.556530E-02, -1.246287E-02, 1.7760606E-01
4.01568E-08, -9.240374E-02, -1.330595E-02, 1.7756391E-01
4.01631E-08, -8.924218E-02, -1.435981E-02, 1.7769036E-01
4.01693E-08, -8.608060E-02, -1.530828E-02, 1.7769036E-01
4.01756E-08, -8.186518E-02, -1.636213E-02, 1.7764820E-01
4.01818E-08, -7.817668E-02, -1.720522E-02, 1.7764820E-01
4.01881E-08, -7.238048E-02, -1.815369E-02, 1.7760606E-01
4.01943E-08, -6.816506E-02, -1.941832E-02, 1.7760606E-01
4.02006E-08, -6.289578E-02, -2.015601E-02, 1.7760606E-01
4.02068E-08, -5.815343E-02, -2.099910E-02, 1.7756391E-01
4.02131E-08, -5.393801E-02, -2.184219E-02, 1.7747959E-01
4.02193E-08, -4.972258E-02, -2.268527E-02, 1.7747959E-01
4.02256E-08, -4.392638E-02, -2.342297E-02, 1.7739528E-01
4.02318E-08, -4.023788E-02, -2.426605E-02, 1.7731097E-01
4.02381E-08, -3.654939E-02, -2.500375E-02, 1.7722666E-01
4.02443E-08, -3.391474E-02, -2.531991E-02, 1.7718451E-01
4.02506E-08, -2.917239E-02, -2.563607E-02, 1.7710020E-01
4.02568E-08, -2.601083E-02, -2.616299E-02, 1.7705806E-01
4.02631E-08, -2.443004E-02, -2.626838E-02, 1.7693159E-01
4.02693E-08, -2.232233E-02, -2.658454E-02, 1.7684728E-01
4.02756E-08, -2.232233E-02, -2.690069E-02, 1.7680512E-01
4.02818E-08, -2.021462E-02, -2.690069E-02, 1.7680512E-01
4.02881E-08, -1.968769E-02, -2.690069E-02, 1.7663650E-01
4.02943E-08, -1.968769E-02, -2.700608E-02, 1.7667866E-01
4.03006E-08, -2.074155E-02, -2.711146E-02, 1.7651005E-01
4.03068E-08, -2.126848E-02, -2.721685E-02, 1.7646790E-01
4.03131E-08, -2.337619E-02, -2.700608E-02, 1.7638358E-01
4.03193E-08, -2.443004E-02, -2.711146E-02, 1.7625712E-01
4.03256E-08, -2.548390E-02, -2.690069E-02, 1.7625712E-01
4.03318E-08, -2.706468E-02, -2.700608E-02, 1.7613065E-01
4.03381E-08, -2.969932E-02, -2.721685E-02, 1.7613065E-01
4.03443E-08, -3.180704E-02, -2.700608E-02, 1.7600419E-01
4.03506E-08, -3.338782E-02, -2.711146E-02, 1.7600419E-01
4.03568E-08, -3.602246E-02, -2.721685E-02, 1.7587774E-01
4.03631E-08, -3.760324E-02, -2.732223E-02, 1.7583558E-01
4.03693E-08, -3.918403E-02, -2.721685E-02, 1.7570911E-01
4.03756E-08, -4.234559E-02, -2.732223E-02, 1.7570911E-01
4.03818E-08, -4.287252E-02, -2.742762E-02, 1.7562480E-01
4.03881E-08, -4.392638E-02, -2.721685E-02, 1.7562480E-01
4.03943E-08, -4.603409E-02, -2.732223E-02, 1.7554049E-01
4.04006E-08, -4.656101E-02, -2.742762E-02, 1.7545618E-01
4.04068E-08, -4.656101E-02, -2.721685E-02, 1.7545618E-01
4.04131E-08, -4.761487E-02, -2.721685E-02, 1.7541404E-01
4.04193E-08, -4.656101E-02, -2.732223E-02, 1.7537189E-01
4.04256E-08, -4.656101E-02, -2.690069E-02, 1.7532973E-01
4.04318E-08, -4.656101E-02, -2.690069E-02, 1.7528757E-01
4.04381E-08, -4.603409E-02, -2.668992E-02, 1.7532973E-01
4.04443E-08, -4.445330E-02, -2.658454E-02, 1.7524542E-01
4.04506E-08, -4.445330E-02, -2.626838E-02, 1.7532973E-01
4.04568E-08, -4.445330E-02, -2.563607E-02, 1.7532973E-01
4.04631E-08, -4.287252E-02, -2.521452E-02, 1.7532973E-01
4.04693E-08, -4.287252E-02, -2.489837E-02, 1.7537189E-01
4.04756E-08, -4.076481E-02, -2.447682E-02, 1.7549834E-01
4.04818E-08, -4.023788E-02, -2.405528E-02, 1.7549834E-01
4.04881E-08, -3.918403E-02, -2.331758E-02, 1.7562480E-01
4.04943E-08, -3.813017E-02, -2.279066E-02, 1.7570911E-01
4.05006E-08, -3.760324E-02, -2.205296E-02, 1.7583558E-01
4.05068E-08, -3.707631E-02, -2.142064E-02, 1.7587774E-01
4.05131E-08, -3.549553E-02, -2.089372E-02, 1.7608850E-01
4.05193E-08, -3.549553E-02, -2.026140E-02, 1.7621496E-01
4.05256E-08, -3.444167E-02, -1.962909E-02, 1.7629927E-01
4.05318E-08, -3.391474E-02, -1.920754E-02, 1.7646790E-01
4.05381E-08, -3.233396E-02, -1.878600E-02, 1.7659435E-01
4.05443E-08, -3.075318E-02, -1.815369E-02, 1.7676297E-01
4.05506E-08, -3.075318E-02, -1.783753E-02, 1.7688943E-01
4.05568E-08, -2.969932E-02, -1.752138E-02, 1.7710020E-01
4.05631E-08, -2.759161E-02, -1.731060E-02, 1.7722666E-01
4.05693E-08, -2.759161E-02, -1.720522E-02, 1.7726882E-01
4.05756E-08, -2.495697E-02, -1.709983E-02, 1.7739528E-01
4.05818E-08, -2.337619E-02, -1.720522E-02, 1.7756391E-01
4.05881E-08, -2.179541E-02, -1.720522E-02, 1.7760606E-01
4.05943E-08, -1.968769E-02, -1.741599E-02, 1.7777467E-01
4.06006E-08, -1.757998E-02, -1.752138E-02, 1.7769036E-01
4.06068E-08, -1.494534E-02, -1.783753E-02, 1.7773251E-01
4.06131E-08, -1.336456E-02, -1.815369E-02, 1.7773251E-01
4.06193E-08, -1.020299E-02, -1.868062E-02, 1.7773251E-01
4.06256E-08, -7.04142E-03, -1.889139E-02, 1.7756391E-01
4.06318E-08, -5.46064E-03, -1.952370E-02, 1.7752175E-01
4.06381E-08, -2.82600E-03, -1.994525E-02, 1.7752175E-01
4.06443E-08, -1.9136E-04, -2.047217E-02, 1.7739528E-01
4.06506E-08, 2.44328E-03, -2.089372E-02, 1.7722666E-01
4.06568E-08, 5.60485E-03, -2.142064E-02, 1.7705806E-01
4.06631E-08, 7.18563E-03, -2.184219E-02, 1.7693159E-01
4.06693E-08, 9.29334E-03, -2.205296E-02, 1.7672081E-01
4.06756E-08, 1.034720E-02, -2.226373E-02, 1.7651005E-01
4.06818E-08, 1.192798E-02, -2.247450E-02, 1.7638358E-01
4.06881E-08, 1.298183E-02, -2.268527E-02, 1.7613065E-01
4.06943E-08, 1.298183E-02, -2.279066E-02, 1.7591989E-01
4.07006E-08, 1.245491E-02, -2.279066E-02, 1.7575127E-01
4.07068E-08, 1.298183E-02, -2.257988E-02, 1.7562480E-01
4.07131E-08, 1.140105E-02, -2.215834E-02, 1.7541404E-01
4.07193E-08, 9.82027E-03, -2.173680E-02, 1.7524542E-01
4.07256E-08, 7.71256E-03, -2.131526E-02, 1.7503464E-01
4.07318E-08, 6.13177E-03, -2.078833E-02, 1.7495033E-01
4.07381E-08, 2.44328E-03, -2.026140E-02, 1.7490818E-01
4.07443E-08, -7.1829E-04, -1.941832E-02, 1.7478172E-01
4.07506E-08, -3.87986E-03, -1.868062E-02, 1.7469741E-01
4.07568E-08, -8.62221E-03, -1.783753E-02, 1.7473957E-01
4.07631E-08, -1.336456E-02, -1.688906E-02, 1.7478172E-01
4.07693E-08, -1.757998E-02, -1.604598E-02, 1.7473957E-01
4.07756E-08, -2.337619E-02, -1.488674E-02, 1.7478172E-01
4.07818E-08, -2.917239E-02, -1.404365E-02, 1.7490818E-01
4.07881E-08, -3.338782E-02, -1.298980E-02, 1.7499249E-01
4.07943E-08, -3.971095E-02, -1.235748E-02, 1.7511895E-01
4.08006E-08, -4.445330E-02, -1.119824E-02, 1.7528757E-01
4.08068E-08, -4.919565E-02, -1.035516E-02, 1.7558265E-01
4.08131E-08, -5.446493E-02, -9.61746E-03, 1.7575127E-01
4.08193E-08, -5.815343E-02, -8.98515E-03, 1.7600419E-01
4.08256E-08, -6.342271E-02, -8.24745E-03, 1.7621496E-01
4.08318E-08, -6.711120E-02, -7.82590E-03, 1.7642574E-01
4.08381E-08, -7.027277E-02, -7.40436E-03, 1.7667866E-01
4.08443E-08, -7.448819E-02, -7.19359E-03, 1.7688943E-01
4.08506E-08, -7.659590E-02, -6.87743E-03, 1.7722666E-01
4.08568E-08, -7.923055E-02, -6.87743E-03, 1.7739528E-01
4.08631E-08, -8.081133E-02, -6.87743E-03, 1.7769036E-01
4.08693E-08, -8.344597E-02, -6.98282E-03, 1.7785898E-01
4.08756E-08, -8.397289E-02, -7.29898E-03, 1.7815405E-01
4.08818E-08, -8.344597E-02, -7.61513E-03, 1.7836483E-01
4.08881E-08, -8.502675E-02, -7.82590E-03, 1.7857561E-01
4.08943E-08, -8.397289E-02, -8.45822E-03, 1.7874421E-01
4.09006E-08, -8.397289E-02, -8.98515E-03, 1.7891283E-01
4.09068E-08, -8.397289E-02, -9.51207E-03, 1.7899714E-01
4.09131E-08, -8.186518E-02, -1.003900E-02, 1.7912361E-01
4.09193E-08, -8.081133E-02, -1.077670E-02, 1.7925006E-01
4.09256E-08, -7.975747E-02, -1.130363E-02, 1.7937653E-01
4.09318E-08, -7.764976E-02, -1.193594E-02, 1.7941868E-01
4.09381E-08, -7.554205E-02, -1.235748E-02, 1.7954515E-01
4.09443E-08, -7.343434E-02, -1.320057E-02, 1.7958730E-01
4.09506E-08, -7.238048E-02, -1.351672E-02, 1.7958730E-01
4.09568E-08, -7.027277E-02, -1.404365E-02, 1.7962946E-01
4.09631E-08, -6.816506E-02, -1.446519E-02, 1.7958730E-01
4.09693E-08, -6.605735E-02, -1.478135E-02, 1.7958730E-01
4.09756E-08, -6.500349E-02, -1.488674E-02, 1.7958730E-01
4.09818E-08, -6.342271E-02, -1.509751E-02, 1.7954515E-01
4.09881E-08, -6.026114E-02, -1.520289E-02, 1.7946084E-01
4.09943E-08, -5.973421E-02, -1.520289E-02, 1.7941868E-01
4.10006E-08, -5.868036E-02, -1.520289E-02, 1.7933437E-01
4.10068E-08, -5.762650E-02, -1.509751E-02, 1.7933437E-01
4.10131E-08, -5.551879E-02, -1.509751E-02, 1.7920792E-01
4.10193E-08, -5.499186E-02, -1.488674E-02, 1.7925006E-01
4.10256E-08, -5.393801E-02, -1.457058E-02, 1.7912361E-01
4.10318E-08, -5.341108E-02, -1.446519E-02, 1.7903930E-01
4.10381E-08, -5.288415E-02, -1.383288E-02, 1.7895499E-01
4.10443E-08, -5.235722E-02, -1.383288E-02, 1.7887068E-01
4.10506E-08, -5.130336E-02, -1.341134E-02, 1.7874421E-01
4.10568E-08, -5.077644E-02, -1.309518E-02, 1.7861776E-01
4.10631E-08, -5.024951E-02, -1.277903E-02, 1.7853345E-01
4.10693E-08, -5.077644E-02, -1.256825E-02, 1.7840698E-01
4.10756E-08, -4.972258E-02, -1.225210E-02, 1.7832267E-01
4.10818E-08, -5.024951E-02, -1.204133E-02, 1.7819621E-01
4.10881E-08, -4.866873E-02, -1.204133E-02, 1.7802760E-01
4.10943E-08, -4.866873E-02, -1.204133E-02, 1.7802760E-01
4.11006E-08, -4.866873E-02, -1.183056E-02, 1.7794329E-01
4.11068E-08, -4.866873E-02, -1.193594E-02, 1.7785898E-01
4.11131E-08, -4.866873E-02, -1.183056E-02, 1.7773251E-01
4.11193E-08, -4.919565E-02, -1.214671E-02, 1.7764820E-01
4.11256E-08, -4.919565E-02, -1.225210E-02, 1.7752175E-01
4.11318E-08, -4.972258E-02, -1.235748E-02, 1.7747959E-01
4.11381E-08, -4.972258E-02, -1.267364E-02, 1.7731097E-01
4.11443E-08, -4.972258E-02, -1.277903E-02, 1.7731097E-01
4.11506E-08, -5.183030E-02, -1.298980E-02, 1.7722666E-01
4.11568E-08, -5.235722E-02, -1.330595E-02, 1.7710020E-01
4.11631E-08, -5.288415E-02, -1.351672E-02, 1.7705806E-01
4.11693E-08, -5.446493E-02, -1.362211E-02, 1.7710020E-01
4.11756E-08, -5.551879E-02, -1.372750E-02, 1.7701590E-01
4.11818E-08, -5.657265E-02, -1.372750E-02, 1.7701590E-01
4.11881E-08, -5.815343E-02, -1.362211E-02, 1.7697375E-01
4.11943E-08, -6.026114E-02, -1.362211E-02, 1.7705806E-01
4.12006E-08, -6.236885E-02, -1.372750E-02, 1.7705806E-01
4.12068E-08, -6.394964E-02, -1.330595E-02, 1.7701590E-01
4.12131E-08, -6.553042E-02, -1.298980E-02, 1.7705806E-01
4.12193E-08, -6.763813E-02, -1.277903E-02, 1.7701590E-01
4.12256E-08, -6.974584E-02, -1.256825E-02, 1.7710020E-01
4.12318E-08, -7.185356E-02, -1.204133E-02, 1.7710020E-01
4.12381E-08, -7.290741E-02, -1.151440E-02, 1.7714235E-01
4.12443E-08, -7.396127E-02, -1.109286E-02, 1.7714235E-01
4.12506E-08, -7.554205E-02, -1.035516E-02, 1.7726882E-01
4.12568E-08, -7.764976E-02, -9.72284E-03, 1.7718451E-01
4.12631E-08, -7.870361E-02, -9.09053E-03, 1.7722666E-01
4.12693E-08, -8.081133E-02, -8.35283E-03, 1.7722666E-01
4.12756E-08, -8.081133E-02, -7.61513E-03, 1.7722666E-01
4.12818E-08, -8.133826E-02, -7.08820E-03, 1.7726882E-01
4.12881E-08, -8.186518E-02, -6.24512E-03, 1.7718451E-01
4.12943E-08, -8.239211E-02, -5.82358E-03, 1.7718451E-01
4.13006E-08, -8.239211E-02, -4.98049E-03, 1.7714235E-01
4.13068E-08, -8.133826E-02, -4.76972E-03, 1.7710020E-01
4.13131E-08, -8.133826E-02, -4.13741E-03, 1.7693159E-01
4.13193E-08, -7.975747E-02, -3.82125E-03, 1.7697375E-01
4.13256E-08, -7.764976E-02, -3.50509E-03, 1.7688943E-01
4.13318E-08, -7.554205E-02, -3.08355E-03, 1.7663650E-01
4.13381E-08, -7.448819E-02, -2.97817E-03, 1.7655219E-01
4.13443E-08, -7.238048E-02, -3.08355E-03, 1.7642574E-01
4.13506E-08, -6.974584E-02, -2.76740E-03, 1.7634143E-01
4.13568E-08, -6.605735E-02, -2.97817E-03, 1.7621496E-01
4.13631E-08, -6.289578E-02, -3.08355E-03, 1.7613065E-01
4.13693E-08, -6.078807E-02, -3.18894E-03, 1.7600419E-01
4.13756E-08, -5.815343E-02, -3.39971E-03, 1.7587774E-01
4.13818E-08, -5.393801E-02, -3.71587E-03, 1.7583558E-01
4.13881E-08, -5.077644E-02, -4.13741E-03, 1.7579342E-01
4.13943E-08, -4.656101E-02, -4.45356E-03, 1.7570911E-01
4.14006E-08, -4.392638E-02, -4.87511E-03, 1.7570911E-01
4.14068E-08, -4.023788E-02, -5.19126E-03, 1.7570911E-01
4.14131E-08, -3.760324E-02, -5.40204E-03, 1.7575127E-01
4.14193E-08, -3.496860E-02, -5.92896E-03, 1.7579342E-01
4.14256E-08, -3.233396E-02, -6.24512E-03, 1.7579342E-01
4.14318E-08, -3.022625E-02, -6.45589E-03, 1.7600419E-01
4.14381E-08, -2.811854E-02, -6.77205E-03, 1.7617281E-01
4.14443E-08, -2.759161E-02, -6.98282E-03, 1.7629927E-01
4.14506E-08, -2.653776E-02, -7.19359E-03, 1.7651005E-01
4.14568E-08, -2.706468E-02, -7.29898E-03, 1.7667866E-01
4.14631E-08, -2.706468E-02, -7.40436E-03, 1.7693159E-01
4.14693E-08, -2.653776E-02, -7.19359E-03, 1.7718451E-01
4.14756E-08, -2.864547E-02, -7.50975E-03, 1.7743744E-01
4.14818E-08, -2.969932E-02, -7.29898E-03, 1.7781682E-01
4.14881E-08, -3.180704E-02, -7.08820E-03, 1.7798544E-01
4.14943E-08, -3.496860E-02, -7.19359E-03, 1.7836483E-01
4.15006E-08, -3.760324E-02, -7.08820E-03, 1.7865992E-01
4.15068E-08, -3.971095E-02, -7.19359E-03, 1.7899714E-01
4.15131E-08, -4.445330E-02, -6.98282E-03, 1.7920792E-01
4.15193E-08, -4.866873E-02, -6.87743E-03, 1.7958730E-01
4.15256E-08, -5.235722E-02, -7.08820E-03, 1.7979807E-01
4.15318E-08, -5.709957E-02, -7.19359E-03, 1.8005100E-01
4.15381E-08, -6.131500E-02, -7.29898E-03, 1.8017747E-01
4.15443E-08, -6.605735E-02, -7.40436E-03, 1.8043038E-01
4.15506E-08, -7.027277E-02, -7.82590E-03, 1.8059900E-01
4.15568E-08, -7.554205E-02, -8.24745E-03, 1.8076763E-01
4.15631E-08, -7.817668E-02, -8.56360E-03, 1.8085194E-01
4.15693E-08, -8.186518E-02, -9.19592E-03, 1.8085194E-01
4.15756E-08, -8.608060E-02, -9.82823E-03, 1.8093623E-01
4.15818E-08, -8.871525E-02, -1.067131E-02, 1.8097839E-01
4.15881E-08, -9.187681E-02, -1.119824E-02, 1.8089408E-01
4.15943E-08, -9.293067E-02, -1.214671E-02, 1.8089408E-01
4.16006E-08, -9.398452E-02, -1.309518E-02, 1.8072547E-01
4.16068E-08, -9.451145E-02, -1.404365E-02, 1.8068331E-01
4.16131E-08, -9.398452E-02, -1.499212E-02, 1.8051469E-01
4.16193E-08, -9.293067E-02, -1.615136E-02, 1.8034607E-01
4.16256E-08, -9.187681E-02, -1.709983E-02, 1.8021962E-01
4.16318E-08, -8.871525E-02, -1.815369E-02, 1.7996669E-01
4.16381E-08, -8.660753E-02, -1.920754E-02, 1.7975593E-01
4.16443E-08, -8.291904E-02, -1.983986E-02, 1.7958730E-01
4.16506E-08, -7.764976E-02, -2.068294E-02, 1.7937653E-01
4.16568E-08, -7.238048E-02, -2.173680E-02, 1.7920792E-01
4.16631E-08, -6.711120E-02, -2.247450E-02, 1.7891283E-01
4.16693E-08, -6.131500E-02, -2.321220E-02, 1.7878637E-01
4.16756E-08, -5.499186E-02, -2.373913E-02, 1.7857561E-01
4.16818E-08, -4.814180E-02, -2.416067E-02, 1.7844914E-01
4.16881E-08, -4.287252E-02, -2.437144E-02, 1.7828052E-01
4.16943E-08, -3.602246E-02, -2.458221E-02, 1.7819621E-01
4.17006E-08, -3.022625E-02, -2.458221E-02, 1.7811191E-01
4.17068E-08, -2.548390E-02, -2.437144E-02, 1.7802760E-01
4.17131E-08, -1.916077E-02, -2.426605E-02, 1.7802760E-01
4.17193E-08, -1.336456E-02, -2.405528E-02, 1.7802760E-01
4.17256E-08, -9.14914E-03, -2.342297E-02, 1.7811191E-01
4.17318E-08, -5.98757E-03, -2.300143E-02, 1.7823836E-01
4.17381E-08, -3.35293E-03, -2.247450E-02, 1.7832267E-01
4.17443E-08, 3.3557E-04, -2.173680E-02, 1.7849129E-01
4.17506E-08, 1.91635E-03, -2.099910E-02, 1.7874421E-01
4.17568E-08, 1.38942E-03, -2.036679E-02, 1.7899714E-01
4.17631E-08, 3.3557E-04, -1.952370E-02, 1.7920792E-01
4.17693E-08, -7.1829E-04, -1.868062E-02, 1.7950299E-01
4.17756E-08, -4.40678E-03, -1.794292E-02, 1.7988238E-01
4.17818E-08, -7.04142E-03, -1.731060E-02, 1.8026178E-01
4.17881E-08, -1.072992E-02, -1.625675E-02, 1.8055685E-01
4.17943E-08, -1.705305E-02, -1.583521E-02, 1.8102054E-01
4.18006E-08, -2.284926E-02, -1.530828E-02, 1.8135779E-01
4.18068E-08, -2.969932E-02, -1.467597E-02, 1.8169501E-01
4.18131E-08, -3.602246E-02, -1.425442E-02, 1.8215871E-01
4.18193E-08, -4.339945E-02, -1.393827E-02, 1.8253809E-01
4.18256E-08, -5.077644E-02, -1.351672E-02, 1.8287534E-01
4.18318E-08, -5.920728E-02, -1.341134E-02, 1.8325472E-01
4.18381E-08, -6.763813E-02, -1.330595E-02, 1.8359195E-01
4.18443E-08, -7.396127E-02, -1.320057E-02, 1.8388703E-01
4.18506E-08, -8.239211E-02, -1.320057E-02, 1.8413995E-01
4.18568E-08, -8.976910E-02, -1.341134E-02, 1.8430857E-01
4.18631E-08, -9.661917E-02, -1.351672E-02, 1.8451935E-01
4.18693E-08, -1.0241537E-01, -1.372750E-02, 1.8468796E-01
4.18756E-08, -1.0821158E-01, -1.383288E-02, 1.8477227E-01
4.18818E-08, -1.1295393E-01, -1.414904E-02, 1.8489873E-01
4.18881E-08, -1.1558857E-01, -1.404365E-02, 1.8477227E-01
4.18943E-08, -1.1927706E-01, -1.435981E-02, 1.8477227E-01
4.19006E-08, -1.2085784E-01, -1.446519E-02, 1.8468796E-01
4.19068E-08, -1.2138478E-01, -1.457058E-02, 1.8456151E-01
4.19131E-08, -1.2085784E-01, -1.435981E-02, 1.8439288E-01
4.19193E-08, -1.2033091E-01, -1.446519E-02, 1.8409781E-01
4.19256E-08, -1.1822321E-01, -1.446519E-02, 1.8380272E-01
4.19318E-08, -1.1558857E-01, -1.425442E-02, 1.8354981E-01
4.19381E-08, -1.1137314E-01, -1.404365E-02, 1.8329687E-01
4.19443E-08, -1.0715772E-01, -1.351672E-02, 1.8300180E-01
4.19506E-08, -1.0030766E-01, -1.277903E-02, 1.8258025E-01
4.19568E-08, -9.556530E-02, -1.235748E-02, 1.8228517E-01
4.19631E-08, -8.924218E-02, -1.172517E-02, 1.8199009E-01
4.19693E-08, -8.186518E-02, -1.098747E-02, 1.8165286E-01
4.19756E-08, -7.501512E-02, -1.014439E-02, 1.8135779E-01
4.19818E-08, -6.816506E-02, -9.40669E-03, 1.8114701E-01
4.19881E-08, -6.131500E-02, -8.24745E-03, 1.8085194E-01
4.19943E-08, -5.341108E-02, -7.40436E-03, 1.8076763E-01
4.20006E-08, -4.656101E-02, -6.45589E-03, 1.8051469E-01
4.20068E-08, -3.971095E-02, -5.50742E-03, 1.8047254E-01
4.20131E-08, -3.391474E-02, -4.34818E-03, 1.8047254E-01
4.20193E-08, -2.811854E-02, -3.39971E-03, 1.8047254E-01
4.20256E-08, -2.179541E-02, -2.55662E-03, 1.8051469E-01
4.20318E-08, -1.757998E-02, -1.71354E-03, 1.8068331E-01
4.20381E-08, -1.389149E-02, -9.7584E-04, 1.8085194E-01
4.20443E-08, -1.072992E-02, -2.3814E-04, 1.8114701E-01
4.20506E-08, -7.04142E-03, 3.9417E-04, 1.8144208E-01
4.20568E-08, -5.46064E-03, 9.2110E-04, 1.8173717E-01
4.20631E-08, -3.35293E-03, 1.23726E-03, 1.8207440E-01
4.20693E-08, -1.77215E-03, 1.55341E-03, 1.8245380E-01
4.20756E-08, -1.77215E-03, 1.65880E-03, 1.8287534E-01
4.20818E-08, -1.24522E-03, 1.44803E-03, 1.8329687E-01
4.20881E-08, -2.29907E-03, 1.44803E-03, 1.8371841E-01
4.20943E-08, -2.29907E-03, 1.23726E-03, 1.8418211E-01
4.21006E-08, -4.93371E-03, 1.02648E-03, 1.8456151E-01
4.21068E-08, -5.98757E-03, 6.0494E-04, 1.8502520E-01
4.21131E-08, -6.51450E-03, 7.801E-05, 1.8532027E-01
4.21193E-08, -9.14914E-03, -5.5430E-04, 1.8561536E-01
4.21256E-08, -1.125685E-02, -1.18661E-03, 1.8591043E-01
4.21318E-08, -1.283763E-02, -1.71354E-03, 1.8612121E-01
4.21381E-08, -1.441841E-02, -2.76740E-03, 1.8628983E-01
4.21443E-08, -1.599920E-02, -3.61048E-03, 1.8637413E-01
4.21506E-08, -1.810691E-02, -4.24279E-03, 1.8645844E-01
4.21568E-08, -1.968769E-02, -5.19126E-03, 1.8637413E-01
4.21631E-08, -2.021462E-02, -5.92896E-03, 1.8624768E-01
4.21693E-08, -2.126848E-02, -6.66666E-03, 1.8607906E-01
4.21756E-08, -2.179541E-02, -7.50975E-03, 1.8591043E-01
4.21818E-08, -2.232233E-02, -8.03667E-03, 1.8561536E-01
4.21881E-08, -2.232233E-02, -8.66899E-03, 1.8519382E-01
4.21943E-08, -2.443004E-02, -9.19592E-03, 1.8485658E-01
4.22006E-08, -2.284926E-02, -9.40669E-03, 1.8447720E-01
4.22068E-08, -2.232233E-02, -9.72284E-03, 1.8401350E-01
4.22131E-08, -2.232233E-02, -9.82823E-03, 1.8346550E-01
4.22193E-08, -2.232233E-02, -9.93362E-03, 1.8300180E-01
4.22256E-08, -2.284926E-02, -9.93362E-03, 1.8249594E-01
4.22318E-08, -2.179541E-02, -9.93362E-03, 1.8194795E-01
4.22381E-08, -2.284926E-02, -9.61746E-03, 1.8148424E-01
4.22443E-08, -2.337619E-02, -9.30130E-03, 1.8106270E-01
4.22506E-08, -2.337619E-02, -8.77437E-03, 1.8051469E-01
4.22568E-08, -2.337619E-02, -8.14206E-03, 1.8013531E-01
4.22631E-08, -2.495697E-02, -7.61513E-03, 1.7971377E-01
4.22693E-08, -2.548390E-02, -6.98282E-03, 1.7950299E-01
4.22756E-08, -2.706468E-02, -6.45589E-03, 1.7912361E-01
4.22818E-08, -2.917239E-02, -5.40204E-03, 1.7891283E-01
4.22881E-08, -3.022625E-02, -4.66434E-03, 1.7870206E-01
4.22943E-08, -3.338782E-02, -3.82125E-03, 1.7861776E-01
4.23006E-08, -3.654939E-02, -2.97817E-03, 1.7840698E-01
4.23068E-08, -3.918403E-02, -2.13508E-03, 1.7836483E-01
4.23131E-08, -4.181866E-02, -1.39738E-03, 1.7836483E-01
4.23193E-08, -4.550716E-02, -3.4353E-04, 1.7849129E-01
4.23256E-08, -4.919565E-02, 4.9956E-04, 1.7857561E-01
4.23318E-08, -5.288415E-02, 1.23726E-03, 1.7857561E-01
4.23381E-08, -5.709957E-02, 1.86957E-03, 1.7878637E-01
4.23443E-08, -6.131500E-02, 2.60727E-03, 1.7887068E-01
4.23506E-08, -6.553042E-02, 3.34497E-03, 1.7899714E-01
4.23568E-08, -6.921891E-02, 3.76651E-03, 1.7920792E-01
4.23631E-08, -7.185356E-02, 4.29344E-03, 1.7933437E-01
4.23693E-08, -7.606898E-02, 4.71498E-03, 1.7937653E-01
4.23756E-08, -7.975747E-02, 4.92575E-03, 1.7954515E-01
4.23818E-08, -8.186518E-02, 5.24191E-03, 1.7962946E-01
4.23881E-08, -8.449982E-02, 5.45268E-03, 1.7971377E-01
4.23943E-08, -8.660753E-02, 5.55806E-03, 1.7979807E-01
4.24006E-08, -8.924218E-02, 5.45268E-03, 1.7971377E-01
4.24068E-08, -8.976910E-02, 5.55806E-03, 1.7971377E-01
4.24131E-08, -9.134988E-02, 5.34729E-03, 1.7962946E-01
4.24193E-08, -9.187681E-02, 4.92575E-03, 1.7954515E-01
4.24256E-08, -9.134988E-02, 4.92575E-03, 1.7941868E-01
4.24318E-08, -9.134988E-02, 4.60959E-03, 1.7920792E-01
4.24381E-08, -9.029603E-02, 4.29344E-03, 1.7916577E-01
4.24443E-08, -8.818832E-02, 3.87190E-03, 1.7895499E-01
4.24506E-08, -8.660753E-02, 3.34497E-03, 1.7874421E-01
4.24568E-08, -8.397289E-02, 3.02881E-03, 1.7857561E-01
4.24631E-08, -8.081133E-02, 2.50188E-03, 1.7840698E-01
4.24693E-08, -7.817668E-02, 2.18573E-03, 1.7823836E-01
4.24756E-08, -7.501512E-02, 1.65880E-03, 1.7802760E-01
4.24818E-08, -7.027277E-02, 1.44803E-03, 1.7790113E-01
4.24881E-08, -6.658427E-02, 1.02648E-03, 1.7769036E-01
4.24943E-08, -6.289578E-02, 7.1033E-04, 1.7760606E-01
4.25006E-08, -5.868036E-02, 3.9417E-04, 1.7752175E-01
4.25068E-08, -5.499186E-02, 1.8340E-04, 1.7747959E-01
4.25131E-08, -4.972258E-02, -2.737E-05, 1.7752175E-01
4.25193E-08, -4.656101E-02, -2.3814E-04, 1.7756391E-01
4.25256E-08, -4.181866E-02, -3.4353E-04, 1.7760606E-01
4.25318E-08, -3.865710E-02, -4.4891E-04, 1.7781682E-01
4.25381E-08, -3.602246E-02, -6.5968E-04, 1.7794329E-01
4.25443E-08, -3.286089E-02, -4.4891E-04, 1.7806976E-01
4.25506E-08, -3.022625E-02, -5.5430E-04, 1.7836483E-01
4.25568E-08, -2.759161E-02, -5.5430E-04, 1.7857561E-01
4.25631E-08, -2.601083E-02, -1.3276E-04, 1.7878637E-01
4.25693E-08, -2.443004E-02, -2.737E-05, 1.7903930E-01
4.25756E-08, -2.390312E-02, 7.801E-05, 1.7946084E-01
4.25818E-08, -2.337619E-02, 7.801E-05, 1.7967162E-01
4.25881E-08, -2.390312E-02, 6.0494E-04, 1.8000884E-01
4.25943E-08, -2.443004E-02, 8.1571E-04, 1.8021962E-01
4.26006E-08, -2.601083E-02, 1.02648E-03, 1.8051469E-01
4.26068E-08, -2.653776E-02, 1.13187E-03, 1.8076763E-01
4.26131E-08, -2.917239E-02, 1.34264E-03, 1.8089408E-01
4.26193E-08, -3.022625E-02, 1.55341E-03, 1.8114701E-01
4.26256E-08, -3.391474E-02, 1.65880E-03, 1.8127348E-01
4.26318E-08, -3.602246E-02, 1.55341E-03, 1.8135779E-01
4.26381E-08, -3.918403E-02, 1.76418E-03, 1.8135779E-01
4.26443E-08, -4.234559E-02, 1.76418E-03, 1.8144208E-01
4.26506E-08, -4.445330E-02, 1.65880E-03, 1.8131563E-01
4.26568E-08, -4.708794E-02, 1.44803E-03, 1.8131563E-01
4.26631E-08, -5.024951E-02, 1.23726E-03, 1.8114701E-01
4.26693E-08, -5.235722E-02, 1.02648E-03, 1.8102054E-01
4.26756E-08, -5.499186E-02, 7.1033E-04, 1.8089408E-01
4.26818E-08, -5.762650E-02, 2.8879E-04, 1.8064116E-01
4.26881E-08, -5.920728E-02, -3.4353E-04, 1.8038823E-01
4.26943E-08, -6.026114E-02, -7.6507E-04, 1.8009315E-01
4.27006E-08, -6.131500E-02, -1.50277E-03, 1.7984022E-01
4.27068E-08, -6.184192E-02, -2.02970E-03, 1.7958730E-01
4.27131E-08, -6.184192E-02, -2.76740E-03, 1.7929222E-01
4.27193E-08, -6.184192E-02, -3.71587E-03, 1.7903930E-01
4.27256E-08, -6.131500E-02, -4.45356E-03, 1.7882852E-01
4.27318E-08, -5.973421E-02, -5.29665E-03, 1.7853345E-01
4.27381E-08, -5.868036E-02, -6.13973E-03, 1.7836483E-01
4.27443E-08, -5.657265E-02, -7.08820E-03, 1.7819621E-01
4.27506E-08, -5.446493E-02, -7.72052E-03, 1.7794329E-01
4.27568E-08, -5.183030E-02, -8.66899E-03, 1.7785898E-01
4.27631E-08, -4.972258E-02, -9.30130E-03, 1.7777467E-01
4.27693E-08, -4.656101E-02, -1.014439E-02, 1.7773251E-01
4.27756E-08, -4.392638E-02, -1.067131E-02, 1.7769036E-01
4.27818E-08, -4.129174E-02, -1.140901E-02, 1.7769036E-01
4.27881E-08, -3.813017E-02, -1.193594E-02, 1.7781682E-01
4.27943E-08, -3.496860E-02, -1.246287E-02, 1.7794329E-01
4.28006E-08, -3.233396E-02, -1.288441E-02, 1.7802760E-01
4.28068E-08, -3.075318E-02, -1.320057E-02, 1.7815405E-01
4.28131E-08, -2.759161E-02, -1.320057E-02, 1.7828052E-01
4.28193E-08, -2.601083E-02, -1.330595E-02, 1.7861776E-01
4.28256E-08, -2.495697E-02, -1.341134E-02, 1.7874421E-01
4.28318E-08, -2.337619E-02, -1.341134E-02, 1.7891283E-01
4.28381E-08, -2.337619E-02, -1.320057E-02, 1.7916577E-01
4.28443E-08, -2.390312E-02, -1.309518E-02, 1.7937653E-01
4.28506E-08, -2.232233E-02, -1.267364E-02, 1.7962946E-01
4.28568E-08, -2.443004E-02, -1.225210E-02, 1.7984022E-01
4.28631E-08, -2.495697E-02, -1.172517E-02, 1.8005100E-01
4.28693E-08, -2.548390E-02, -1.119824E-02, 1.8021962E-01
4.28756E-08, -2.759161E-02, -1.056593E-02, 1.8038823E-01
4.28818E-08, -3.075318E-02, -9.82823E-03, 1.8055685E-01
4.28881E-08, -3.075318E-02, -9.09053E-03, 1.8072547E-01
4.28943E-08, -3.391474E-02, -8.66899E-03, 1.8085194E-01
4.29006E-08, -3.602246E-02, -7.93129E-03, 1.8080978E-01
4.29068E-08, -3.760324E-02, -7.29898E-03, 1.8089408E-01
4.29131E-08, -3.918403E-02, -6.56128E-03, 1.8097839E-01
4.29193E-08, -4.181866E-02, -5.82358E-03, 1.8102054E-01
4.29256E-08, -4.339945E-02, -5.40204E-03, 1.8097839E-01
4.29318E-08, -4.445330E-02, -5.08588E-03, 1.8093623E-01
4.29381E-08, -4.603409E-02, -4.66434E-03, 1.8093623E-01
4.29443E-08, -4.656101E-02, -4.24279E-03, 1.8089408E-01
4.29506E-08, -4.656101E-02, -3.92664E-03, 1.8076763E-01
4.29568E-08, -4.603409E-02, -3.92664E-03, 1.8076763E-01
4.29631E-08, -4.603409E-02, -3.61048E-03, 1.8064116E-01
4.29693E-08, -4.550716E-02, -3.82125E-03, 1.8068331E-01
4.29756E-08, -4.392638E-02, -3.92664E-03, 1.8059900E-01
4.29818E-08, -4.181866E-02, -4.34818E-03, 1.8055685E-01
4.29881E-08, -4.023788E-02, -4.66434E-03, 1.8051469E-01
4.29943E-08, -3.707631E-02, -4.98049E-03, 1.8047254E-01
4.30006E-08, -3.338782E-02, -5.71819E-03, 1.8047254E-01
4.30068E-08, -3.180704E-02, -6.35051E-03, 1.8047254E-01
4.30131E-08, -2.811854E-02, -6.87743E-03, 1.8051469E-01
4.30193E-08, -2.495697E-02, -7.72052E-03, 1.8051469E-01
4.30256E-08, -2.126848E-02, -8.56360E-03, 1.8051469E-01
4.30318E-08, -1.863384E-02, -9.40669E-03, 1.8059900E-01
4.30381E-08, -1.547227E-02, -1.035516E-02, 1.8068331E-01
4.30443E-08, -1.231070E-02, -1.119824E-02, 1.8076763E-01
4.30506E-08, -9.14914E-03, -1.193594E-02, 1.8080978E-01
4.30568E-08, -7.56835E-03, -1.288441E-02, 1.8089408E-01
4.30631E-08, -7.04142E-03, -1.362211E-02, 1.8093623E-01
4.30693E-08, -4.40678E-03, -1.435981E-02, 1.8106270E-01
4.30756E-08, -3.87986E-03, -1.488674E-02, 1.8106270E-01
4.30818E-08, -3.87986E-03, -1.572982E-02, 1.8123132E-01
4.30881E-08, -3.87986E-03, -1.594059E-02, 1.8118916E-01
4.30943E-08, -4.93371E-03, -1.636213E-02, 1.8127348E-01
4.31006E-08, -5.98757E-03, -1.667829E-02, 1.8123132E-01
4.31068E-08, -8.09528E-03, -1.667829E-02, 1.8123132E-01
4.31131E-08, -1.125685E-02, -1.657291E-02, 1.8123132E-01
4.31193E-08, -1.441841E-02, -1.646752E-02, 1.8114701E-01
4.31256E-08, -1.810691E-02, -1.615136E-02, 1.8114701E-01
4.31318E-08, -2.179541E-02, -1.551905E-02, 1.8097839E-01
4.31381E-08, -2.601083E-02, -1.509751E-02, 1.8097839E-01
4.31443E-08, -3.128011E-02, -1.404365E-02, 1.8080978E-01
4.31506E-08, -3.549553E-02, -1.320057E-02, 1.8068331E-01
4.31568E-08, -4.076481E-02, -1.225210E-02, 1.8043038E-01
4.31631E-08, -4.498023E-02, -1.088209E-02, 1.8021962E-01
4.31693E-08, -5.077644E-02, -9.93362E-03, 1.8005100E-01
4.31756E-08, -5.499186E-02, -8.45822E-03, 1.7984022E-01
4.31818E-08, -5.920728E-02, -7.29898E-03, 1.7958730E-01
4.31881E-08, -6.236885E-02, -5.82358E-03, 1.7929222E-01
4.31943E-08, -6.658427E-02, -4.66434E-03, 1.7916577E-01
4.32006E-08, -6.974584E-02, -3.08355E-03, 1.7891283E-01
4.32068E-08, -7.343434E-02, -1.50277E-03, 1.7865992E-01
4.32131E-08, -7.606898E-02, -2.3814E-04, 1.7840698E-01
4.32193E-08, -7.764976E-02, 1.13187E-03, 1.7828052E-01
4.32256E-08, -7.923055E-02, 2.39650E-03, 1.7811191E-01
4.32318E-08, -8.081133E-02, 3.66112E-03, 1.7794329E-01
4.32381E-08, -8.133826E-02, 4.71498E-03, 1.7781682E-01
4.32443E-08, -8.133826E-02, 5.55806E-03, 1.7769036E-01
4.32506E-08, -8.186518E-02, 6.29576E-03, 1.7764820E-01
4.32568E-08, -8.028440E-02, 6.92808E-03, 1.7769036E-01
4.32631E-08, -7.923055E-02, 7.56039E-03, 1.7764820E-01
4.32693E-08, -7.817668E-02, 7.98193E-03, 1.7769036E-01
4.32756E-08, -7.764976E-02, 8.08732E-03, 1.7777467E-01
4.32818E-08, -7.606898E-02, 8.29809E-03, 1.7798544E-01
4.32881E-08, -7.343434E-02, 8.19270E-03, 1.7815405E-01
4.32943E-08, -7.185356E-02, 7.77116E-03, 1.7832267E-01
4.33006E-08, -7.027277E-02, 7.24423E-03, 1.7861776E-01
4.33068E-08, -6.763813E-02, 6.71731E-03, 1.7887068E-01
4.33131E-08, -6.605735E-02, 6.19038E-03, 1.7912361E-01
4.33193E-08, -6.500349E-02, 5.55806E-03, 1.7954515E-01
4.33256E-08, -6.447656E-02, 4.60959E-03, 1.7979807E-01
4.33318E-08, -6.131500E-02, 3.66112E-03, 1.8021962E-01
4.33381E-08, -6.131500E-02, 2.71265E-03, 1.8055685E-01
4.33443E-08, -6.078807E-02, 1.55341E-03, 1.8093623E-01
4.33506E-08, -6.026114E-02, 7.1033E-04, 1.8139994E-01
4.33568E-08, -5.973421E-02, -4.4891E-04, 1.8177933E-01
4.33631E-08, -5.868036E-02, -1.50277E-03, 1.8220086E-01
4.33693E-08, -5.920728E-02, -2.55662E-03, 1.8262240E-01
4.33756E-08, -6.026114E-02, -3.61048E-03, 1.8295965E-01
4.33818E-08, -6.026114E-02, -4.45356E-03, 1.8329687E-01
4.33881E-08, -5.973421E-02, -5.29665E-03, 1.8359195E-01
4.33943E-08, -6.026114E-02, -6.03435E-03, 1.8388703E-01
4.34006E-08, -6.131500E-02, -6.77205E-03, 1.8413995E-01
4.34068E-08, -6.131500E-02, -7.19359E-03, 1.8435073E-01
4.34131E-08, -6.078807E-02, -7.72052E-03, 1.8447720E-01
4.34193E-08, -6.131500E-02, -8.14206E-03, 1.8464582E-01
4.34256E-08, -6.026114E-02, -8.14206E-03, 1.8473011E-01
4.34318E-08, -5.973421E-02, -8.35283E-03, 1.8477227E-01
4.34381E-08, -5.920728E-02, -8.45822E-03, 1.8473011E-01
4.34443E-08, -5.762650E-02, -8.14206E-03, 1.8468796E-01
4.34506E-08, -5.604572E-02, -8.03667E-03, 1.8451935E-01
4.34568E-08, -5.446493E-02, -7.72052E-03, 1.8443504E-01
4.34631E-08, -5.235722E-02, -7.40436E-03, 1.8426642E-01
4.34693E-08, -4.972258E-02, -7.08820E-03, 1.8401350E-01
4.34756E-08, -4.656101E-02, -6.56128E-03, 1.8380272E-01
4.34818E-08, -4.339945E-02, -6.13973E-03, 1.8350765E-01
4.34881E-08, -3.971095E-02, -5.40204E-03, 1.8321256E-01
4.34943E-08, -3.654939E-02, -4.98049E-03, 1.8287534E-01
4.35006E-08, -3.338782E-02, -4.66434E-03, 1.8249594E-01
4.35068E-08, -2.917239E-02, -4.03202E-03, 1.8224302E-01
4.35131E-08, -2.601083E-02, -3.50509E-03, 1.8182148E-01
4.35193E-08, -2.232233E-02, -3.18894E-03, 1.8156855E-01
4.35256E-08, -1.757998E-02, -2.55662E-03, 1.8118916E-01
4.35318E-08, -1.494534E-02, -2.24047E-03, 1.8085194E-01
4.35381E-08, -1.125685E-02, -2.02970E-03, 1.8072547E-01
4.35443E-08, -8.62221E-03, -1.81893E-03, 1.8034607E-01
4.35506E-08, -5.46064E-03, -1.71354E-03, 1.8009315E-01
4.35568E-08, -3.87986E-03, -1.60815E-03, 1.7984022E-01
4.35631E-08, -2.29907E-03, -1.39738E-03, 1.7979807E-01
4.35693E-08, -1.77215E-03, -1.71354E-03, 1.7958730E-01
4.35756E-08, -1.77215E-03, -1.60815E-03, 1.7958730E-01
4.35818E-08, -2.29907E-03, -2.02970E-03, 1.7954515E-01
4.35881E-08, -2.82600E-03, -2.02970E-03, 1.7962946E-01
4.35943E-08, -4.40678E-03, -2.24047E-03, 1.7967162E-01
4.36006E-08, -5.46064E-03, -2.66201E-03, 1.7984022E-01
4.36068E-08, -9.67606E-03, -2.87278E-03, 1.7984022E-01
4.36131E-08, -1.178377E-02, -3.29432E-03, 1.8005100E-01
4.36193E-08, -1.652613E-02, -3.82125E-03, 1.8030393E-01
4.36256E-08, -2.021462E-02, -4.03202E-03, 1.8055685E-01
4.36318E-08, -2.548390E-02, -4.55895E-03, 1.8085194E-01
4.36381E-08, -3.022625E-02, -4.98049E-03, 1.8114701E-01
4.36443E-08, -3.602246E-02, -5.40204E-03, 1.8148424E-01
4.36506E-08, -4.076481E-02, -5.71819E-03, 1.8177933E-01
4.36568E-08, -4.708794E-02, -6.03435E-03, 1.8220086E-01
4.36631E-08, -5.235722E-02, -6.24512E-03, 1.8249594E-01
4.36693E-08, -5.815343E-02, -6.66666E-03, 1.8283318E-01
4.36756E-08, -6.394964E-02, -6.98282E-03, 1.8317041E-01
4.36818E-08, -6.869198E-02, -7.19359E-03, 1.8350765E-01
4.36881E-08, -7.396127E-02, -7.19359E-03, 1.8380272E-01
4.36943E-08, -7.923055E-02, -7.50975E-03, 1.8405566E-01
4.37006E-08, -8.344597E-02, -7.72052E-03, 1.8439288E-01
4.37068E-08, -8.713446E-02, -7.82590E-03, 1.8464582E-01
4.37131E-08, -9.029603E-02, -7.82590E-03, 1.8473011E-01
4.37193E-08, -9.293067E-02, -8.14206E-03, 1.8494089E-01
4.37256E-08, -9.661917E-02, -8.14206E-03, 1.8498304E-01
4.37318E-08, -9.714609E-02, -8.24745E-03, 1.8506736E-01
4.37381E-08, -9.978073E-02, -8.35283E-03, 1.8510951E-01
4.37443E-08, -9.925380E-02, -8.56360E-03, 1.8494089E-01
4.37506E-08, -9.925380E-02, -8.66899E-03, 1.8494089E-01
4.37568E-08, -9.819995E-02, -8.98515E-03, 1.8477227E-01
4.37631E-08, -9.661917E-02, -9.30130E-03, 1.8456151E-01
4.37693E-08, -9.503838E-02, -9.40669E-03, 1.8430857E-01
4.37756E-08, -9.240374E-02, -9.82823E-03, 1.8401350E-01
4.37818E-08, -9.029603E-02, -1.003900E-02, 1.8376057E-01
4.37881E-08, -8.660753E-02, -1.046054E-02, 1.8333903E-01
4.37943E-08, -8.344597E-02, -1.067131E-02, 1.8300180E-01
4.38006E-08, -7.870361E-02, -1.109286E-02, 1.8253809E-01
4.38068E-08, -7.396127E-02, -1.172517E-02, 1.8211655E-01
4.38131E-08, -7.027277E-02, -1.193594E-02, 1.8165286E-01
4.38193E-08, -6.553042E-02, -1.246287E-02, 1.8118916E-01
4.38256E-08, -6.078807E-02, -1.309518E-02, 1.8072547E-01
4.38318E-08, -5.604572E-02, -1.351672E-02, 1.8026178E-01
4.38381E-08, -5.130336E-02, -1.414904E-02, 1.7975593E-01
4.38443E-08, -4.708794E-02, -1.446519E-02, 1.7925006E-01
4.38506E-08, -4.234559E-02, -1.499212E-02, 1.7882852E-01
4.38568E-08, -3.707631E-02, -1.551905E-02, 1.7844914E-01
4.38631E-08, -3.286089E-02, -1.572982E-02, 1.7811191E-01
4.38693E-08, -2.917239E-02, -1.615136E-02, 1.7769036E-01
4.38756E-08, -2.601083E-02, -1.657291E-02, 1.7726882E-01
4.38818E-08, -2.232233E-02, -1.699445E-02, 1.7701590E-01
4.38881E-08, -1.968769E-02, -1.720522E-02, 1.7672081E-01
4.38943E-08, -1.652613E-02, -1.741599E-02, 1.7655219E-01
4.39006E-08, -1.441841E-02, -1.752138E-02, 1.7646790E-01
4.39068E-08, -1.283763E-02, -1.762676E-02, 1.7629927E-01
4.39131E-08, -1.178377E-02, -1.731060E-02, 1.7617281E-01
4.39193E-08, -9.14914E-03, -1.752138E-02, 1.7629927E-01
4.39256E-08, -9.67606E-03, -1.731060E-02, 1.7634143E-01
4.39318E-08, -8.09528E-03, -1.731060E-02, 1.7642574E-01
4.39381E-08, -8.09528E-03, -1.699445E-02, 1.7659435E-01
4.39443E-08, -8.09528E-03, -1.657291E-02, 1.7680512E-01
4.39506E-08, -9.67606E-03, -1.636213E-02, 1.7693159E-01
4.39568E-08, -1.020299E-02, -1.636213E-02, 1.7735313E-01
4.39631E-08, -1.125685E-02, -1.615136E-02, 1.7764820E-01
4.39693E-08, -1.336456E-02, -1.562444E-02, 1.7802760E-01
4.39756E-08, -1.547227E-02, -1.541366E-02, 1.7832267E-01
4.39818E-08, -1.705305E-02, -1.509751E-02, 1.7878637E-01
4.39881E-08, -1.916077E-02, -1.488674E-02, 1.7920792E-01
4.39943E-08, -2.232233E-02, -1.435981E-02, 1.7967162E-01
4.40006E-08, -2.390312E-02, -1.425442E-02, 1.8017747E-01
4.40068E-08, -2.811854E-02, -1.404365E-02, 1.8064116E-01
4.40131E-08, -3.022625E-02, -1.383288E-02, 1.8097839E-01
4.40193E-08, -3.338782E-02, -1.362211E-02, 1.8148424E-01
4.40256E-08, -3.602246E-02, -1.362211E-02, 1.8186364E-01
4.40318E-08, -4.023788E-02, -1.362211E-02, 1.8224302E-01
4.40381E-08, -4.339945E-02, -1.341134E-02, 1.8262240E-01
4.40443E-08, -4.603409E-02, -1.362211E-02, 1.8295965E-01
4.40506E-08, -4.866873E-02, -1.372750E-02, 1.8325472E-01
4.40568E-08, -5.183030E-02, -1.383288E-02, 1.8354981E-01
4.40631E-08, -5.446493E-02, -1.404365E-02, 1.8367626E-01
4.40693E-08, -5.709957E-02, -1.414904E-02, 1.8384488E-01
4.40756E-08, -5.973421E-02, -1.446519E-02, 1.8401350E-01
4.40818E-08, -6.184192E-02, -1.467597E-02, 1.8405566E-01
4.40881E-08, -6.394964E-02, -1.499212E-02, 1.8405566E-01
4.40943E-08, -6.605735E-02, -1.541366E-02, 1.8405566E-01
4.41006E-08, -6.816506E-02, -1.583521E-02, 1.8392919E-01
4.41068E-08, -6.921891E-02, -1.604598E-02, 1.8384488E-01
4.41131E-08, -7.132663E-02, -1.636213E-02, 1.8363410E-01
4.41193E-08, -7.238048E-02, -1.678368E-02, 1.8346550E-01
4.41256E-08, -7.343434E-02, -1.688906E-02, 1.8321256E-01
4.41318E-08, -7.343434E-02, -1.720522E-02, 1.8300180E-01
4.41381E-08, -7.554205E-02, -1.762676E-02, 1.8279102E-01
4.41443E-08, -7.554205E-02, -1.762676E-02, 1.8253809E-01
4.41506E-08, -7.606898E-02, -1.794292E-02, 1.8211655E-01
4.41568E-08, -7.659590E-02, -1.804830E-02, 1.8186364E-01
4.41631E-08, -7.659590E-02, -1.815369E-02, 1.8165286E-01
4.41693E-08, -7.764976E-02, -1.836446E-02, 1.8127348E-01
4.41756E-08, -7.870361E-02, -1.836446E-02, 1.8110485E-01
4.41818E-08, -7.870361E-02, -1.846985E-02, 1.8076763E-01
4.41881E-08, -7.923055E-02, -1.825907E-02, 1.8059900E-01
4.41943E-08, -8.028440E-02, -1.857523E-02, 1.8038823E-01
4.42006E-08, -8.028440E-02, -1.846985E-02, 1.8017747E-01
4.42068E-08, -8.186518E-02, -1.846985E-02, 1.8013531E-01
4.42131E-08, -8.239211E-02, -1.825907E-02, 1.8005100E-01
4.42193E-08, -8.449982E-02, -1.825907E-02, 1.7996669E-01
4.42256E-08, -8.449982E-02, -1.804830E-02, 1.7996669E-01
4.42318E-08, -8.608060E-02, -1.804830E-02, 1.8000884E-01
4.42381E-08, -8.713446E-02, -1.804830E-02, 1.8009315E-01
4.42443E-08, -8.818832E-02, -1.804830E-02, 1.8013531E-01
4.42506E-08, -8.976910E-02, -1.804830E-02, 1.8030393E-01
4.42568E-08, -9.134988E-02, -1.804830E-02, 1.8043038E-01
4.42631E-08, -9.345759E-02, -1.804830E-02, 1.8064116E-01
4.42693E-08, -9.451145E-02, -1.815369E-02, 1.8093623E-01
4.42756E-08, -9.609224E-02, -1.804830E-02, 1.8102054E-01
4.42818E-08, -9.661917E-02, -1.815369E-02, 1.8131563E-01
4.42881E-08, -9.714609E-02, -1.815369E-02, 1.8156855E-01
4.42943E-08, -9.872688E-02, -1.836446E-02, 1.8182148E-01
4.43006E-08, -9.978073E-02, -1.825907E-02, 1.8203224E-01
4.43068E-08, -9.978073E-02, -1.836446E-02, 1.8220086E-01
4.43131E-08, -9.978073E-02, -1.846985E-02, 1.8245380E-01
4.43193E-08, -9.819995E-02, -1.868062E-02, 1.8274887E-01
4.43256E-08, -9.714609E-02, -1.868062E-02, 1.8283318E-01
4.43318E-08, -9.609224E-02, -1.868062E-02, 1.8291749E-01
4.43381E-08, -9.451145E-02, -1.878600E-02, 1.8304394E-01
4.43443E-08, -9.134988E-02, -1.857523E-02, 1.8308610E-01
4.43506E-08, -8.871525E-02, -1.868062E-02, 1.8317041E-01
4.43568E-08, -8.555368E-02, -1.836446E-02, 1.8308610E-01
4.43631E-08, -8.028440E-02, -1.836446E-02, 1.8308610E-01
4.43693E-08, -7.712283E-02, -1.825907E-02, 1.8300180E-01
4.43756E-08, -7.185356E-02, -1.815369E-02, 1.8283318E-01
4.43818E-08, -6.711120E-02, -1.773215E-02, 1.8270671E-01
4.43881E-08, -6.078807E-02, -1.741599E-02, 1.8253809E-01
4.43943E-08, -5.604572E-02, -1.688906E-02, 1.8228517E-01
4.44006E-08, -4.972258E-02, -1.657291E-02, 1.8207440E-01
4.44068E-08, -4.339945E-02, -1.562444E-02, 1.8182148E-01
4.44131E-08, -3.813017E-02, -1.499212E-02, 1.8152639E-01
4.44193E-08, -3.286089E-02, -1.446519E-02, 1.8127348E-01
4.44256E-08, -2.759161E-02, -1.362211E-02, 1.8093623E-01
4.44318E-08, -2.179541E-02, -1.277903E-02, 1.8064116E-01
4.44381E-08, -1.705305E-02, -1.204133E-02, 1.8034607E-01
4.44443E-08, -1.283763E-02, -1.130363E-02, 1.8013531E-01
4.44506E-08, -9.67606E-03, -1.035516E-02, 1.7984022E-01
4.44568E-08, -5.98757E-03, -9.51207E-03, 1.7958730E-01
4.44631E-08, -2.82600E-03, -8.56360E-03, 1.7933437E-01
4.44693E-08, -2.29907E-03, -7.72052E-03, 1.7916577E-01
4.44756E-08, -7.1829E-04, -6.98282E-03, 1.7899714E-01
4.44818E-08, -1.77215E-03, -6.03435E-03, 1.7891283E-01
4.44881E-08, -2.29907E-03, -5.29665E-03, 1.7882852E-01
4.44943E-08, -3.35293E-03, -4.45356E-03, 1.7870206E-01
4.45006E-08, -6.51450E-03, -3.82125E-03, 1.7870206E-01
4.45068E-08, -8.62221E-03, -3.08355E-03, 1.7870206E-01
4.45131E-08, -1.283763E-02, -2.55662E-03, 1.7870206E-01
4.45193E-08, -1.757998E-02, -2.02970E-03, 1.7878637E-01
4.45256E-08, -2.284926E-02, -1.81893E-03, 1.7895499E-01
4.45318E-08, -2.969932E-02, -1.39738E-03, 1.7908145E-01
4.45381E-08, -3.444167E-02, -9.7584E-04, 1.7920792E-01
4.45443E-08, -4.129174E-02, -8.7046E-04, 1.7941868E-01
4.45506E-08, -4.761487E-02, -7.6507E-04, 1.7962946E-01
4.45568E-08, -5.341108E-02, -9.7584E-04, 1.7996669E-01
4.45631E-08, -6.026114E-02, -1.08123E-03, 1.8017747E-01
4.45693E-08, -6.605735E-02, -1.18661E-03, 1.8047254E-01
4.45756E-08, -7.185356E-02, -1.60815E-03, 1.8068331E-01
4.45818E-08, -7.712283E-02, -1.81893E-03, 1.8110485E-01
4.45881E-08, -8.081133E-02, -2.02970E-03, 1.8144208E-01
4.45943E-08, -8.502675E-02, -2.24047E-03, 1.8169501E-01
4.46006E-08, -8.766139E-02, -2.76740E-03, 1.8190579E-01
4.46068E-08, -9.029603E-02, -3.08355E-03, 1.8224302E-01
4.46131E-08, -9.029603E-02, -3.39971E-03, 1.8249594E-01
4.46193E-08, -9.029603E-02, -3.92664E-03, 1.8274887E-01
4.46256E-08, -8.976910E-02, -4.24279E-03, 1.8304394E-01
4.46318E-08, -8.818832E-02, -4.76972E-03, 1.8329687E-01
4.46381E-08, -8.502675E-02, -5.08588E-03, 1.8350765E-01
4.46443E-08, -8.133826E-02, -5.50742E-03, 1.8367626E-01
4.46506E-08, -7.659590E-02, -5.71819E-03, 1.8384488E-01
4.46568E-08, -7.132663E-02, -6.03435E-03, 1.8405566E-01
4.46631E-08, -6.447656E-02, -6.13973E-03, 1.8422426E-01
4.46693E-08, -5.762650E-02, -6.35051E-03, 1.8439288E-01
4.46756E-08, -5.130336E-02, -6.35051E-03, 1.8447720E-01
4.46818E-08, -4.287252E-02, -6.56128E-03, 1.8456151E-01
4.46881E-08, -3.444167E-02, -6.35051E-03, 1.8460366E-01
4.46943E-08, -2.653776E-02, -6.45589E-03, 1.8464582E-01
4.47006E-08, -1.863384E-02, -6.45589E-03, 1.8464582E-01
4.47068E-08, -1.231070E-02, -6.35051E-03, 1.8473011E-01
4.47131E-08, -4.40678E-03, -6.24512E-03, 1.8473011E-01
4.47193E-08, 2.97021E-03, -6.03435E-03, 1.8468796E-01
4.47256E-08, 9.29334E-03, -5.92896E-03, 1.8464582E-01
4.47318E-08, 1.456262E-02, -5.71819E-03, 1.8451935E-01
4.47381E-08, 1.930497E-02, -5.50742E-03, 1.8451935E-01
4.47443E-08, 2.352039E-02, -5.40204E-03, 1.8439288E-01
4.47506E-08, 2.720889E-02, -5.29665E-03, 1.8422426E-01
4.47568E-08, 2.773582E-02, -5.29665E-03, 1.8418211E-01
4.47631E-08, 2.984353E-02, -4.98049E-03, 1.8405566E-01
4.47693E-08, 2.984353E-02, -5.08588E-03, 1.8392919E-01
4.47756E-08, 2.773582E-02, -5.08588E-03, 1.8376057E-01
4.47818E-08, 2.562810E-02, -5.19126E-03, 1.8359195E-01
4.47881E-08, 2.352039E-02, -5.19126E-03, 1.8342334E-01
4.47943E-08, 1.772419E-02, -5.50742E-03, 1.8325472E-01
4.48006E-08, 1.403569E-02, -5.50742E-03, 1.8312825E-01
4.48068E-08, 8.23948E-03, -5.92896E-03, 1.8287534E-01
4.48131E-08, 1.38942E-03, -6.24512E-03, 1.8270671E-01
4.48193E-08, -5.46064E-03, -6.56128E-03, 1.8253809E-01
4.48256E-08, -1.231070E-02, -6.87743E-03, 1.8232733E-01
4.48318E-08, -2.021462E-02, -7.50975E-03, 1.8220086E-01
4.48381E-08, -2.864547E-02, -7.93129E-03, 1.8199009E-01
4.48443E-08, -3.496860E-02, -8.45822E-03, 1.8190579E-01
4.48506E-08, -4.287252E-02, -8.77437E-03, 1.8161070E-01
4.48568E-08, -5.024951E-02, -9.19592E-03, 1.8148424E-01
4.48631E-08, -5.762650E-02, -9.72284E-03, 1.8131563E-01
4.48693E-08, -6.447656E-02, -1.014439E-02, 1.8123132E-01
4.48756E-08, -7.132663E-02, -1.056593E-02, 1.8110485E-01
4.48818E-08, -7.659590E-02, -1.088209E-02, 1.8093623E-01
4.48881E-08, -8.081133E-02, -1.130363E-02, 1.8080978E-01
4.48943E-08, -8.608060E-02, -1.161978E-02, 1.8072547E-01
4.49006E-08, -9.029603E-02, -1.183056E-02, 1.8059900E-01
4.49068E-08, -9.293067E-02, -1.183056E-02, 1.8055685E-01
4.49131E-08, -9.451145E-02, -1.204133E-02, 1.8038823E-01
4.49193E-08, -9.609224E-02, -1.193594E-02, 1.8038823E-01
4.49256E-08, -9.661917E-02, -1.183056E-02, 1.8034607E-01
4.49318E-08, -9.556530E-02, -1.172517E-02, 1.8021962E-01
4.49381E-08, -9.398452E-02, -1.183056E-02, 1.8017747E-01
4.49443E-08, -9.345759E-02, -1.140901E-02, 1.8005100E-01
4.49506E-08, -9.082296E-02, -1.109286E-02, 1.8005100E-01
4.49568E-08, -8.818832E-02, -1.088209E-02, 1.8005100E-01
4.49631E-08, -8.397289E-02, -1.046054E-02, 1.7988238E-01
4.49693E-08, -8.028440E-02, -1.003900E-02, 1.7992453E-01
4.49756E-08, -7.501512E-02, -9.72284E-03, 1.7988238E-01
4.49818E-08, -7.079970E-02, -9.40669E-03, 1.7984022E-01
4.49881E-08, -6.500349E-02, -8.77437E-03, 1.7984022E-01
4.49943E-08, -6.078807E-02, -8.56360E-03, 1.7975593E-01
4.50006E-08, -5.604572E-02, -8.45822E-03, 1.7967162E-01
4.50068E-08, -5.024951E-02, -8.03667E-03, 1.7979807E-01
4.50131E-08, -4.445330E-02, -7.82590E-03, 1.7971377E-01
4.50193E-08, -3.971095E-02, -7.61513E-03, 1.7967162E-01
4.50256E-08, -3.444167E-02, -7.50975E-03, 1.7967162E-01
4.50318E-08, -2.969932E-02, -7.61513E-03, 1.7958730E-01
4.50381E-08, -2.495697E-02, -7.61513E-03, 1.7971377E-01
4.50443E-08, -2.074155E-02, -7.61513E-03, 1.7979807E-01
4.50506E-08, -1.652613E-02, -7.93129E-03, 1.7979807E-01
4.50568E-08, -1.336456E-02, -8.35283E-03, 1.7988238E-01
4.50631E-08, -1.020299E-02, -8.45822E-03, 1.7996669E-01
4.50693E-08, -7.56835E-03, -8.87976E-03, 1.8009315E-01
4.50756E-08, -5.46064E-03, -9.30130E-03, 1.8026178E-01
4.50818E-08, -3.35293E-03, -9.82823E-03, 1.8038823E-01
4.50881E-08, -1.77215E-03, -1.003900E-02, 1.8064116E-01
4.50943E-08, -7.1829E-04, -1.077670E-02, 1.8076763E-01
4.51006E-08, -1.9136E-04, -1.109286E-02, 1.8097839E-01
4.51068E-08, -1.9136E-04, -1.140901E-02, 1.8123132E-01
4.51131E-08, -7.1829E-04, -1.193594E-02, 1.8144208E-01
4.51193E-08, -1.24522E-03, -1.246287E-02, 1.8173717E-01
4.51256E-08, -1.77215E-03, -1.256825E-02, 1.8207440E-01
4.51318E-08, -3.87986E-03, -1.288441E-02, 1.8228517E-01
4.51381E-08, -5.98757E-03, -1.298980E-02, 1.8266456E-01
4.51443E-08, -7.04142E-03, -1.320057E-02, 1.8287534E-01
4.51506E-08, -1.020299E-02, -1.298980E-02, 1.8317041E-01
4.51568E-08, -1.283763E-02, -1.298980E-02, 1.8342334E-01
4.51631E-08, -1.441841E-02, -1.246287E-02, 1.8367626E-01
4.51693E-08, -1.757998E-02, -1.225210E-02, 1.8401350E-01
4.51756E-08, -2.074155E-02, -1.172517E-02, 1.8422426E-01
4.51818E-08, -2.390312E-02, -1.119824E-02, 1.8435073E-01
4.51881E-08, -2.706468E-02, -1.014439E-02, 1.8451935E-01
4.51943E-08, -2.969932E-02, -9.51207E-03, 1.8464582E-01
4.52006E-08, -3.233396E-02, -8.45822E-03, 1.8473011E-01
4.52068E-08, -3.496860E-02, -7.40436E-03, 1.8477227E-01
4.52131E-08, -3.760324E-02, -6.35051E-03, 1.8481442E-01
4.52193E-08, -3.971095E-02, -5.40204E-03, 1.8489873E-01
4.52256E-08, -4.287252E-02, -4.13741E-03, 1.8477227E-01
4.52318E-08, -4.550716E-02, -3.08355E-03, 1.8477227E-01
4.52381E-08, -4.708794E-02, -2.34585E-03, 1.8464582E-01
4.52443E-08, -4.919565E-02, -8.7046E-04, 1.8447720E-01
4.52506E-08, -5.077644E-02, 7.801E-05, 1.8422426E-01
4.52568E-08, -5.183030E-02, 1.02648E-03, 1.8413995E-01
4.52631E-08, -5.341108E-02, 1.86957E-03, 1.8392919E-01
4.52693E-08, -5.446493E-02, 2.71265E-03, 1.8367626E-01
4.52756E-08, -5.499186E-02, 3.23958E-03, 1.8350765E-01
4.52818E-08, -5.499186E-02, 3.97728E-03, 1.8325472E-01
4.52881E-08, -5.551879E-02, 4.39882E-03, 1.8300180E-01
4.52943E-08, -5.446493E-02, 4.71498E-03, 1.8283318E-01
4.53006E-08, -5.499186E-02, 4.92575E-03, 1.8262240E-01
4.53068E-08, -5.499186E-02, 4.71498E-03, 1.8241164E-01
4.53131E-08, -5.393801E-02, 4.82037E-03, 1.8228517E-01
4.53193E-08, -5.393801E-02, 4.50421E-03, 1.8220086E-01
4.53256E-08, -5.288415E-02, 4.18805E-03, 1.8207440E-01
4.53318E-08, -5.341108E-02, 3.66112E-03, 1.8194795E-01
4.53381E-08, -5.288415E-02, 3.13420E-03, 1.8203224E-01
4.53443E-08, -5.288415E-02, 2.50188E-03, 1.8199009E-01
4.53506E-08, -5.341108E-02, 1.86957E-03, 1.8199009E-01
4.53568E-08, -5.341108E-02, 1.23726E-03, 1.8203224E-01
4.53631E-08, -5.341108E-02, 3.9417E-04, 1.8207440E-01
4.53693E-08, -5.341108E-02, -4.4891E-04, 1.8228517E-01
4.53756E-08, -5.551879E-02, -1.29200E-03, 1.8245380E-01
4.53818E-08, -5.657265E-02, -2.13508E-03, 1.8253809E-01
4.53881E-08, -5.868036E-02, -2.34585E-03, 1.8279102E-01
4.53943E-08, -6.026114E-02, -3.29432E-03, 1.8295965E-01
4.54006E-08, -6.289578E-02, -4.03202E-03, 1.8317041E-01
4.54068E-08, -6.658427E-02, -4.34818E-03, 1.8346550E-01
4.54131E-08, -6.816506E-02, -4.87511E-03, 1.8359195E-01
4.54193E-08, -7.290741E-02, -5.19126E-03, 1.8388703E-01
4.54256E-08, -7.659590E-02, -5.29665E-03, 1.8405566E-01
4.54318E-08, -8.028440E-02, -5.50742E-03, 1.8422426E-01
4.54381E-08, -8.502675E-02, -5.61281E-03, 1.8443504E-01
4.54443E-08, -8.871525E-02, -5.61281E-03, 1.8464582E-01
4.54506E-08, -9.398452E-02, -5.50742E-03, 1.8477227E-01
4.54568E-08, -9.872688E-02, -5.29665E-03, 1.8489873E-01
4.54631E-08, -1.0294230E-01, -5.19126E-03, 1.8498304E-01
4.54693E-08, -1.0715772E-01, -4.87511E-03, 1.8506736E-01
4.54756E-08, -1.1031929E-01, -4.55895E-03, 1.8510951E-01
4.54818E-08, -1.1506164E-01, -4.34818E-03, 1.8510951E-01
4.54881E-08, -1.1822321E-01, -3.71587E-03, 1.8506736E-01
4.54943E-08, -1.2191170E-01, -3.71587E-03, 1.8502520E-01
4.55006E-08, -1.2454634E-01, -3.39971E-03, 1.8498304E-01
4.55068E-08, -1.2612712E-01, -3.29432E-03, 1.8489873E-01
4.55131E-08, -1.2823483E-01, -3.18894E-03, 1.8477227E-01
4.55193E-08, -1.2823483E-01, -3.08355E-03, 1.8460366E-01
4.55256E-08, -1.2823483E-01, -2.97817E-03, 1.8451935E-01
4.55318E-08, -1.2770791E-01, -3.50509E-03, 1.8435073E-01
4.55381E-08, -1.2612712E-01, -3.71587E-03, 1.8418211E-01
4.55443E-08, -1.2454634E-01, -4.03202E-03, 1.8401350E-01
4.55506E-08, -1.2085784E-01, -4.34818E-03, 1.8380272E-01
4.55568E-08, -1.1664242E-01, -4.98049E-03, 1.8363410E-01
4.55631E-08, -1.1295393E-01, -5.61281E-03, 1.8342334E-01
4.55693E-08, -1.0768465E-01, -6.66666E-03, 1.8325472E-01
4.55756E-08, -1.0136151E-01, -7.40436E-03, 1.8304394E-01
4.55818E-08, -9.556530E-02, -8.56360E-03, 1.8283318E-01
4.55881E-08, -8.766139E-02, -9.30130E-03, 1.8270671E-01
4.55943E-08, -8.133826E-02, -1.046054E-02, 1.8253809E-01
4.56006E-08, -7.396127E-02, -1.151440E-02, 1.8228517E-01
4.56068E-08, -6.553042E-02, -1.256825E-02, 1.8215871E-01
4.56131E-08, -5.709957E-02, -1.341134E-02, 1.8199009E-01
4.56193E-08, -4.972258E-02, -1.446519E-02, 1.8186364E-01
4.56256E-08, -4.076481E-02, -1.530828E-02, 1.8173717E-01
4.56318E-08, -3.391474E-02, -1.615136E-02, 1.8152639E-01
4.56381E-08, -2.548390E-02, -1.678368E-02, 1.8148424E-01
4.56443E-08, -1.863384E-02, -1.720522E-02, 1.8135779E-01
4.56506E-08, -1.283763E-02, -1.752138E-02, 1.8127348E-01
4.56568E-08, -5.98757E-03, -1.804830E-02, 1.8114701E-01
4.56631E-08, 3.3557E-04, -1.825907E-02, 1.8102054E-01
4.56693E-08, 4.55099E-03, -1.804830E-02, 1.8093623E-01
4.56756E-08, 9.82027E-03, -1.804830E-02, 1.8085194E-01
4.56818E-08, 1.298183E-02, -1.762676E-02, 1.8093623E-01
4.56881E-08, 1.614340E-02, -1.720522E-02, 1.8085194E-01
4.56943E-08, 1.825111E-02, -1.646752E-02, 1.8080978E-01
4.57006E-08, 1.930497E-02, -1.583521E-02, 1.8076763E-01
4.57068E-08, 2.035883E-02, -1.478135E-02, 1.8080978E-01
4.57131E-08, 1.930497E-02, -1.383288E-02, 1.8076763E-01
4.57193E-08, 1.825111E-02, -1.256825E-02, 1.8085194E-01
4.57256E-08, 1.667033E-02, -1.151440E-02, 1.8093623E-01
4.57318E-08, 1.403569E-02, -1.035516E-02, 1.8093623E-01
4.57381E-08, 1.087412E-02, -9.19592E-03, 1.8110485E-01
4.57443E-08, 8.23948E-03, -7.93129E-03, 1.8110485E-01
4.57506E-08, 4.02406E-03, -6.66666E-03, 1.8123132E-01
4.57568E-08, 8.6249E-04, -5.29665E-03, 1.8144208E-01
4.57631E-08, -2.82600E-03, -4.13741E-03, 1.8152639E-01
4.57693E-08, -8.09528E-03, -3.08355E-03, 1.8165286E-01
4.57756E-08, -1.178377E-02, -2.13508E-03, 1.8177933E-01
4.57818E-08, -1.599920E-02, -1.18661E-03, 1.8194795E-01
4.57881E-08, -1.916077E-02, -1.3276E-04, 1.8211655E-01
4.57943E-08, -2.284926E-02, 2.8879E-04, 1.8220086E-01
4.58006E-08, -2.706468E-02, 1.02648E-03, 1.8232733E-01
4.58068E-08, -2.864547E-02, 1.55341E-03, 1.8249594E-01
4.58131E-08, -3.233396E-02, 2.18573E-03, 1.8253809E-01
4.58193E-08, -3.391474E-02, 2.39650E-03, 1.8270671E-01
4.58256E-08, -3.549553E-02, 2.50188E-03, 1.8274887E-01
4.58318E-08, -3.707631E-02, 2.50188E-03, 1.8279102E-01
4.58381E-08, -3.760324E-02, 2.60727E-03, 1.8279102E-01
4.58443E-08, -3.865710E-02, 2.39650E-03, 1.8270671E-01
4.58506E-08, -3.813017E-02, 2.18573E-03, 1.8279102E-01
4.58568E-08, -3.707631E-02, 1.97495E-03, 1.8262240E-01
4.58631E-08, -3.760324E-02, 1.76418E-03, 1.8258025E-01
4.58693E-08, -3.707631E-02, 1.44803E-03, 1.8249594E-01
4.58756E-08, -3.549553E-02, 9.2110E-04, 1.8232733E-01
4.58818E-08, -3.391474E-02, 6.0494E-04, 1.8220086E-01
4.58881E-08, -3.233396E-02, 4.9956E-04, 1.8194795E-01
4.58943E-08, -3.128011E-02, 7.801E-05, 1.8177933E-01
4.59006E-08, -3.128011E-02, -2.3814E-04, 1.8148424E-01
4.59068E-08, -2.917239E-02, -6.5968E-04, 1.8123132E-01
4.59131E-08, -2.917239E-02, -7.6507E-04, 1.8106270E-01
4.59193E-08, -2.811854E-02, -9.7584E-04, 1.8076763E-01
4.59256E-08, -2.759161E-02, -1.18661E-03, 1.8043038E-01
4.59318E-08, -2.759161E-02, -1.39738E-03, 1.8017747E-01
4.59381E-08, -2.864547E-02, -1.50277E-03, 1.7992453E-01
4.59443E-08, -2.917239E-02, -1.60815E-03, 1.7975593E-01
4.59506E-08, -3.075318E-02, -1.50277E-03, 1.7946084E-01
4.59568E-08, -3.180704E-02, -1.71354E-03, 1.7929222E-01
4.59631E-08, -3.549553E-02, -1.71354E-03, 1.7916577E-01
4.59693E-08, -3.865710E-02, -1.71354E-03, 1.7895499E-01
4.59756E-08, -4.181866E-02, -1.50277E-03, 1.7887068E-01
4.59818E-08, -4.603409E-02, -1.81893E-03, 1.7882852E-01
4.59881E-08, -4.866873E-02, -1.81893E-03, 1.7878637E-01
4.59943E-08, -5.446493E-02, -1.92431E-03, 1.7874421E-01
4.60006E-08, -5.868036E-02, -2.13508E-03, 1.7874421E-01
4.60068E-08, -6.394964E-02, -2.45124E-03, 1.7882852E-01
4.60131E-08, -6.816506E-02, -2.66201E-03, 1.7895499E-01
4.60193E-08, -7.290741E-02, -2.97817E-03, 1.7903930E-01
4.60256E-08, -7.817668E-02, -3.39971E-03, 1.7929222E-01
4.60318E-08, -8.239211E-02, -3.71587E-03, 1.7946084E-01
4.60381E-08, -8.766139E-02, -4.24279E-03, 1.7967162E-01
4.60443E-08, -9.240374E-02, -4.76972E-03, 1.7979807E-01
4.60506E-08, -9.503838E-02, -5.19126E-03, 1.8000884E-01
4.60568E-08, -9.872688E-02, -6.03435E-03, 1.8026178E-01
4.60631E-08, -1.0241537E-01, -6.66666E-03, 1.8047254E-01
4.60693E-08, -1.0557694E-01, -7.29898E-03, 1.8068331E-01
4.60756E-08, -1.0768465E-01, -7.93129E-03, 1.8093623E-01
4.60818E-08, -1.0873850E-01, -8.24745E-03, 1.8114701E-01
4.60881E-08, -1.0979236E-01, -8.87976E-03, 1.8127348E-01
4.60943E-08, -1.1137314E-01, -9.51207E-03, 1.8148424E-01
4.61006E-08, -1.1137314E-01, -1.014439E-02, 1.8165286E-01
4.61068E-08, -1.0979236E-01, -1.056593E-02, 1.8173717E-01
4.61131E-08, -1.0821158E-01, -1.077670E-02, 1.8182148E-01
4.61193E-08, -1.0768465E-01, -1.119824E-02, 1.8190579E-01
4.61256E-08, -1.0452309E-01, -1.119824E-02, 1.8194795E-01
4.61318E-08, -1.0241537E-01, -1.151440E-02, 1.8194795E-01
4.61381E-08, -9.925380E-02, -1.151440E-02, 1.8199009E-01
4.61443E-08, -9.661917E-02, -1.151440E-02, 1.8207440E-01
4.61506E-08, -9.240374E-02, -1.130363E-02, 1.8194795E-01
4.61568E-08, -9.029603E-02, -1.119824E-02, 1.8190579E-01
4.61631E-08, -8.555368E-02, -1.067131E-02, 1.8177933E-01
4.61693E-08, -8.291904E-02, -1.035516E-02, 1.8173717E-01
4.61756E-08, -7.764976E-02, -1.014439E-02, 1.8165286E-01
4.61818E-08, -7.448819E-02, -9.61746E-03, 1.8156855E-01
4.61881E-08, -7.079970E-02, -8.98515E-03, 1.8144208E-01
4.61943E-08, -6.658427E-02, -8.45822E-03, 1.8139994E-01
4.62006E-08, -6.394964E-02, -7.93129E-03, 1.8135779E-01
4.62068E-08, -6.078807E-02, -7.50975E-03, 1.8127348E-01
4.62131E-08, -5.815343E-02, -6.98282E-03, 1.8118916E-01
4.62193E-08, -5.657265E-02, -6.35051E-03, 1.8123132E-01
4.62256E-08, -5.341108E-02, -5.92896E-03, 1.8114701E-01
4.62318E-08, -5.341108E-02, -5.61281E-03, 1.8114701E-01
4.62381E-08, -5.183030E-02, -5.19126E-03, 1.8110485E-01
4.62443E-08, -5.077644E-02, -4.87511E-03, 1.8102054E-01
4.62506E-08, -4.919565E-02, -4.76972E-03, 1.8110485E-01
4.62568E-08, -5.077644E-02, -4.55895E-03, 1.8106270E-01
4.62631E-08, -5.130336E-02, -4.66434E-03, 1.8114701E-01
4.62693E-08, -5.183030E-02, -4.55895E-03, 1.8110485E-01
4.62756E-08, -5.183030E-02, -4.66434E-03, 1.8123132E-01
4.62818E-08, -5.341108E-02, -5.08588E-03, 1.8123132E-01
4.62881E-08, -5.393801E-02, -5.19126E-03, 1.8131563E-01
4.62943E-08, -5.709957E-02, -5.61281E-03, 1.8135779E-01
4.63006E-08, -5.815343E-02, -5.92896E-03, 1.8131563E-01
4.63068E-08, -6.026114E-02, -6.35051E-03, 1.8135779E-01
4.63131E-08, -6.184192E-02, -6.77205E-03, 1.8144208E-01
4.63193E-08, -6.447656E-02, -7.50975E-03, 1.8148424E-01
4.63256E-08, -6.553042E-02, -7.93129E-03, 1.8148424E-01
4.63318E-08, -6.816506E-02, -8.45822E-03, 1.8152639E-01
4.63381E-08, -6.974584E-02, -8.98515E-03, 1.8156855E-01
4.63443E-08, -7.079970E-02, -9.51207E-03, 1.8148424E-01
4.63506E-08, -7.343434E-02, -9.72284E-03, 1.8148424E-01
4.63568E-08, -7.501512E-02, -1.024977E-02, 1.8144208E-01
4.63631E-08, -7.606898E-02, -1.067131E-02, 1.8144208E-01
4.63693E-08, -7.712283E-02, -1.088209E-02, 1.8148424E-01
4.63756E-08, -7.817668E-02, -1.119824E-02, 1.8139994E-01
4.63818E-08, -7.923055E-02, -1.151440E-02, 1.8148424E-01
4.63881E-08, -7.923055E-02, -1.140901E-02, 1.8139994E-01
4.63943E-08, -7.975747E-02, -1.172517E-02, 1.8139994E-01
4.64006E-08, -7.975747E-02, -1.183056E-02, 1.8139994E-01
4.64068E-08, -8.028440E-02, -1.172517E-02, 1.8131563E-01
4.64131E-08, -7.975747E-02, -1.183056E-02, 1.8127348E-01
4.64193E-08, -7.975747E-02, -1.183056E-02, 1.8131563E-01
4.64256E-08, -7.817668E-02, -1.161978E-02, 1.8127348E-01
4.64318E-08, -7.870361E-02, -1.161978E-02, 1.8131563E-01
4.64381E-08, -7.764976E-02, -1.130363E-02, 1.8127348E-01
4.64443E-08, -7.659590E-02, -1.119824E-02, 1.8127348E-01
4.64506E-08, -7.659590E-02, -1.109286E-02, 1.8127348E-01
4.64568E-08, -7.659590E-02, -1.088209E-02, 1.8135779E-01
4.64631E-08, -7.396127E-02, -1.077670E-02, 1.8123132E-01
4.64693E-08, -7.343434E-02, -1.056593E-02, 1.8131563E-01
4.64756E-08, -7.396127E-02, -1.046054E-02, 1.8123132E-01
4.64818E-08, -7.238048E-02, -1.024977E-02, 1.8127348E-01
4.64881E-08, -7.079970E-02, -1.014439E-02, 1.8127348E-01
4.64943E-08, -7.079970E-02, -9.93362E-03, 1.8118916E-01
4.65006E-08, -7.079970E-02, -9.82823E-03, 1.8123132E-01
4.65068E-08, -6.921891E-02, -9.82823E-03, 1.8110485E-01
4.65131E-08, -6.816506E-02, -9.82823E-03, 1.8102054E-01
4.65193E-08, -6.763813E-02, -9.61746E-03, 1.8102054E-01
4.65256E-08, -6.658427E-02, -9.61746E-03, 1.8085194E-01
4.65318E-08, -6.500349E-02, -9.40669E-03, 1.8080978E-01
4.65381E-08, -6.553042E-02, -9.19592E-03, 1.8068331E-01
4.65443E-08, -6.342271E-02, -9.19592E-03, 1.8051469E-01
4.65506E-08, -6.236885E-02, -8.77437E-03, 1.8030393E-01
4.65568E-08, -6.184192E-02, -8.66899E-03, 1.8017747E-01
4.65631E-08, -6.078807E-02, -8.24745E-03, 1.7996669E-01
4.65693E-08, -5.973421E-02, -8.03667E-03, 1.7984022E-01
4.65756E-08, -5.868036E-02, -7.82590E-03, 1.7967162E-01
4.65818E-08, -5.815343E-02, -7.29898E-03, 1.7946084E-01
4.65881E-08, -5.657265E-02, -6.98282E-03, 1.7920792E-01
4.65943E-08, -5.499186E-02, -6.56128E-03, 1.7903930E-01
4.66006E-08, -5.393801E-02, -6.03435E-03, 1.7882852E-01
4.66068E-08, -5.288415E-02, -5.50742E-03, 1.7861776E-01
4.66131E-08, -5.130336E-02, -4.98049E-03, 1.7844914E-01
4.66193E-08, -5.077644E-02, -4.34818E-03, 1.7823836E-01
4.66256E-08, -4.866873E-02, -4.13741E-03, 1.7806976E-01
4.66318E-08, -4.814180E-02, -3.50509E-03, 1.7798544E-01
4.66381E-08, -4.656101E-02, -3.08355E-03, 1.7777467E-01
4.66443E-08, -4.550716E-02, -2.34585E-03, 1.7773251E-01
4.66506E-08, -4.392638E-02, -2.13508E-03, 1.7760606E-01
4.66568E-08, -4.392638E-02, -1.50277E-03, 1.7756391E-01
4.66631E-08, -4.287252E-02, -1.29200E-03, 1.7752175E-01
4.66693E-08, -4.234559E-02, -1.08123E-03, 1.7756391E-01
4.66756E-08, -4.076481E-02, -9.7584E-04, 1.7747959E-01
4.66818E-08, -4.234559E-02, -8.7046E-04, 1.7752175E-01
4.66881E-08, -4.129174E-02, -8.7046E-04, 1.7743744E-01
4.66943E-08, -4.181866E-02, -8.7046E-04, 1.7756391E-01
4.67006E-08, -4.181866E-02, -1.08123E-03, 1.7760606E-01
4.67068E-08, -4.129174E-02, -1.39738E-03, 1.7769036E-01
4.67131E-08, -4.287252E-02, -1.71354E-03, 1.7785898E-01
4.67193E-08, -4.392638E-02, -2.24047E-03, 1.7794329E-01
4.67256E-08, -4.392638E-02, -2.55662E-03, 1.7806976E-01
4.67318E-08, -4.498023E-02, -3.39971E-03, 1.7815405E-01
4.67381E-08, -4.656101E-02, -4.13741E-03, 1.7832267E-01
4.67443E-08, -4.866873E-02, -4.66434E-03, 1.7844914E-01
4.67506E-08, -4.972258E-02, -5.61281E-03, 1.7865992E-01
4.67568E-08, -5.024951E-02, -6.03435E-03, 1.7874421E-01
4.67631E-08, -5.130336E-02, -6.66666E-03, 1.7887068E-01
4.67693E-08, -5.288415E-02, -7.61513E-03, 1.7912361E-01
4.67756E-08, -5.341108E-02, -8.14206E-03, 1.7933437E-01
4.67818E-08, -5.446493E-02, -8.77437E-03, 1.7946084E-01
4.67881E-08, -5.446493E-02, -9.19592E-03, 1.7967162E-01
4.67943E-08, -5.604572E-02, -9.72284E-03, 1.7988238E-01
4.68006E-08, -5.604572E-02, -1.003900E-02, 1.8009315E-01
4.68068E-08, -5.551879E-02, -1.003900E-02, 1.8026178E-01
4.68131E-08, -5.499186E-02, -1.024977E-02, 1.8051469E-01
4.68193E-08, -5.499186E-02, -1.035516E-02, 1.8076763E-01
4.68256E-08, -5.393801E-02, -9.93362E-03, 1.8102054E-01
4.68318E-08, -5.341108E-02, -9.72284E-03, 1.8123132E-01
4.68381E-08, -5.288415E-02, -9.40669E-03, 1.8139994E-01
4.68443E-08, -5.183030E-02, -8.77437E-03, 1.8165286E-01
4.68506E-08, -5.077644E-02, -7.93129E-03, 1.8194795E-01
4.68568E-08, -4.919565E-02, -7.40436E-03, 1.8207440E-01
4.68631E-08, -4.708794E-02, -6.56128E-03, 1.8241164E-01
4.68693E-08, -4.603409E-02, -5.82358E-03, 1.8262240E-01
4.68756E-08, -4.445330E-02, -4.87511E-03, 1.8291749E-01
4.68818E-08, -4.234559E-02, -4.13741E-03, 1.8308610E-01
4.68881E-08, -4.181866E-02, -3.08355E-03, 1.8325472E-01
4.68943E-08, -4.129174E-02, -2.34585E-03, 1.8350765E-01
4.69006E-08, -4.023788E-02, -1.60815E-03, 1.8359195E-01
4.69068E-08, -3.971095E-02, -8.7046E-04, 1.8367626E-01
4.69131E-08, -4.023788E-02, -2.3814E-04, 1.8384488E-01
4.69193E-08, -3.971095E-02, 1.8340E-04, 1.8392919E-01
4.69256E-08, -4.076481E-02, 4.9956E-04, 1.8397135E-01
4.69318E-08, -4.129174E-02, 7.1033E-04, 1.8392919E-01
4.69381E-08, -4.287252E-02, 6.0494E-04, 1.8384488E-01
4.69443E-08, -4.603409E-02, 4.9956E-04, 1.8371841E-01
4.69506E-08, -4.866873E-02, 7.801E-05, 1.8363410E-01
4.69568E-08, -5.130336E-02, -3.4353E-04, 1.8350765E-01
4.69631E-08, -5.341108E-02, -9.7584E-04, 1.8333903E-01
4.69693E-08, -5.709957E-02, -1.92431E-03, 1.8308610E-01
4.69756E-08, -6.236885E-02, -2.76740E-03, 1.8274887E-01
4.69818E-08, -6.553042E-02, -4.13741E-03, 1.8245380E-01
4.69881E-08, -7.079970E-02, -5.40204E-03, 1.8215871E-01
4.69943E-08, -7.448819E-02, -6.87743E-03, 1.8186364E-01
4.70006E-08, -7.975747E-02, -8.56360E-03, 1.8148424E-01
4.70068E-08, -8.502675E-02, -9.93362E-03, 1.8114701E-01
4.70131E-08, -8.818832E-02, -1.151440E-02, 1.8068331E-01
4.70193E-08, -9.398452E-02, -1.298980E-02, 1.8038823E-01
4.70256E-08, -9.767302E-02, -1.446519E-02, 1.8005100E-01
4.70318E-08, -1.0241537E-01, -1.615136E-02, 1.7971377E-01
4.70381E-08, -1.0610387E-01, -1.752138E-02, 1.7941868E-01
4.70443E-08, -1.0873850E-01, -1.889139E-02, 1.7912361E-01
4.70506E-08, -1.1137314E-01, -1.994525E-02, 1.7891283E-01
4.70568E-08, -1.1242700E-01, -2.110448E-02, 1.7870206E-01
4.70631E-08, -1.1506164E-01, -2.173680E-02, 1.7853345E-01
4.70693E-08, -1.1506164E-01, -2.247450E-02, 1.7844914E-01
4.70756E-08, -1.1506164E-01, -2.289604E-02, 1.7832267E-01
4.70818E-08, -1.1506164E-01, -2.321220E-02, 1.7836483E-01
4.70881E-08, -1.1295393E-01, -2.310681E-02, 1.7840698E-01
4.70943E-08, -1.1084621E-01, -2.279066E-02, 1.7857561E-01
4.71006E-08, -1.0926543E-01, -2.236911E-02, 1.7861776E-01
4.71068E-08, -1.0557694E-01, -2.152603E-02, 1.7882852E-01
4.71131E-08, -1.0136151E-01, -2.057756E-02, 1.7912361E-01
4.71193E-08, -9.767302E-02, -1.962909E-02, 1.7941868E-01
4.71256E-08, -9.187681E-02, -1.825907E-02, 1.7975593E-01
4.71318E-08, -8.660753E-02, -1.678368E-02, 1.8005100E-01
4.71381E-08, -8.186518E-02, -1.520289E-02, 1.8047254E-01
4.71443E-08, -7.659590E-02, -1.362211E-02, 1.8072547E-01
4.71506E-08, -7.027277E-02, -1.193594E-02, 1.8118916E-01
4.71568E-08, -6.500349E-02, -1.024977E-02, 1.8161070E-01
4.71631E-08, -5.920728E-02, -8.56360E-03, 1.8194795E-01
4.71693E-08, -5.341108E-02, -6.98282E-03, 1.8232733E-01
4.71756E-08, -4.866873E-02, -5.40204E-03, 1.8262240E-01
4.71818E-08, -4.392638E-02, -3.92664E-03, 1.8300180E-01
4.71881E-08, -3.918403E-02, -2.55662E-03, 1.8321256E-01
4.71943E-08, -3.549553E-02, -1.29200E-03, 1.8346550E-01
4.72006E-08, -3.233396E-02, -4.4891E-04, 1.8363410E-01
4.72068E-08, -2.917239E-02, 3.9417E-04, 1.8367626E-01
4.72131E-08, -2.706468E-02, 1.02648E-03, 1.8376057E-01
4.72193E-08, -2.601083E-02, 1.44803E-03, 1.8384488E-01
4.72256E-08, -2.495697E-02, 1.23726E-03, 1.8376057E-01
4.72318E-08, -2.495697E-02, 1.13187E-03, 1.8367626E-01
4.72381E-08, -2.548390E-02, 8.1571E-04, 1.8350765E-01
4.72443E-08, -2.653776E-02, 1.8340E-04, 1.8325472E-01
4.72506E-08, -2.864547E-02, -6.5968E-04, 1.8295965E-01
4.72568E-08, -3.075318E-02, -1.81893E-03, 1.8266456E-01
4.72631E-08, -3.444167E-02, -2.87278E-03, 1.8228517E-01
4.72693E-08, -3.707631E-02, -4.34818E-03, 1.8190579E-01
4.72756E-08, -4.129174E-02, -5.82358E-03, 1.8139994E-01
4.72818E-08, -4.445330E-02, -7.40436E-03, 1.8102054E-01
4.72881E-08, -4.866873E-02, -9.30130E-03, 1.8051469E-01
4.72943E-08, -5.393801E-02, -1.109286E-02, 1.8000884E-01
4.73006E-08, -5.709957E-02, -1.256825E-02, 1.7950299E-01
4.73068E-08, -6.184192E-02, -1.425442E-02, 1.7899714E-01
4.73131E-08, -6.711120E-02, -1.604598E-02, 1.7857561E-01
4.73193E-08, -7.132663E-02, -1.773215E-02, 1.7798544E-01
4.73256E-08, -7.448819E-02, -1.920754E-02, 1.7760606E-01
4.73318E-08, -7.764976E-02, -2.047217E-02, 1.7710020E-01
4.73381E-08, -8.028440E-02, -2.184219E-02, 1.7680512E-01
4.73443E-08, -8.397289E-02, -2.268527E-02, 1.7642574E-01
4.73506E-08, -8.555368E-02, -2.342297E-02, 1.7608850E-01
4.73568E-08, -8.766139E-02, -2.426605E-02, 1.7591989E-01
4.73631E-08, -8.871525E-02, -2.468760E-02, 1.7566696E-01
4.73693E-08, -8.871525E-02, -2.510914E-02, 1.7549834E-01
4.73756E-08, -8.924218E-02, -2.489837E-02, 1.7532973E-01
4.73818E-08, -8.976910E-02, -2.479298E-02, 1.7532973E-01
4.73881E-08, -8.766139E-02, -2.416067E-02, 1.7524542E-01
4.73943E-08, -8.608060E-02, -2.363374E-02, 1.7537189E-01
4.74006E-08, -8.449982E-02, -2.289604E-02, 1.7541404E-01
4.74068E-08, -8.239211E-02, -2.205296E-02, 1.7549834E-01
4.74131E-08, -7.923055E-02, -2.110448E-02, 1.7562480E-01
4.74193E-08, -7.606898E-02, -1.994525E-02, 1.7579342E-01
4.74256E-08, -7.185356E-02, -1.868062E-02, 1.7604634E-01
4.74318E-08, -6.816506E-02, -1.752138E-02, 1.7625712E-01
4.74381E-08, -6.342271E-02, -1.636213E-02, 1.7646790E-01
4.74443E-08, -5.973421E-02, -1.520289E-02, 1.7676297E-01
4.74506E-08, -5.499186E-02, -1.393827E-02, 1.7701590E-01
4.74568E-08, -5.024951E-02, -1.288441E-02, 1.7726882E-01
4.74631E-08, -4.603409E-02, -1.172517E-02, 1.7752175E-01
4.74693E-08, -4.181866E-02, -1.098747E-02, 1.7777467E-01
4.74756E-08, -3.813017E-02, -9.93362E-03, 1.7794329E-01
4.74818E-08, -3.444167E-02, -9.40669E-03, 1.7828052E-01
4.74881E-08, -3.128011E-02, -8.77437E-03, 1.7840698E-01
4.74943E-08, -2.811854E-02, -8.45822E-03, 1.7857561E-01
4.75006E-08, -2.495697E-02, -8.14206E-03, 1.7882852E-01
4.75068E-08, -2.337619E-02, -7.72052E-03, 1.7891283E-01
4.75131E-08, -2.179541E-02, -7.61513E-03, 1.7903930E-01
4.75193E-08, -2.021462E-02, -7.82590E-03, 1.7912361E-01
4.75256E-08, -1.916077E-02, -8.03667E-03, 1.7920792E-01
4.75318E-08, -1.968769E-02, -8.45822E-03, 1.7937653E-01
4.75381E-08, -2.074155E-02, -8.77437E-03, 1.7937653E-01
4.75443E-08, -2.074155E-02, -8.98515E-03, 1.7937653E-01
4.75506E-08, -2.337619E-02, -9.51207E-03, 1.7946084E-01
4.75568E-08, -2.548390E-02, -1.014439E-02, 1.7946084E-01
4.75631E-08, -2.811854E-02, -1.056593E-02, 1.7941868E-01
4.75693E-08, -3.286089E-02, -1.119824E-02, 1.7941868E-01
4.75756E-08, -3.602246E-02, -1.172517E-02, 1.7937653E-01
4.75818E-08, -4.129174E-02, -1.214671E-02, 1.7937653E-01
4.75881E-08, -4.550716E-02, -1.256825E-02, 1.7946084E-01
4.75943E-08, -5.183030E-02, -1.277903E-02, 1.7941868E-01
4.76006E-08, -5.709957E-02, -1.309518E-02, 1.7937653E-01
4.76068E-08, -6.236885E-02, -1.341134E-02, 1.7937653E-01
4.76131E-08, -6.921891E-02, -1.320057E-02, 1.7946084E-01
4.76193E-08, -7.501512E-02, -1.341134E-02, 1.7946084E-01
4.76256E-08, -8.133826E-02, -1.309518E-02, 1.7954515E-01
4.76318E-08, -8.713446E-02, -1.320057E-02, 1.7954515E-01
4.76381E-08, -9.240374E-02, -1.288441E-02, 1.7962946E-01
4.76443E-08, -9.872688E-02, -1.246287E-02, 1.7975593E-01
4.76506E-08, -1.0346922E-01, -1.204133E-02, 1.7975593E-01
4.76568E-08, -1.0873850E-01, -1.172517E-02, 1.7988238E-01
4.76631E-08, -1.1295393E-01, -1.109286E-02, 1.7992453E-01
4.76693E-08, -1.1664242E-01, -1.067131E-02, 1.8013531E-01
4.76756E-08, -1.2085784E-01, -9.93362E-03, 1.8026178E-01
4.76818E-08, -1.2296556E-01, -9.40669E-03, 1.8034607E-01
4.76881E-08, -1.2454634E-01, -8.77437E-03, 1.8051469E-01
4.76943E-08, -1.2612712E-01, -8.45822E-03, 1.8055685E-01
4.77006E-08, -1.2665406E-01, -7.82590E-03, 1.8059900E-01
4.77068E-08, -1.2612712E-01, -7.61513E-03, 1.8072547E-01
4.77131E-08, -1.2507327E-01, -7.29898E-03, 1.8076763E-01
4.77193E-08, -1.2296556E-01, -6.77205E-03, 1.8089408E-01
4.77256E-08, -1.2138478E-01, -6.87743E-03, 1.8102054E-01
4.77318E-08, -1.1927706E-01, -6.56128E-03, 1.8097839E-01
4.77381E-08, -1.1558857E-01, -6.45589E-03, 1.8106270E-01
4.77443E-08, -1.1190007E-01, -6.45589E-03, 1.8110485E-01
4.77506E-08, -1.0768465E-01, -6.56128E-03, 1.8110485E-01
4.77568E-08, -1.0399615E-01, -6.77205E-03, 1.8106270E-01
4.77631E-08, -9.872688E-02, -6.77205E-03, 1.8106270E-01
4.77693E-08, -9.451145E-02, -7.08820E-03, 1.8093623E-01
4.77756E-08, -8.976910E-02, -7.40436E-03, 1.8093623E-01
4.77818E-08, -8.502675E-02, -7.61513E-03, 1.8097839E-01
4.77881E-08, -7.975747E-02, -7.61513E-03, 1.8076763E-01
4.77943E-08, -7.606898E-02, -8.14206E-03, 1.8072547E-01
4.78006E-08, -7.290741E-02, -8.14206E-03, 1.8059900E-01
4.78068E-08, -6.816506E-02, -8.35283E-03, 1.8051469E-01
4.78131E-08, -6.553042E-02, -8.56360E-03, 1.8043038E-01
4.78193E-08, -6.236885E-02, -8.45822E-03, 1.8034607E-01
4.78256E-08, -6.026114E-02, -8.35283E-03, 1.8026178E-01
4.78318E-08, -5.868036E-02, -8.24745E-03, 1.8017747E-01
4.78381E-08, -5.762650E-02, -8.14206E-03, 1.8009315E-01
4.78443E-08, -5.762650E-02, -7.72052E-03, 1.7992453E-01
4.78506E-08, -5.709957E-02, -7.19359E-03, 1.7988238E-01
4.78568E-08, -5.762650E-02, -6.77205E-03, 1.7979807E-01
4.78631E-08, -5.868036E-02, -6.45589E-03, 1.7975593E-01
4.78693E-08, -5.973421E-02, -5.71819E-03, 1.7975593E-01
4.78756E-08, -6.078807E-02, -4.98049E-03, 1.7962946E-01
4.78818E-08, -6.289578E-02, -4.34818E-03, 1.7967162E-01
4.78881E-08, -6.553042E-02, -3.50509E-03, 1.7967162E-01
4.78943E-08, -6.658427E-02, -2.76740E-03, 1.7967162E-01
4.79006E-08, -6.974584E-02, -1.92431E-03, 1.7971377E-01
4.79068E-08, -7.132663E-02, -1.08123E-03, 1.7967162E-01
4.79131E-08, -7.396127E-02, -3.4353E-04, 1.7971377E-01
4.79193E-08, -7.448819E-02, 2.8879E-04, 1.7975593E-01
4.79256E-08, -7.606898E-02, 9.2110E-04, 1.7984022E-01
4.79318E-08, -7.712283E-02, 1.55341E-03, 1.7988238E-01
4.79381E-08, -7.870361E-02, 1.76418E-03, 1.8000884E-01
4.79443E-08, -7.923055E-02, 2.08034E-03, 1.8005100E-01
4.79506E-08, -7.764976E-02, 2.50188E-03, 1.8009315E-01
4.79568E-08, -7.817668E-02, 2.50188E-03, 1.8017747E-01
4.79631E-08, -7.659590E-02, 2.39650E-03, 1.8026178E-01
4.79693E-08, -7.554205E-02, 2.08034E-03, 1.8038823E-01
4.79756E-08, -7.238048E-02, 1.86957E-03, 1.8043038E-01
4.79818E-08, -7.238048E-02, 1.44803E-03, 1.8055685E-01
4.79881E-08, -6.816506E-02, 9.2110E-04, 1.8064116E-01
4.79943E-08, -6.605735E-02, 2.8879E-04, 1.8076763E-01
4.80006E-08, -6.342271E-02, -5.5430E-04, 1.8085194E-01
4.80068E-08, -6.026114E-02, -1.50277E-03, 1.8093623E-01
4.80131E-08, -5.709957E-02, -2.24047E-03, 1.8102054E-01
4.80193E-08, -5.288415E-02, -3.61048E-03, 1.8118916E-01
4.80256E-08, -4.972258E-02, -4.55895E-03, 1.8118916E-01
4.80318E-08, -4.656101E-02, -5.82358E-03, 1.8123132E-01
4.80381E-08, -4.287252E-02, -6.98282E-03, 1.8135779E-01
4.80443E-08, -4.181866E-02, -8.03667E-03, 1.8156855E-01
4.80506E-08, -3.971095E-02, -8.98515E-03, 1.8156855E-01
4.80568E-08, -3.760324E-02, -1.003900E-02, 1.8169501E-01
4.80631E-08, -3.654939E-02, -1.119824E-02, 1.8177933E-01
4.80693E-08, -3.602246E-02, -1.225210E-02, 1.8177933E-01
4.80756E-08, -3.602246E-02, -1.298980E-02, 1.8186364E-01
4.80818E-08, -3.549553E-02, -1.393827E-02, 1.8194795E-01
4.80881E-08, -3.707631E-02, -1.457058E-02, 1.8194795E-01
4.80943E-08, -3.865710E-02, -1.509751E-02, 1.8215871E-01
4.81006E-08, -4.129174E-02, -1.562444E-02, 1.8211655E-01
4.81068E-08, -4.339945E-02, -1.604598E-02, 1.8215871E-01
4.81131E-08, -4.708794E-02, -1.625675E-02, 1.8224302E-01
4.81193E-08, -5.077644E-02, -1.636213E-02, 1.8228517E-01
4.81256E-08, -5.341108E-02, -1.646752E-02, 1.8228517E-01
4.81318E-08, -5.868036E-02, -1.646752E-02, 1.8232733E-01
4.81381E-08, -6.447656E-02, -1.625675E-02, 1.8245380E-01
4.81443E-08, -6.816506E-02, -1.604598E-02, 1.8253809E-01
4.81506E-08, -7.396127E-02, -1.583521E-02, 1.8245380E-01
4.81568E-08, -7.817668E-02, -1.541366E-02, 1.8253809E-01
4.81631E-08, -8.344597E-02, -1.488674E-02, 1.8253809E-01
4.81693E-08, -8.766139E-02, -1.446519E-02, 1.8249594E-01
4.81756E-08, -9.293067E-02, -1.414904E-02, 1.8258025E-01
4.81818E-08, -9.767302E-02, -1.351672E-02, 1.8258025E-01
4.81881E-08, -1.0136151E-01, -1.298980E-02, 1.8249594E-01
4.81943E-08, -1.0557694E-01, -1.256825E-02, 1.8253809E-01
4.82006E-08, -1.0873850E-01, -1.193594E-02, 1.8249594E-01
4.82068E-08, -1.1137314E-01, -1.140901E-02, 1.8253809E-01
4.82131E-08, -1.1295393E-01, -1.109286E-02, 1.8253809E-01
4.82193E-08, -1.1506164E-01, -1.077670E-02, 1.8245380E-01
4.82256E-08, -1.1558857E-01, -1.024977E-02, 1.8241164E-01
4.82318E-08, -1.1822321E-01, -1.014439E-02, 1.8232733E-01
4.82381E-08, -1.1769628E-01, -9.93362E-03, 1.8236949E-01
4.82443E-08, -1.1716935E-01, -9.61746E-03, 1.8236949E-01
4.82506E-08, -1.1558857E-01, -9.40669E-03, 1.8220086E-01
4.82568E-08, -1.1348086E-01, -9.61746E-03, 1.8220086E-01
4.82631E-08, -1.1137314E-01, -9.61746E-03, 1.8203224E-01
4.82693E-08, -1.0873850E-01, -9.72284E-03, 1.8199009E-01
4.82756E-08, -1.0663079E-01, -9.93362E-03, 1.8190579E-01
4.82818E-08, -1.0294230E-01, -1.014439E-02, 1.8186364E-01
4.82881E-08, -9.819995E-02, -1.046054E-02, 1.8173717E-01
4.82943E-08, -9.451145E-02, -1.098747E-02, 1.8173717E-01
4.83006E-08, -9.029603E-02, -1.130363E-02, 1.8156855E-01
4.83068E-08, -8.502675E-02, -1.193594E-02, 1.8144208E-01
4.83131E-08, -8.081133E-02, -1.235748E-02, 1.8139994E-01
4.83193E-08, -7.659590E-02, -1.309518E-02, 1.8135779E-01
4.83256E-08, -7.079970E-02, -1.372750E-02, 1.8118916E-01
4.83318E-08, -6.553042E-02, -1.446519E-02, 1.8118916E-01
4.83381E-08, -6.131500E-02, -1.520289E-02, 1.8102054E-01
4.83443E-08, -5.709957E-02, -1.583521E-02, 1.8097839E-01
4.83506E-08, -5.235722E-02, -1.646752E-02, 1.8093623E-01
4.83568E-08, -4.866873E-02, -1.720522E-02, 1.8085194E-01
4.83631E-08, -4.392638E-02, -1.794292E-02, 1.8085194E-01
4.83693E-08, -4.076481E-02, -1.846985E-02, 1.8076763E-01
4.83756E-08, -3.549553E-02, -1.899678E-02, 1.8068331E-01
4.83818E-08, -3.286089E-02, -1.962909E-02, 1.8068331E-01
4.83881E-08, -3.075318E-02, -1.994525E-02, 1.8064116E-01
4.83943E-08, -2.811854E-02, -2.026140E-02, 1.8059900E-01
4.84006E-08, -2.706468E-02, -2.057756E-02, 1.8059900E-01
4.84068E-08, -2.443004E-02, -2.099910E-02, 1.8064116E-01
4.84131E-08, -2.232233E-02, -2.099910E-02, 1.8055685E-01
4.84193E-08, -2.179541E-02, -2.099910E-02, 1.8051469E-01
4.84256E-08, -2.126848E-02, -2.068294E-02, 1.8047254E-01
4.84318E-08, -2.126848E-02, -2.068294E-02, 1.8038823E-01
4.84381E-08, -2.284926E-02, -2.026140E-02, 1.8038823E-01
4.84443E-08, -2.284926E-02, -1.983986E-02, 1.8038823E-01
4.84506E-08, -2.390312E-02, -1.931293E-02, 1.8030393E-01
4.84568E-08, -2.548390E-02, -1.857523E-02, 1.8030393E-01
4.84631E-08, -2.653776E-02, -1.773215E-02, 1.8017747E-01
4.84693E-08, -2.917239E-02, -1.688906E-02, 1.8009315E-01
4.84756E-08, -3.022625E-02, -1.583521E-02, 1.8000884E-01
4.84818E-08, -3.286089E-02, -1.478135E-02, 1.7996669E-01
4.84881E-08, -3.444167E-02, -1.351672E-02, 1.7984022E-01
4.84943E-08, -3.707631E-02, -1.225210E-02, 1.7979807E-01
4.85006E-08, -4.023788E-02, -1.119824E-02, 1.7958730E-01
4.85068E-08, -4.234559E-02, -9.82823E-03, 1.7954515E-01
4.85131E-08, -4.550716E-02, -8.45822E-03, 1.7941868E-01
4.85193E-08, -4.814180E-02, -7.19359E-03, 1.7929222E-01
4.85256E-08, -5.024951E-02, -5.61281E-03, 1.7920792E-01
4.85318E-08, -5.393801E-02, -4.45356E-03, 1.7916577E-01
4.85381E-08, -5.604572E-02, -3.08355E-03, 1.7899714E-01
4.85443E-08, -5.762650E-02, -1.81893E-03, 1.7895499E-01
4.85506E-08, -5.973421E-02, -5.5430E-04, 1.7887068E-01
4.85568E-08, -6.131500E-02, 6.0494E-04, 1.7895499E-01
4.85631E-08, -6.236885E-02, 1.76418E-03, 1.7891283E-01
4.85693E-08, -6.342271E-02, 2.81804E-03, 1.7895499E-01
4.85756E-08, -6.447656E-02, 3.55574E-03, 1.7895499E-01
4.85818E-08, -6.605735E-02, 4.39882E-03, 1.7899714E-01
4.85881E-08, -6.711120E-02, 5.34729E-03, 1.7895499E-01
4.85943E-08, -6.658427E-02, 5.97961E-03, 1.7912361E-01
4.86006E-08, -6.711120E-02, 6.50653E-03, 1.7920792E-01
4.86068E-08, -6.711120E-02, 7.03346E-03, 1.7941868E-01
4.86131E-08, -6.658427E-02, 7.34962E-03, 1.7950299E-01
4.86193E-08, -6.605735E-02, 7.77116E-03, 1.7958730E-01
4.86256E-08, -6.605735E-02, 7.98193E-03, 1.7988238E-01
4.86318E-08, -6.447656E-02, 8.19270E-03, 1.7992453E-01
4.86381E-08, -6.447656E-02, 8.19270E-03, 1.8021962E-01
4.86443E-08, -6.289578E-02, 8.40348E-03, 1.8034607E-01
4.86506E-08, -6.184192E-02, 8.71963E-03, 1.8051469E-01
4.86568E-08, -6.236885E-02, 8.50886E-03, 1.8072547E-01
4.86631E-08, -6.026114E-02, 8.61425E-03, 1.8085194E-01
4.86693E-08, -5.973421E-02, 8.50886E-03, 1.8097839E-01
4.86756E-08, -5.815343E-02, 8.61425E-03, 1.8106270E-01
4.86818E-08, -5.709957E-02, 8.61425E-03, 1.8114701E-01
4.86881E-08, -5.604572E-02, 8.61425E-03, 1.8118916E-01
4.86943E-08, -5.604572E-02, 8.71963E-03, 1.8123132E-01
4.87006E-08, -5.499186E-02, 8.50886E-03, 1.8114701E-01
4.87068E-08, -5.499186E-02, 8.71963E-03, 1.8110485E-01
4.87131E-08, -5.393801E-02, 8.82502E-03, 1.8114701E-01
4.87193E-08, -5.288415E-02, 8.93040E-03, 1.8097839E-01
4.87256E-08, -5.341108E-02, 9.03579E-03, 1.8080978E-01
4.87318E-08, -5.235722E-02, 9.03579E-03, 1.8059900E-01
4.87381E-08, -5.235722E-02, 9.14117E-03, 1.8055685E-01
4.87443E-08, -5.183030E-02, 9.24656E-03, 1.8026178E-01
4.87506E-08, -5.077644E-02, 9.45733E-03, 1.8000884E-01
4.87568E-08, -5.130336E-02, 9.14117E-03, 1.7975593E-01
4.87631E-08, -5.024951E-02, 9.24656E-03, 1.7954515E-01
4.87693E-08, -5.024951E-02, 9.14117E-03, 1.7929222E-01
4.87756E-08, -5.024951E-02, 9.03579E-03, 1.7895499E-01
4.87818E-08, -4.866873E-02, 8.82502E-03, 1.7874421E-01
4.87881E-08, -4.866873E-02, 8.50886E-03, 1.7853345E-01
4.87943E-08, -4.761487E-02, 7.87655E-03, 1.7832267E-01
4.88006E-08, -4.708794E-02, 7.56039E-03, 1.7811191E-01
4.88068E-08, -4.603409E-02, 7.03346E-03, 1.7785898E-01
4.88131E-08, -4.498023E-02, 6.40115E-03, 1.7781682E-01
4.88193E-08, -4.498023E-02, 5.45268E-03, 1.7773251E-01
4.88256E-08, -4.234559E-02, 4.60959E-03, 1.7764820E-01
4.88318E-08, -4.129174E-02, 3.66112E-03, 1.7764820E-01
4.88381E-08, -4.023788E-02, 2.50188E-03, 1.7760606E-01
4.88443E-08, -3.865710E-02, 1.44803E-03, 1.7769036E-01
4.88506E-08, -3.760324E-02, 1.8340E-04, 1.7773251E-01
4.88568E-08, -3.602246E-02, -1.08123E-03, 1.7785898E-01
4.88631E-08, -3.549553E-02, -2.24047E-03, 1.7798544E-01
4.88693E-08, -3.338782E-02, -3.61048E-03, 1.7815405E-01
4.88756E-08, -3.233396E-02, -4.76972E-03, 1.7836483E-01
4.88818E-08, -3.075318E-02, -6.24512E-03, 1.7844914E-01
4.88881E-08, -2.917239E-02, -7.19359E-03, 1.7861776E-01
4.88943E-08, -2.917239E-02, -8.45822E-03, 1.7882852E-01
4.89006E-08, -2.759161E-02, -9.30130E-03, 1.7903930E-01
4.89068E-08, -2.706468E-02, -1.056593E-02, 1.7920792E-01
4.89131E-08, -2.653776E-02, -1.161978E-02, 1.7929222E-01
4.89193E-08, -2.601083E-02, -1.214671E-02, 1.7946084E-01
4.89256E-08, -2.548390E-02, -1.288441E-02, 1.7962946E-01
4.89318E-08, -2.653776E-02, -1.330595E-02, 1.7971377E-01
4.89381E-08, -2.548390E-02, -1.372750E-02, 1.7971377E-01
4.89443E-08, -2.706468E-02, -1.393827E-02, 1.7975593E-01
4.89506E-08, -2.653776E-02, -1.414904E-02, 1.7975593E-01
4.89568E-08, -2.759161E-02, -1.425442E-02, 1.7971377E-01
4.89631E-08, -2.864547E-02, -1.383288E-02, 1.7971377E-01
4.89693E-08, -3.022625E-02, -1.351672E-02, 1.7958730E-01
4.89756E-08, -3.075318E-02, -1.309518E-02, 1.7950299E-01
4.89818E-08, -3.233396E-02, -1.267364E-02, 1.7937653E-01
4.89881E-08, -3.391474E-02, -1.183056E-02, 1.7916577E-01
4.89943E-08, -3.496860E-02, -1.109286E-02, 1.7912361E-01
4.90006E-08, -3.760324E-02, -1.014439E-02, 1.7899714E-01
4.90068E-08, -3.813017E-02, -9.30130E-03, 1.7882852E-01
4.90131E-08, -4.023788E-02, -8.24745E-03, 1.7878637E-01
4.90193E-08, -4.234559E-02, -7.40436E-03, 1.7861776E-01
4.90256E-08, -4.392638E-02, -6.45589E-03, 1.7849129E-01
4.90318E-08, -4.498023E-02, -5.40204E-03, 1.7853345E-01
4.90381E-08, -4.603409E-02, -4.66434E-03, 1.7840698E-01
4.90443E-08, -4.761487E-02, -3.50509E-03, 1.7849129E-01
4.90506E-08, -4.761487E-02, -2.66201E-03, 1.7857561E-01
4.90568E-08, -4.972258E-02, -1.92431E-03, 1.7861776E-01
4.90631E-08, -5.130336E-02, -1.08123E-03, 1.7874421E-01
4.90693E-08, -5.130336E-02, -5.5430E-04, 1.7887068E-01
4.90756E-08, -5.183030E-02, 7.801E-05, 1.7903930E-01
4.90818E-08, -5.288415E-02, 6.0494E-04, 1.7933437E-01
4.90881E-08, -5.341108E-02, 1.23726E-03, 1.7950299E-01
4.90943E-08, -5.393801E-02, 1.55341E-03, 1.7988238E-01
4.91006E-08, -5.393801E-02, 1.86957E-03, 1.8009315E-01
4.91068E-08, -5.393801E-02, 2.08034E-03, 1.8043038E-01
4.91131E-08, -5.446493E-02, 2.39650E-03, 1.8072547E-01
4.91193E-08, -5.446493E-02, 2.60727E-03, 1.8102054E-01
4.91256E-08, -5.499186E-02, 2.81804E-03, 1.8127348E-01
4.91318E-08, -5.446493E-02, 2.92343E-03, 1.8161070E-01
4.91381E-08, -5.604572E-02, 3.13420E-03, 1.8173717E-01
4.91443E-08, -5.657265E-02, 3.34497E-03, 1.8194795E-01
4.91506E-08, -5.604572E-02, 3.66112E-03, 1.8211655E-01
4.91568E-08, -5.709957E-02, 3.87190E-03, 1.8215871E-01
4.91631E-08, -5.762650E-02, 4.50421E-03, 1.8220086E-01
4.91693E-08, -5.920728E-02, 4.71498E-03, 1.8224302E-01
4.91756E-08, -6.026114E-02, 5.24191E-03, 1.8211655E-01
4.91818E-08, -6.078807E-02, 5.87422E-03, 1.8199009E-01
4.91881E-08, -6.236885E-02, 6.50653E-03, 1.8169501E-01
4.91943E-08, -6.342271E-02, 7.24423E-03, 1.8148424E-01
4.92006E-08, -6.500349E-02, 8.08732E-03, 1.8106270E-01
4.92068E-08, -6.658427E-02, 8.82502E-03, 1.8064116E-01
4.92131E-08, -6.763813E-02, 9.66810E-03, 1.8017747E-01
4.92193E-08, -6.921891E-02, 1.051119E-02, 1.7975593E-01
4.92256E-08, -6.974584E-02, 1.145966E-02, 1.7908145E-01
4.92318E-08, -7.238048E-02, 1.230274E-02, 1.7849129E-01
4.92381E-08, -7.343434E-02, 1.325121E-02, 1.7785898E-01
4.92443E-08, -7.396127E-02, 1.398891E-02, 1.7718451E-01
4.92506E-08, -7.501512E-02, 1.483199E-02, 1.7655219E-01
4.92568E-08, -7.501512E-02, 1.556969E-02, 1.7587774E-01
4.92631E-08, -7.712283E-02, 1.630739E-02, 1.7524542E-01
4.92693E-08, -7.606898E-02, 1.683432E-02, 1.7457095E-01
4.92756E-08, -7.764976E-02, 1.736125E-02, 1.7398079E-01
4.92818E-08, -7.659590E-02, 1.788818E-02, 1.7347494E-01
4.92881E-08, -7.606898E-02, 1.788818E-02, 1.7296909E-01
4.92943E-08, -7.501512E-02, 1.799356E-02, 1.7254755E-01
4.93006E-08, -7.448819E-02, 1.799356E-02, 1.7212601E-01
4.93068E-08, -7.238048E-02, 1.757202E-02, 1.7183092E-01
4.93131E-08, -7.079970E-02, 1.715048E-02, 1.7166230E-01
4.93193E-08, -6.869198E-02, 1.651816E-02, 1.7149369E-01
4.93256E-08, -6.658427E-02, 1.578047E-02, 1.7145154E-01
4.93318E-08, -6.394964E-02, 1.462122E-02, 1.7145154E-01
4.93381E-08, -6.131500E-02, 1.367275E-02, 1.7157800E-01
4.93443E-08, -5.762650E-02, 1.251351E-02, 1.7178877E-01
4.93506E-08, -5.551879E-02, 1.135427E-02, 1.7208385E-01
4.93568E-08, -5.130336E-02, 9.77349E-03, 1.7242108E-01
4.93631E-08, -4.814180E-02, 8.40348E-03, 1.7275831E-01
4.93693E-08, -4.550716E-02, 6.82269E-03, 1.7330632E-01
4.93756E-08, -4.234559E-02, 5.13652E-03, 1.7381217E-01
4.93818E-08, -3.813017E-02, 3.45035E-03, 1.7436017E-01
4.93881E-08, -3.602246E-02, 1.97495E-03, 1.7495033E-01
4.93943E-08, -3.391474E-02, 1.8340E-04, 1.7558265E-01
4.94006E-08, -3.180704E-02, -1.18661E-03, 1.7621496E-01
4.94068E-08, -2.917239E-02, -2.97817E-03, 1.7693159E-01
4.94131E-08, -2.706468E-02, -4.34818E-03, 1.7752175E-01
4.94193E-08, -2.601083E-02, -5.82358E-03, 1.7815405E-01
4.94256E-08, -2.601083E-02, -7.08820E-03, 1.7874421E-01
4.94318E-08, -2.495697E-02, -8.35283E-03, 1.7933437E-01
4.94381E-08, -2.601083E-02, -9.30130E-03, 1.7988238E-01
4.94443E-08, -2.601083E-02, -1.003900E-02, 1.8034607E-01
4.94506E-08, -2.759161E-02, -1.098747E-02, 1.8076763E-01
4.94568E-08, -2.917239E-02, -1.183056E-02, 1.8110485E-01
4.94631E-08, -3.075318E-02, -1.204133E-02, 1.8144208E-01
4.94693E-08, -3.391474E-02, -1.235748E-02, 1.8169501E-01
4.94756E-08, -3.707631E-02, -1.267364E-02, 1.8177933E-01
4.94818E-08, -4.023788E-02, -1.288441E-02, 1.8190579E-01
4.94881E-08, -4.392638E-02, -1.267364E-02, 1.8186364E-01
4.94943E-08, -4.761487E-02, -1.277903E-02, 1.8186364E-01
4.95006E-08, -5.235722E-02, -1.246287E-02, 1.8173717E-01
4.95068E-08, -5.604572E-02, -1.214671E-02, 1.8148424E-01
4.95131E-08, -6.026114E-02, -1.172517E-02, 1.8118916E-01
4.95193E-08, -6.447656E-02, -1.119824E-02, 1.8085194E-01
4.95256E-08, -6.921891E-02, -1.077670E-02, 1.8051469E-01
4.95318E-08, -7.238048E-02, -1.035516E-02, 1.8013531E-01
4.95381E-08, -7.817668E-02, -9.30130E-03, 1.7962946E-01
4.95443E-08, -7.975747E-02, -8.87976E-03, 1.7916577E-01
4.95506E-08, -8.344597E-02, -8.03667E-03, 1.7865992E-01
4.95568E-08, -8.608060E-02, -7.40436E-03, 1.7819621E-01
4.95631E-08, -8.871525E-02, -6.77205E-03, 1.7769036E-01
4.95693E-08, -8.976910E-02, -6.13973E-03, 1.7710020E-01
4.95756E-08, -9.187681E-02, -5.29665E-03, 1.7667866E-01
4.95818E-08, -9.240374E-02, -4.55895E-03, 1.7617281E-01
4.95881E-08, -9.240374E-02, -3.82125E-03, 1.7566696E-01
4.95943E-08, -9.293067E-02, -3.08355E-03, 1.7528757E-01
4.96006E-08, -9.187681E-02, -2.55662E-03, 1.7486604E-01
4.96068E-08, -8.976910E-02, -1.71354E-03, 1.7452879E-01
4.96131E-08, -8.713446E-02, -1.08123E-03, 1.7427588E-01
4.96193E-08, -8.502675E-02, -5.5430E-04, 1.7398079E-01
4.96256E-08, -8.239211E-02, 7.801E-05, 1.7381217E-01
4.96318E-08, -7.870361E-02, 8.1571E-04, 1.7360140E-01
4.96381E-08, -7.501512E-02, 1.34264E-03, 1.7351709E-01
4.96443E-08, -7.132663E-02, 2.08034E-03, 1.7343278E-01
4.96506E-08, -6.658427E-02, 2.71265E-03, 1.7343278E-01
4.96568E-08, -6.289578E-02, 3.13420E-03, 1.7339063E-01
4.96631E-08, -5.762650E-02, 3.66112E-03, 1.7347494E-01
4.96693E-08, -5.393801E-02, 4.29344E-03, 1.7360140E-01
4.96756E-08, -4.866873E-02, 4.60959E-03, 1.7368571E-01
4.96818E-08, -4.498023E-02, 5.03114E-03, 1.7381217E-01
4.96881E-08, -4.076481E-02, 5.66345E-03, 1.7393863E-01
4.96943E-08, -3.707631E-02, 6.08499E-03, 1.7414941E-01
4.97006E-08, -3.391474E-02, 6.50653E-03, 1.7431803E-01
4.97068E-08, -3.075318E-02, 6.71731E-03, 1.7457095E-01
4.97131E-08, -2.706468E-02, 7.13885E-03, 1.7473957E-01
4.97193E-08, -2.495697E-02, 7.34962E-03, 1.7490818E-01
4.97256E-08, -2.284926E-02, 7.56039E-03, 1.7507680E-01
4.97318E-08, -2.284926E-02, 7.45500E-03, 1.7528757E-01
4.97381E-08, -2.126848E-02, 7.66578E-03, 1.7545618E-01
4.97443E-08, -1.968769E-02, 7.66578E-03, 1.7558265E-01
4.97506E-08, -2.021462E-02, 7.45500E-03, 1.7566696E-01
4.97568E-08, -1.968769E-02, 7.56039E-03, 1.7579342E-01
4.97631E-08, -2.074155E-02, 7.45500E-03, 1.7579342E-01
4.97693E-08, -2.179541E-02, 7.13885E-03, 1.7596205E-01
4.97756E-08, -2.390312E-02, 6.92808E-03, 1.7591989E-01
4.97818E-08, -2.495697E-02, 6.61192E-03, 1.7600419E-01
4.97881E-08, -2.706468E-02, 6.19038E-03, 1.7591989E-01
4.97943E-08, -2.969932E-02, 5.76884E-03, 1.7591989E-01
4.98006E-08, -3.233396E-02, 5.34729E-03, 1.7591989E-01
4.98068E-08, -3.391474E-02, 4.92575E-03, 1.7587774E-01
4.98131E-08, -3.654939E-02, 4.50421E-03, 1.7583558E-01
4.98193E-08, -4.023788E-02, 3.97728E-03, 1.7579342E-01
4.98256E-08, -4.181866E-02, 3.55574E-03, 1.7575127E-01
4.98318E-08, -4.498023E-02, 2.92343E-03, 1.7566696E-01
4.98381E-08, -4.761487E-02, 2.50188E-03, 1.7570911E-01
4.98443E-08, -4.972258E-02, 2.08034E-03, 1.7562480E-01
4.98506E-08, -5.183030E-02, 1.55341E-03, 1.7566696E-01
4.98568E-08, -5.393801E-02, 1.34264E-03, 1.7570911E-01
4.98631E-08, -5.499186E-02, 1.02648E-03, 1.7570911E-01
4.98693E-08, -5.762650E-02, 8.1571E-04, 1.7579342E-01
4.98756E-08, -5.973421E-02, 4.9956E-04, 1.7587774E-01
4.98818E-08, -6.026114E-02, 2.8879E-04, 1.7596205E-01
4.98881E-08, -6.131500E-02, 1.8340E-04, 1.7613065E-01
4.98943E-08, -6.289578E-02, 1.8340E-04, 1.7625712E-01
4.99006E-08, -6.394964E-02, 3.9417E-04, 1.7638358E-01
4.99068E-08, -6.394964E-02, 1.8340E-04, 1.7655219E-01
4.99131E-08, -6.394964E-02, 3.9417E-04, 1.7676297E-01
4.99193E-08, -6.447656E-02, 2.8879E-04, 1.7705806E-01
4.99256E-08, -6.394964E-02, 6.0494E-04, 1.7726882E-01
4.99318E-08, -6.500349E-02, 8.1571E-04, 1.7752175E-01
4.99381E-08, -6.500349E-02, 1.02648E-03, 1.7769036E-01
4.99443E-08, -6.553042E-02, 1.34264E-03, 1.7794329E-01
4.99506E-08, -6.500349E-02, 1.65880E-03, 1.7823836E-01
4.99568E-08, -6.447656E-02, 1.86957E-03, 1.7844914E-01
4.99631E-08, -6.394964E-02, 2.18573E-03, 1.7857561E-01
4.99693E-08, -6.447656E-02, 2.50188E-03, 1.7878637E-01
4.99756E-08, -6.394964E-02, 2.50188E-03, 1.7895499E-01
4.99818E-08, -6.342271E-02, 2.71265E-03, 1.7916577E-01
4.99881E-08, -6.289578E-02, 3.02881E-03, 1.7925006E-01
4.99943E-08, -6.289578E-02, 2.92343E-03, 1.7937653E-01
5.00006E-08, -6.236885E-02, 3.02881E-03, 1.7946084E-01
5.00068E-08, -6.236885E-02, 3.13420E-03, 1.7950299E-01
5.00131E-08, -6.078807E-02, 3.23958E-03, 1.7950299E-01
5.00193E-08, -6.131500E-02, 2.92343E-03, 1.7946084E-01
5.00256E-08, -6.131500E-02, 3.02881E-03, 1.7937653E-01
5.00318E-08, -6.078807E-02, 2.92343E-03, 1.7933437E-01
5.00381E-08, -5.920728E-02, 2.81804E-03, 1.7920792E-01
5.00443E-08, -5.868036E-02, 2.50188E-03, 1.7903930E-01
5.00506E-08, -5.815343E-02, 2.50188E-03, 1.7882852E-01
5.00568E-08, -5.815343E-02, 2.18573E-03, 1.7857561E-01
5.00631E-08, -5.762650E-02, 1.86957E-03, 1.7832267E-01
5.00693E-08, -5.604572E-02, 1.44803E-03, 1.7811191E-01
5.00756E-08, -5.604572E-02, 1.23726E-03, 1.7785898E-01
5.00818E-08, -5.604572E-02, 6.0494E-04, 1.7756391E-01
5.00881E-08, -5.499186E-02, 4.9956E-04, 1.7726882E-01
5.00943E-08, -5.393801E-02, 7.801E-05, 1.7697375E-01
5.01006E-08, -5.341108E-02, -2.3814E-04, 1.7667866E-01
5.01068E-08, -5.288415E-02, -3.4353E-04, 1.7634143E-01
5.01131E-08, -5.235722E-02, -7.6507E-04, 1.7604634E-01
5.01193E-08, -5.130336E-02, -1.08123E-03, 1.7579342E-01
5.01256E-08, -5.130336E-02, -1.18661E-03, 1.7554049E-01
5.01318E-08, -5.077644E-02, -1.29200E-03, 1.7537189E-01
5.01381E-08, -5.077644E-02, -1.39738E-03, 1.7511895E-01
5.01443E-08, -4.919565E-02, -1.50277E-03, 1.7490818E-01
5.01506E-08, -4.919565E-02, -1.60815E-03, 1.7478172E-01
5.01568E-08, -4.919565E-02, -1.81893E-03, 1.7465526E-01
5.01631E-08, -4.866873E-02, -1.60815E-03, 1.7457095E-01
5.01693E-08, -4.814180E-02, -1.60815E-03, 1.7465526E-01
5.01756E-08, -4.814180E-02, -1.50277E-03, 1.7452879E-01
5.01818E-08, -4.708794E-02, -1.29200E-03, 1.7461310E-01
5.01881E-08, -4.603409E-02, -9.7584E-04, 1.7461310E-01
5.01943E-08, -4.656101E-02, -7.6507E-04, 1.7482388E-01
5.02006E-08, -4.708794E-02, -4.4891E-04, 1.7486604E-01
5.02068E-08, -4.603409E-02, -1.3276E-04, 1.7511895E-01
5.02131E-08, -4.445330E-02, 1.8340E-04, 1.7528757E-01
5.02193E-08, -4.498023E-02, 3.9417E-04, 1.7554049E-01
5.02256E-08, -4.392638E-02, 9.2110E-04, 1.7575127E-01
5.02318E-08, -4.287252E-02, 1.34264E-03, 1.7604634E-01
5.02381E-08, -4.181866E-02, 1.76418E-03, 1.7625712E-01
5.02443E-08, -4.129174E-02, 1.97495E-03, 1.7651005E-01
5.02506E-08, -3.918403E-02, 2.60727E-03, 1.7680512E-01
5.02568E-08, -3.865710E-02, 2.92343E-03, 1.7710020E-01
5.02631E-08, -3.760324E-02, 3.34497E-03, 1.7722666E-01
5.02693E-08, -3.602246E-02, 3.87190E-03, 1.7752175E-01
5.02756E-08, -3.444167E-02, 4.39882E-03, 1.7773251E-01
5.02818E-08, -3.128011E-02, 4.60959E-03, 1.7794329E-01
5.02881E-08, -2.917239E-02, 5.24191E-03, 1.7806976E-01
5.02943E-08, -2.759161E-02, 5.45268E-03, 1.7823836E-01
5.03006E-08, -2.653776E-02, 5.87422E-03, 1.7828052E-01
5.03068E-08, -2.390312E-02, 6.08499E-03, 1.7836483E-01
5.03131E-08, -2.126848E-02, 6.61192E-03, 1.7832267E-01
5.03193E-08, -1.968769E-02, 6.92808E-03, 1.7828052E-01
5.03256E-08, -1.705305E-02, 7.13885E-03, 1.7823836E-01
5.03318E-08, -1.547227E-02, 7.34962E-03, 1.7811191E-01
5.03381E-08, -1.389149E-02, 7.34962E-03, 1.7798544E-01
5.03443E-08, -1.125685E-02, 7.56039E-03, 1.7781682E-01
5.03506E-08, -9.14914E-03, 7.77116E-03, 1.7756391E-01
5.03568E-08, -7.56835E-03, 7.66578E-03, 1.7731097E-01
5.03631E-08, -7.04142E-03, 7.34962E-03, 1.7693159E-01
5.03693E-08, -5.46064E-03, 7.34962E-03, 1.7672081E-01
5.03756E-08, -4.40678E-03, 7.34962E-03, 1.7642574E-01
5.03818E-08, -3.87986E-03, 6.92808E-03, 1.7613065E-01
5.03881E-08, -3.35293E-03, 6.82269E-03, 1.7583558E-01
5.03943E-08, -2.82600E-03, 6.40115E-03, 1.7562480E-01
5.04006E-08, -3.87986E-03, 5.87422E-03, 1.7524542E-01
5.04068E-08, -3.35293E-03, 5.66345E-03, 1.7499249E-01
5.04131E-08, -4.40678E-03, 5.13652E-03, 1.7482388E-01
5.04193E-08, -5.46064E-03, 4.60959E-03, 1.7461310E-01
5.04256E-08, -6.51450E-03, 4.18805E-03, 1.7444448E-01
5.04318E-08, -8.09528E-03, 3.55574E-03, 1.7427588E-01
5.04381E-08, -1.020299E-02, 2.92343E-03, 1.7427588E-01
5.04443E-08, -1.231070E-02, 2.18573E-03, 1.7427588E-01
5.04506E-08, -1.389149E-02, 1.86957E-03, 1.7427588E-01
5.04568E-08, -1.652613E-02, 1.13187E-03, 1.7436017E-01
5.04631E-08, -1.916077E-02, 6.0494E-04, 1.7444448E-01
5.04693E-08, -2.126848E-02, 1.8340E-04, 1.7465526E-01
5.04756E-08, -2.443004E-02, -4.4891E-04, 1.7495033E-01
5.04818E-08, -2.706468E-02, -9.7584E-04, 1.7524542E-01
5.04881E-08, -2.969932E-02, -1.29200E-03, 1.7554049E-01
5.04943E-08, -3.286089E-02, -1.92431E-03, 1.7591989E-01
5.05006E-08, -3.549553E-02, -2.34585E-03, 1.7638358E-01
5.05068E-08, -3.813017E-02, -2.66201E-03, 1.7676297E-01
5.05131E-08, -3.971095E-02, -2.87278E-03, 1.7718451E-01
5.05193E-08, -4.339945E-02, -3.18894E-03, 1.7773251E-01
5.05256E-08, -4.498023E-02, -3.18894E-03, 1.7815405E-01
5.05318E-08, -4.761487E-02, -3.39971E-03, 1.7861776E-01
5.05381E-08, -4.972258E-02, -3.61048E-03, 1.7912361E-01
5.05443E-08, -5.183030E-02, -3.71587E-03, 1.7950299E-01
5.05506E-08, -5.341108E-02, -3.29432E-03, 1.7988238E-01
5.05568E-08, -5.551879E-02, -3.29432E-03, 1.8026178E-01
5.05631E-08, -5.604572E-02, -3.29432E-03, 1.8051469E-01
5.05693E-08, -5.815343E-02, -3.18894E-03, 1.8085194E-01
5.05756E-08, -5.920728E-02, -3.08355E-03, 1.8110485E-01
5.05818E-08, -5.973421E-02, -3.18894E-03, 1.8127348E-01
5.05881E-08, -6.026114E-02, -2.97817E-03, 1.8131563E-01
5.05943E-08, -6.078807E-02, -2.97817E-03, 1.8144208E-01
5.06006E-08, -6.078807E-02, -2.87278E-03, 1.8139994E-01
5.06068E-08, -6.131500E-02, -2.76740E-03, 1.8131563E-01
5.06131E-08, -6.078807E-02, -2.87278E-03, 1.8118916E-01
5.06193E-08, -6.131500E-02, -2.76740E-03, 1.8093623E-01
5.06256E-08, -5.973421E-02, -2.87278E-03, 1.8064116E-01
5.06318E-08, -5.973421E-02, -2.97817E-03, 1.8026178E-01
5.06381E-08, -5.920728E-02, -3.18894E-03, 1.7988238E-01
5.06443E-08, -5.868036E-02, -3.39971E-03, 1.7950299E-01
5.06506E-08, -5.709957E-02, -3.50509E-03, 1.7908145E-01
5.06568E-08, -5.657265E-02, -4.03202E-03, 1.7861776E-01
5.06631E-08, -5.551879E-02, -4.55895E-03, 1.7806976E-01
5.06693E-08, -5.551879E-02, -4.87511E-03, 1.7756391E-01
5.06756E-08, -5.341108E-02, -5.40204E-03, 1.7697375E-01
5.06818E-08, -5.288415E-02, -5.92896E-03, 1.7651005E-01
5.06881E-08, -5.130336E-02, -6.56128E-03, 1.7591989E-01
5.06943E-08, -5.077644E-02, -7.50975E-03, 1.7537189E-01
5.07006E-08, -4.972258E-02, -8.03667E-03, 1.7490818E-01
5.07068E-08, -4.814180E-02, -8.77437E-03, 1.7457095E-01
5.07131E-08, -4.814180E-02, -9.40669E-03, 1.7414941E-01
5.07193E-08, -4.814180E-02, -1.024977E-02, 1.7368571E-01
5.07256E-08, -4.603409E-02, -1.098747E-02, 1.7339063E-01
5.07318E-08, -4.708794E-02, -1.172517E-02, 1.7322202E-01
5.07381E-08, -4.708794E-02, -1.235748E-02, 1.7292693E-01
5.07443E-08, -4.603409E-02, -1.298980E-02, 1.7280047E-01
5.07506E-08, -4.656101E-02, -1.351672E-02, 1.7271617E-01
5.07568E-08, -4.708794E-02, -1.404365E-02, 1.7267402E-01
5.07631E-08, -4.761487E-02, -1.457058E-02, 1.7263186E-01
5.07693E-08, -4.866873E-02, -1.488674E-02, 1.7267402E-01
5.07756E-08, -4.919565E-02, -1.520289E-02, 1.7275831E-01
5.07818E-08, -5.024951E-02, -1.520289E-02, 1.7288478E-01
5.07881E-08, -5.077644E-02, -1.541366E-02, 1.7305340E-01
5.07943E-08, -5.341108E-02, -1.541366E-02, 1.7322202E-01
5.08006E-08, -5.446493E-02, -1.499212E-02, 1.7343278E-01
5.08068E-08, -5.551879E-02, -1.467597E-02, 1.7364356E-01
5.08131E-08, -5.762650E-02, -1.414904E-02, 1.7377003E-01
5.08193E-08, -5.920728E-02, -1.351672E-02, 1.7402294E-01
5.08256E-08, -6.026114E-02, -1.298980E-02, 1.7427588E-01
5.08318E-08, -6.131500E-02, -1.214671E-02, 1.7452879E-01
5.08381E-08, -6.342271E-02, -1.098747E-02, 1.7478172E-01
5.08443E-08, -6.394964E-02, -9.93362E-03, 1.7486604E-01
5.08506E-08, -6.447656E-02, -8.87976E-03, 1.7503464E-01
5.08568E-08, -6.500349E-02, -7.61513E-03, 1.7511895E-01
5.08631E-08, -6.553042E-02, -6.13973E-03, 1.7528757E-01
5.08693E-08, -6.447656E-02, -4.76972E-03, 1.7524542E-01
5.08756E-08, -6.394964E-02, -3.18894E-03, 1.7532973E-01
5.08818E-08, -6.394964E-02, -1.81893E-03, 1.7532973E-01
5.08881E-08, -6.236885E-02, -2.3814E-04, 1.7524542E-01
5.08943E-08, -6.131500E-02, 1.23726E-03, 1.7524542E-01
5.09006E-08, -5.920728E-02, 2.71265E-03, 1.7516111E-01
5.09068E-08, -5.762650E-02, 4.29344E-03, 1.7503464E-01
5.09131E-08, -5.446493E-02, 5.76884E-03, 1.7490818E-01
5.09193E-08, -5.130336E-02, 6.92808E-03, 1.7478172E-01
5.09256E-08, -4.814180E-02, 8.29809E-03, 1.7465526E-01
5.09318E-08, -4.445330E-02, 9.35195E-03, 1.7457095E-01
5.09381E-08, -4.129174E-02, 9.98426E-03, 1.7444448E-01
5.09443E-08, -3.707631E-02, 1.082734E-02, 1.7431803E-01
5.09506E-08, -3.286089E-02, 1.156504E-02, 1.7423372E-01
5.09568E-08, -2.864547E-02, 1.198658E-02, 1.7423372E-01
5.09631E-08, -2.443004E-02, 1.219736E-02, 1.7410725E-01
5.09693E-08, -2.074155E-02, 1.219736E-02, 1.7414941E-01
5.09756E-08, -1.757998E-02, 1.230274E-02, 1.7419156E-01
5.09818E-08, -1.389149E-02, 1.177581E-02, 1.7423372E-01
5.09881E-08, -9.67606E-03, 1.156504E-02, 1.7427588E-01
5.09943E-08, -7.56835E-03, 1.082734E-02, 1.7444448E-01
5.10006E-08, -4.40678E-03, 9.98426E-03, 1.7461310E-01
5.10068E-08, -2.29907E-03, 9.03579E-03, 1.7482388E-01
5.10131E-08, 8.6249E-04, 7.98193E-03, 1.7503464E-01
5.10193E-08, 1.38942E-03, 6.71731E-03, 1.7537189E-01
5.10256E-08, 2.97021E-03, 5.34729E-03, 1.7554049E-01
5.10318E-08, 2.97021E-03, 3.76651E-03, 1.7591989E-01
5.10381E-08, 4.02406E-03, 2.50188E-03, 1.7617281E-01
5.10443E-08, 4.02406E-03, 1.02648E-03, 1.7646790E-01
5.10506E-08, 2.97021E-03, -4.4891E-04, 1.7680512E-01
5.10568E-08, 1.91635E-03, -2.02970E-03, 1.7705806E-01
5.10631E-08, 3.3557E-04, -3.50509E-03, 1.7726882E-01
5.10693E-08, -1.77215E-03, -4.66434E-03, 1.7756391E-01
5.10756E-08, -3.87986E-03, -6.13973E-03, 1.7769036E-01
5.10818E-08, -6.51450E-03, -7.19359E-03, 1.7790113E-01
5.10881E-08, -7.04142E-03, -8.03667E-03, 1.7802760E-01
5.10943E-08, -1.125685E-02, -9.19592E-03, 1.7815405E-01
5.11006E-08, -1.336456E-02, -9.93362E-03, 1.7815405E-01
5.11068E-08, -1.599920E-02, -1.046054E-02, 1.7819621E-01
5.11131E-08, -1.757998E-02, -1.098747E-02, 1.7806976E-01
5.11193E-08, -2.021462E-02, -1.130363E-02, 1.7794329E-01
5.11256E-08, -2.337619E-02, -1.140901E-02, 1.7781682E-01
5.11318E-08, -2.495697E-02, -1.140901E-02, 1.7764820E-01
5.11381E-08, -2.601083E-02, -1.130363E-02, 1.7747959E-01
5.11443E-08, -2.864547E-02, -1.109286E-02, 1.7718451E-01
5.11506E-08, -3.022625E-02, -1.077670E-02, 1.7684728E-01
5.11568E-08, -3.180704E-02, -1.046054E-02, 1.7667866E-01
5.11631E-08, -3.128011E-02, -9.82823E-03, 1.7629927E-01
5.11693E-08, -3.338782E-02, -9.40669E-03, 1.7596205E-01
5.11756E-08, -3.338782E-02, -9.09053E-03, 1.7570911E-01
5.11818E-08, -3.391474E-02, -8.56360E-03, 1.7532973E-01
5.11881E-08, -3.286089E-02, -8.24745E-03, 1.7507680E-01
5.11943E-08, -3.496860E-02, -7.93129E-03, 1.7482388E-01
5.12006E-08, -3.444167E-02, -7.72052E-03, 1.7461310E-01
5.12068E-08, -3.496860E-02, -7.61513E-03, 1.7444448E-01
5.12131E-08, -3.444167E-02, -7.61513E-03, 1.7427588E-01
5.12193E-08, -3.391474E-02, -7.93129E-03, 1.7423372E-01
5.12256E-08, -3.444167E-02, -7.93129E-03, 1.7414941E-01
5.12318E-08, -3.496860E-02, -8.56360E-03, 1.7414941E-01
5.12381E-08, -3.602246E-02, -9.09053E-03, 1.7423372E-01
5.12443E-08, -3.602246E-02, -9.82823E-03, 1.7427588E-01
5.12506E-08, -3.654939E-02, -1.067131E-02, 1.7436017E-01
5.12568E-08, -3.865710E-02, -1.161978E-02, 1.7452879E-01
5.12631E-08, -4.076481E-02, -1.277903E-02, 1.7473957E-01
5.12693E-08, -4.234559E-02, -1.404365E-02, 1.7495033E-01
5.12756E-08, -4.445330E-02, -1.530828E-02, 1.7520326E-01
5.12818E-08, -4.656101E-02, -1.667829E-02, 1.7545618E-01
5.12881E-08, -4.866873E-02, -1.783753E-02, 1.7570911E-01
5.12943E-08, -5.341108E-02, -1.941832E-02, 1.7600419E-01
5.13006E-08, -5.604572E-02, -2.057756E-02, 1.7629927E-01
5.13068E-08, -5.868036E-02, -2.173680E-02, 1.7655219E-01
5.13131E-08, -6.236885E-02, -2.279066E-02, 1.7667866E-01
5.13193E-08, -6.658427E-02, -2.394990E-02, 1.7693159E-01
5.13256E-08, -6.921891E-02, -2.468760E-02, 1.7718451E-01
5.13318E-08, -7.290741E-02, -2.531991E-02, 1.7726882E-01
5.13381E-08, -7.606898E-02, -2.584684E-02, 1.7739528E-01
5.13443E-08, -7.870361E-02, -2.616299E-02, 1.7739528E-01
5.13506E-08, -8.239211E-02, -2.616299E-02, 1.7739528E-01
5.13568E-08, -8.502675E-02, -2.605761E-02, 1.7735313E-01
5.13631E-08, -8.713446E-02, -2.595222E-02, 1.7726882E-01
5.13693E-08, -8.976910E-02, -2.531991E-02, 1.7714235E-01
5.13756E-08, -9.029603E-02, -2.437144E-02, 1.7688943E-01
5.13818E-08, -9.187681E-02, -2.373913E-02, 1.7672081E-01
5.13881E-08, -9.293067E-02, -2.247450E-02, 1.7646790E-01
5.13943E-08, -9.345759E-02, -2.131526E-02, 1.7617281E-01
5.14006E-08, -9.398452E-02, -1.994525E-02, 1.7587774E-01
5.14068E-08, -9.293067E-02, -1.846985E-02, 1.7562480E-01
5.14131E-08, -9.082296E-02, -1.688906E-02, 1.7520326E-01
5.14193E-08, -8.976910E-02, -1.530828E-02, 1.7499249E-01
5.14256E-08, -8.766139E-02, -1.372750E-02, 1.7461310E-01
5.14318E-08, -8.502675E-02, -1.214671E-02, 1.7436017E-01
5.14381E-08, -8.239211E-02, -1.067131E-02, 1.7414941E-01
5.14443E-08, -7.764976E-02, -9.30130E-03, 1.7385432E-01
5.14506E-08, -7.396127E-02, -7.72052E-03, 1.7372787E-01
5.14568E-08, -7.079970E-02, -6.77205E-03, 1.7347494E-01
5.14631E-08, -6.553042E-02, -5.50742E-03, 1.7330632E-01
5.14693E-08, -6.184192E-02, -4.87511E-03, 1.7334847E-01
5.14756E-08, -5.709957E-02, -4.03202E-03, 1.7330632E-01
5.14818E-08, -5.235722E-02, -3.61048E-03, 1.7322202E-01
5.14881E-08, -4.708794E-02, -3.18894E-03, 1.7330632E-01
5.14943E-08, -4.234559E-02, -3.18894E-03, 1.7334847E-01
5.15006E-08, -3.813017E-02, -2.97817E-03, 1.7339063E-01
5.15068E-08, -3.338782E-02, -3.50509E-03, 1.7360140E-01
5.15131E-08, -2.811854E-02, -4.03202E-03, 1.7368571E-01
5.15193E-08, -2.495697E-02, -4.55895E-03, 1.7385432E-01
5.15256E-08, -2.074155E-02, -5.19126E-03, 1.7402294E-01
5.15318E-08, -1.599920E-02, -6.13973E-03, 1.7423372E-01
5.15381E-08, -1.389149E-02, -6.98282E-03, 1.7436017E-01
5.15443E-08, -1.125685E-02, -8.03667E-03, 1.7457095E-01
5.15506E-08, -8.09528E-03, -8.98515E-03, 1.7469741E-01
5.15568E-08, -4.40678E-03, -1.003900E-02, 1.7482388E-01
5.15631E-08, -4.40678E-03, -1.109286E-02, 1.7495033E-01
5.15693E-08, -1.77215E-03, -1.214671E-02, 1.7507680E-01
5.15756E-08, -7.1829E-04, -1.309518E-02, 1.7511895E-01
5.15818E-08, 8.6249E-04, -1.383288E-02, 1.7516111E-01
5.15881E-08, 2.44328E-03, -1.457058E-02, 1.7507680E-01
5.15943E-08, 2.44328E-03, -1.520289E-02, 1.7507680E-01
5.16006E-08, 1.91635E-03, -1.562444E-02, 1.7503464E-01
5.16068E-08, 2.97021E-03, -1.615136E-02, 1.7499249E-01
5.16131E-08, 2.44328E-03, -1.615136E-02, 1.7486604E-01
5.16193E-08, 1.91635E-03, -1.636213E-02, 1.7469741E-01
5.16256E-08, 1.91635E-03, -1.615136E-02, 1.7461310E-01
5.16318E-08, 8.6249E-04, -1.594059E-02, 1.7444448E-01
5.16381E-08, 3.3557E-04, -1.551905E-02, 1.7427588E-01
5.16443E-08, -1.9136E-04, -1.478135E-02, 1.7410725E-01
5.16506E-08, -1.9136E-04, -1.414904E-02, 1.7393863E-01
5.16568E-08, -7.1829E-04, -1.341134E-02, 1.7372787E-01
5.16631E-08, -1.9136E-04, -1.256825E-02, 1.7372787E-01
5.16693E-08, -1.77215E-03, -1.151440E-02, 1.7351709E-01
5.16756E-08, -1.77215E-03, -1.088209E-02, 1.7343278E-01
5.16818E-08, -1.24522E-03, -9.72284E-03, 1.7343278E-01
5.16881E-08, -1.24522E-03, -8.66899E-03, 1.7334847E-01
5.16943E-08, -1.9136E-04, -7.72052E-03, 1.7339063E-01
5.17006E-08, -1.9136E-04, -6.77205E-03, 1.7343278E-01
5.17068E-08, 1.38942E-03, -6.03435E-03, 1.7351709E-01
5.17131E-08, 1.38942E-03, -5.08588E-03, 1.7355925E-01
5.17193E-08, 1.91635E-03, -4.45356E-03, 1.7381217E-01
5.17256E-08, 4.55099E-03, -3.82125E-03, 1.7393863E-01
5.17318E-08, 4.55099E-03, -3.50509E-03, 1.7414941E-01
5.17381E-08, 6.65870E-03, -2.87278E-03, 1.7436017E-01
5.17443E-08, 7.71256E-03, -2.87278E-03, 1.7461310E-01
5.17506E-08, 8.23948E-03, -2.55662E-03, 1.7482388E-01
5.17568E-08, 1.034720E-02, -2.76740E-03, 1.7507680E-01
5.17631E-08, 1.192798E-02, -2.97817E-03, 1.7537189E-01
5.17693E-08, 1.298183E-02, -3.29432E-03, 1.7558265E-01
5.17756E-08, 1.403569E-02, -3.71587E-03, 1.7575127E-01
5.17818E-08, 1.403569E-02, -4.24279E-03, 1.7596205E-01
5.17881E-08, 1.561647E-02, -4.66434E-03, 1.7613065E-01
5.17943E-08, 1.508955E-02, -5.50742E-03, 1.7625712E-01
5.18006E-08, 1.508955E-02, -6.24512E-03, 1.7634143E-01
5.18068E-08, 1.456262E-02, -7.19359E-03, 1.7638358E-01
5.18131E-08, 1.350876E-02, -8.03667E-03, 1.7642574E-01
5.18193E-08, 1.245491E-02, -8.77437E-03, 1.7638358E-01
5.18256E-08, 1.140105E-02, -9.72284E-03, 1.7617281E-01
5.18318E-08, 9.82027E-03, -1.046054E-02, 1.7604634E-01
5.18381E-08, 7.18563E-03, -1.151440E-02, 1.7591989E-01
5.18443E-08, 5.07792E-03, -1.214671E-02, 1.7562480E-01
5.18506E-08, 2.44328E-03, -1.298980E-02, 1.7541404E-01
5.18568E-08, -1.24522E-03, -1.362211E-02, 1.7503464E-01
5.18631E-08, -4.93371E-03, -1.425442E-02, 1.7465526E-01
5.18693E-08, -8.09528E-03, -1.467597E-02, 1.7436017E-01
5.18756E-08, -1.231070E-02, -1.541366E-02, 1.7393863E-01
5.18818E-08, -1.652613E-02, -1.572982E-02, 1.7347494E-01
5.18881E-08, -1.968769E-02, -1.615136E-02, 1.7305340E-01
5.18943E-08, -2.390312E-02, -1.636213E-02, 1.7267402E-01
5.19006E-08, -2.759161E-02, -1.646752E-02, 1.7225246E-01
5.19068E-08, -3.022625E-02, -1.636213E-02, 1.7187308E-01
5.19131E-08, -3.391474E-02, -1.636213E-02, 1.7153585E-01
5.19193E-08, -3.654939E-02, -1.636213E-02, 1.7119861E-01
5.19256E-08, -3.813017E-02, -1.615136E-02, 1.7081922E-01
5.19318E-08, -4.076481E-02, -1.583521E-02, 1.7060845E-01
5.19381E-08, -4.287252E-02, -1.551905E-02, 1.7043984E-01
5.19443E-08, -4.392638E-02, -1.520289E-02, 1.7027122E-01
5.19506E-08, -4.339945E-02, -1.467597E-02, 1.7018691E-01
5.19568E-08, -4.445330E-02, -1.446519E-02, 1.7018691E-01
5.19631E-08, -4.339945E-02, -1.383288E-02, 1.7010260E-01
5.19693E-08, -4.181866E-02, -1.351672E-02, 1.7022906E-01
5.19756E-08, -4.129174E-02, -1.277903E-02, 1.7031337E-01
5.19818E-08, -3.918403E-02, -1.235748E-02, 1.7048199E-01
5.19881E-08, -3.444167E-02, -1.172517E-02, 1.7073491E-01
5.19943E-08, -3.233396E-02, -1.151440E-02, 1.7094569E-01
5.20006E-08, -2.917239E-02, -1.077670E-02, 1.7124076E-01
5.20068E-08, -2.548390E-02, -1.024977E-02, 1.7153585E-01
5.20131E-08, -2.074155E-02, -9.82823E-03, 1.7183092E-01
5.20193E-08, -1.652613E-02, -9.19592E-03, 1.7216817E-01
5.20256E-08, -1.283763E-02, -8.77437E-03, 1.7254755E-01
5.20318E-08, -9.14914E-03, -8.35283E-03, 1.7288478E-01
5.20381E-08, -4.93371E-03, -7.93129E-03, 1.7322202E-01
5.20443E-08, -1.9136E-04, -7.72052E-03, 1.7364356E-01
5.20506E-08, 3.49713E-03, -7.40436E-03, 1.7385432E-01
5.20568E-08, 5.60485E-03, -6.98282E-03, 1.7423372E-01
5.20631E-08, 9.29334E-03, -6.66666E-03, 1.7444448E-01
5.20693E-08, 1.192798E-02, -6.56128E-03, 1.7469741E-01
5.20756E-08, 1.350876E-02, -6.35051E-03, 1.7486604E-01
5.20818E-08, 1.508955E-02, -6.24512E-03, 1.7507680E-01
5.20881E-08, 1.614340E-02, -5.92896E-03, 1.7516111E-01
5.20943E-08, 1.614340E-02, -6.13973E-03, 1.7520326E-01
5.21006E-08, 1.614340E-02, -6.03435E-03, 1.7528757E-01
5.21068E-08, 1.456262E-02, -6.13973E-03, 1.7524542E-01
5.21131E-08, 1.403569E-02, -6.35051E-03, 1.7516111E-01
5.21193E-08, 1.192798E-02, -6.56128E-03, 1.7511895E-01
5.21256E-08, 9.82027E-03, -6.77205E-03, 1.7503464E-01
5.21318E-08, 6.13177E-03, -7.29898E-03, 1.7486604E-01
5.21381E-08, 2.97021E-03, -7.72052E-03, 1.7473957E-01
5.21443E-08, -1.77215E-03, -8.14206E-03, 1.7461310E-01
5.21506E-08, -4.40678E-03, -8.77437E-03, 1.7440233E-01
5.21568E-08, -8.09528E-03, -9.51207E-03, 1.7427588E-01
5.21631E-08, -1.283763E-02, -1.035516E-02, 1.7410725E-01
5.21693E-08, -1.599920E-02, -1.109286E-02, 1.7393863E-01
5.21756E-08, -1.968769E-02, -1.235748E-02, 1.7381217E-01
5.21818E-08, -2.443004E-02, -1.330595E-02, 1.7355925E-01
5.21881E-08, -2.759161E-02, -1.435981E-02, 1.7343278E-01
5.21943E-08, -3.022625E-02, -1.562444E-02, 1.7330632E-01
5.22006E-08, -3.338782E-02, -1.667829E-02, 1.7330632E-01
5.22068E-08, -3.654939E-02, -1.804830E-02, 1.7313771E-01
5.22131E-08, -3.813017E-02, -1.941832E-02, 1.7305340E-01
5.22193E-08, -4.076481E-02, -2.068294E-02, 1.7301124E-01
5.22256E-08, -4.076481E-02, -2.215834E-02, 1.7301124E-01
5.22318E-08, -4.287252E-02, -2.321220E-02, 1.7305340E-01
5.22381E-08, -4.392638E-02, -2.468760E-02, 1.7305340E-01
5.22443E-08, -4.445330E-02, -2.584684E-02, 1.7313771E-01
5.22506E-08, -4.392638E-02, -2.711146E-02, 1.7309555E-01
5.22568E-08, -4.287252E-02, -2.827070E-02, 1.7322202E-01
5.22631E-08, -4.287252E-02, -2.942995E-02, 1.7330632E-01
5.22693E-08, -4.287252E-02, -3.037842E-02, 1.7339063E-01
5.22756E-08, -4.234559E-02, -3.132689E-02, 1.7351709E-01
5.22818E-08, -4.181866E-02, -3.195920E-02, 1.7355925E-01
5.22881E-08, -4.023788E-02, -3.248613E-02, 1.7360140E-01
5.22943E-08, -3.918403E-02, -3.301306E-02, 1.7364356E-01
5.23006E-08, -3.918403E-02, -3.311844E-02, 1.7368571E-01
5.23068E-08, -3.813017E-02, -3.322383E-02, 1.7368571E-01
5.23131E-08, -3.865710E-02, -3.311844E-02, 1.7372787E-01
5.23193E-08, -3.918403E-02, -3.280228E-02, 1.7364356E-01
5.23256E-08, -3.865710E-02, -3.206459E-02, 1.7364356E-01
5.23318E-08, -3.971095E-02, -3.153766E-02, 1.7360140E-01
5.23381E-08, -4.076481E-02, -3.079996E-02, 1.7351709E-01
5.23443E-08, -4.129174E-02, -2.953533E-02, 1.7351709E-01
5.23506E-08, -4.287252E-02, -2.827070E-02, 1.7339063E-01
5.23568E-08, -4.392638E-02, -2.690069E-02, 1.7330632E-01
5.23631E-08, -4.550716E-02, -2.531991E-02, 1.7322202E-01
5.23693E-08, -4.761487E-02, -2.363374E-02, 1.7309555E-01
5.23756E-08, -5.024951E-02, -2.173680E-02, 1.7296909E-01
5.23818E-08, -5.183030E-02, -1.973447E-02, 1.7284262E-01
5.23881E-08, -5.341108E-02, -1.773215E-02, 1.7271617E-01
5.23943E-08, -5.604572E-02, -1.572982E-02, 1.7267402E-01
5.24006E-08, -5.657265E-02, -1.341134E-02, 1.7254755E-01
5.24068E-08, -5.868036E-02, -1.140901E-02, 1.7246324E-01
5.24131E-08, -5.973421E-02, -9.19592E-03, 1.7242108E-01
5.24193E-08, -6.078807E-02, -7.19359E-03, 1.7233677E-01
5.24256E-08, -6.184192E-02, -5.19126E-03, 1.7242108E-01
5.24318E-08, -6.289578E-02, -3.18894E-03, 1.7237893E-01
5.24381E-08, -6.184192E-02, -1.50277E-03, 1.7237893E-01
5.24443E-08, -6.289578E-02, 1.8340E-04, 1.7250539E-01
5.24506E-08, -6.131500E-02, 1.76418E-03, 1.7250539E-01
5.24568E-08, -6.131500E-02, 3.23958E-03, 1.7263186E-01
5.24631E-08, -5.920728E-02, 4.50421E-03, 1.7280047E-01
5.24693E-08, -5.709957E-02, 5.45268E-03, 1.7292693E-01
5.24756E-08, -5.551879E-02, 6.19038E-03, 1.7309555E-01
5.24818E-08, -5.393801E-02, 6.82269E-03, 1.7317986E-01
5.24881E-08, -5.077644E-02, 7.13885E-03, 1.7330632E-01
5.24943E-08, -4.866873E-02, 7.24423E-03, 1.7351709E-01
5.25006E-08, -4.708794E-02, 7.13885E-03, 1.7368571E-01
5.25068E-08, -4.392638E-02, 6.92808E-03, 1.7389648E-01
5.25131E-08, -4.181866E-02, 6.40115E-03, 1.7402294E-01
5.25193E-08, -3.971095E-02, 5.87422E-03, 1.7423372E-01
5.25256E-08, -3.602246E-02, 4.92575E-03, 1.7431803E-01
5.25318E-08, -3.444167E-02, 3.97728E-03, 1.7448664E-01
5.25381E-08, -3.286089E-02, 2.92343E-03, 1.7469741E-01
5.25443E-08, -3.233396E-02, 1.76418E-03, 1.7478172E-01
5.25506E-08, -3.075318E-02, 2.8879E-04, 1.7478172E-01
5.25568E-08, -2.969932E-02, -1.18661E-03, 1.7495033E-01
5.25631E-08, -3.022625E-02, -2.45124E-03, 1.7495033E-01
5.25693E-08, -2.969932E-02, -4.13741E-03, 1.7499249E-01
5.25756E-08, -3.022625E-02, -5.61281E-03, 1.7503464E-01
5.25818E-08, -3.180704E-02, -7.08820E-03, 1.7503464E-01
5.25881E-08, -3.180704E-02, -8.35283E-03, 1.7503464E-01
5.25943E-08, -3.391474E-02, -9.72284E-03, 1.7507680E-01
5.26006E-08, -3.549553E-02, -1.088209E-02, 1.7507680E-01
5.26068E-08, -3.707631E-02, -1.214671E-02, 1.7499249E-01
5.26131E-08, -3.865710E-02, -1.298980E-02, 1.7499249E-01
5.26193E-08, -4.023788E-02, -1.393827E-02, 1.7499249E-01
5.26256E-08, -4.234559E-02, -1.446519E-02, 1.7495033E-01
5.26318E-08, -4.550716E-02, -1.520289E-02, 1.7499249E-01
5.26381E-08, -4.761487E-02, -1.572982E-02, 1.7503464E-01
5.26443E-08, -4.866873E-02, -1.583521E-02, 1.7486604E-01
5.26506E-08, -5.130336E-02, -1.594059E-02, 1.7490818E-01
5.26568E-08, -5.183030E-02, -1.583521E-02, 1.7495033E-01
5.26631E-08, -5.393801E-02, -1.541366E-02, 1.7486604E-01
5.26693E-08, -5.551879E-02, -1.520289E-02, 1.7495033E-01
5.26756E-08, -5.604572E-02, -1.457058E-02, 1.7499249E-01
5.26818E-08, -5.709957E-02, -1.404365E-02, 1.7495033E-01
5.26881E-08, -5.604572E-02, -1.320057E-02, 1.7495033E-01
5.26943E-08, -5.709957E-02, -1.246287E-02, 1.7495033E-01
5.27006E-08, -5.657265E-02, -1.161978E-02, 1.7499249E-01
5.27068E-08, -5.657265E-02, -1.077670E-02, 1.7503464E-01
5.27131E-08, -5.551879E-02, -9.61746E-03, 1.7503464E-01
5.27193E-08, -5.551879E-02, -8.77437E-03, 1.7499249E-01
5.27256E-08, -5.446493E-02, -7.72052E-03, 1.7503464E-01
5.27318E-08, -5.341108E-02, -6.66666E-03, 1.7503464E-01
5.27381E-08, -5.235722E-02, -5.82358E-03, 1.7503464E-01
5.27443E-08, -5.235722E-02, -5.08588E-03, 1.7495033E-01
5.27506E-08, -5.130336E-02, -4.34818E-03, 1.7490818E-01
5.27568E-08, -5.024951E-02, -3.82125E-03, 1.7482388E-01
5.27631E-08, -4.919565E-02, -3.39971E-03, 1.7469741E-01
5.27693E-08, -4.919565E-02, -2.97817E-03, 1.7465526E-01
5.27756E-08, -4.972258E-02, -2.87278E-03, 1.7452879E-01
5.27818E-08, -4.919565E-02, -2.87278E-03, 1.7448664E-01
5.27881E-08, -4.919565E-02, -2.76740E-03, 1.7431803E-01
5.27943E-08, -5.024951E-02, -3.18894E-03, 1.7414941E-01
5.28006E-08, -5.077644E-02, -3.50509E-03, 1.7402294E-01
5.28068E-08, -5.288415E-02, -3.82125E-03, 1.7381217E-01
5.28131E-08, -5.341108E-02, -4.55895E-03, 1.7360140E-01
5.28193E-08, -5.551879E-02, -5.50742E-03, 1.7347494E-01
5.28256E-08, -5.657265E-02, -6.35051E-03, 1.7330632E-01
5.28318E-08, -5.868036E-02, -7.40436E-03, 1.7322202E-01
5.28381E-08, -6.078807E-02, -8.35283E-03, 1.7305340E-01
5.28443E-08, -6.394964E-02, -9.82823E-03, 1.7296909E-01
5.28506E-08, -6.605735E-02, -1.088209E-02, 1.7284262E-01
5.28568E-08, -6.816506E-02, -1.235748E-02, 1.7271617E-01
5.28631E-08, -6.974584E-02, -1.351672E-02, 1.7275831E-01
5.28693E-08, -7.238048E-02, -1.499212E-02, 1.7267402E-01
5.28756E-08, -7.396127E-02, -1.636213E-02, 1.7258970E-01
5.28818E-08, -7.606898E-02, -1.773215E-02, 1.7258970E-01
5.28881E-08, -7.659590E-02, -1.889139E-02, 1.7258970E-01
5.28943E-08, -7.870361E-02, -2.026140E-02, 1.7258970E-01
5.29006E-08, -7.975747E-02, -2.120987E-02, 1.7267402E-01
5.29068E-08, -8.081133E-02, -2.257988E-02, 1.7267402E-01
5.29131E-08, -8.028440E-02, -2.342297E-02, 1.7275831E-01
5.29193E-08, -8.028440E-02, -2.437144E-02, 1.7284262E-01
5.29256E-08, -7.975747E-02, -2.510914E-02, 1.7288478E-01
5.29318E-08, -7.817668E-02, -2.584684E-02, 1.7296909E-01
5.29381E-08, -7.764976E-02, -2.637376E-02, 1.7309555E-01
5.29443E-08, -7.501512E-02, -2.690069E-02, 1.7317986E-01
5.29506E-08, -7.343434E-02, -2.700608E-02, 1.7317986E-01
5.29568E-08, -7.079970E-02, -2.721685E-02, 1.7317986E-01
5.29631E-08, -6.816506E-02, -2.711146E-02, 1.7313771E-01
5.29693E-08, -6.500349E-02, -2.711146E-02, 1.7322202E-01
5.29756E-08, -6.184192E-02, -2.668992E-02, 1.7317986E-01
5.29818E-08, -5.868036E-02, -2.637376E-02, 1.7309555E-01
5.29881E-08, -5.393801E-02, -2.574145E-02, 1.7305340E-01
5.29943E-08, -5.077644E-02, -2.531991E-02, 1.7292693E-01
5.30006E-08, -4.656101E-02, -2.447682E-02, 1.7280047E-01
5.30068E-08, -4.287252E-02, -2.352835E-02, 1.7263186E-01
5.30131E-08, -3.918403E-02, -2.236911E-02, 1.7250539E-01
5.30193E-08, -3.602246E-02, -2.163141E-02, 1.7225246E-01
5.30256E-08, -3.233396E-02, -2.026140E-02, 1.7204170E-01
5.30318E-08, -2.864547E-02, -1.910216E-02, 1.7191523E-01
5.30381E-08, -2.548390E-02, -1.773215E-02, 1.7170446E-01
5.30443E-08, -2.179541E-02, -1.636213E-02, 1.7145154E-01
5.30506E-08, -1.968769E-02, -1.520289E-02, 1.7132507E-01
5.30568E-08, -1.652613E-02, -1.362211E-02, 1.7103000E-01
5.30631E-08, -1.389149E-02, -1.214671E-02, 1.7090353E-01
5.30693E-08, -1.231070E-02, -1.098747E-02, 1.7073491E-01
5.30756E-08, -1.178377E-02, -9.51207E-03, 1.7056629E-01
5.30818E-08, -9.14914E-03, -8.14206E-03, 1.7039768E-01
5.30881E-08, -7.56835E-03, -6.77205E-03, 1.7035553E-01
5.30943E-08, -7.56835E-03, -5.71819E-03, 1.7031337E-01
5.31006E-08, -7.56835E-03, -4.34818E-03, 1.7031337E-01
5.31068E-08, -7.56835E-03, -3.50509E-03, 1.7031337E-01
5.31131E-08, -8.62221E-03, -2.34585E-03, 1.7035553E-01
5.31193E-08, -8.62221E-03, -1.50277E-03, 1.7048199E-01
5.31256E-08, -9.67606E-03, -8.7046E-04, 1.7060845E-01
5.31318E-08, -1.072992E-02, -1.3276E-04, 1.7077707E-01
5.31381E-08, -1.178377E-02, 1.8340E-04, 1.7107216E-01
5.31443E-08, -1.441841E-02, 7.1033E-04, 1.7128292E-01
5.31506E-08, -1.547227E-02, 1.02648E-03, 1.7157800E-01
5.31568E-08, -1.863384E-02, 1.02648E-03, 1.7191523E-01
5.31631E-08, -2.074155E-02, 9.2110E-04, 1.7216817E-01
5.31693E-08, -2.232233E-02, 7.1033E-04, 1.7254755E-01
5.31756E-08, -2.548390E-02, 7.1033E-04, 1.7301124E-01
5.31818E-08, -2.811854E-02, 1.8340E-04, 1.7330632E-01
5.31881E-08, -3.022625E-02, -4.4891E-04, 1.7360140E-01
5.31943E-08, -3.338782E-02, -1.08123E-03, 1.7398079E-01
5.32006E-08, -3.549553E-02, -1.92431E-03, 1.7431803E-01
5.32068E-08, -3.760324E-02, -2.76740E-03, 1.7465526E-01
5.32131E-08, -3.918403E-02, -3.71587E-03, 1.7490818E-01
5.32193E-08, -4.076481E-02, -4.66434E-03, 1.7516111E-01
5.32256E-08, -4.339945E-02, -5.71819E-03, 1.7537189E-01
5.32318E-08, -4.392638E-02, -6.77205E-03, 1.7558265E-01
5.32381E-08, -4.603409E-02, -7.82590E-03, 1.7575127E-01
5.32443E-08, -4.708794E-02, -8.87976E-03, 1.7587774E-01
5.32506E-08, -4.656101E-02, -9.72284E-03, 1.7591989E-01
5.32568E-08, -4.708794E-02, -1.088209E-02, 1.7604634E-01
5.32631E-08, -4.656101E-02, -1.183056E-02, 1.7604634E-01
5.32693E-08, -4.708794E-02, -1.298980E-02, 1.7604634E-01
5.32756E-08, -4.550716E-02, -1.341134E-02, 1.7596205E-01
5.32818E-08, -4.445330E-02, -1.435981E-02, 1.7583558E-01
5.32881E-08, -4.339945E-02, -1.488674E-02, 1.7575127E-01
5.32943E-08, -4.181866E-02, -1.520289E-02, 1.7566696E-01
5.33006E-08, -3.971095E-02, -1.583521E-02, 1.7541404E-01
5.33068E-08, -3.707631E-02, -1.604598E-02, 1.7528757E-01
5.33131E-08, -3.338782E-02, -1.604598E-02, 1.7511895E-01
5.33193E-08, -3.180704E-02, -1.604598E-02, 1.7503464E-01
5.33256E-08, -2.811854E-02, -1.604598E-02, 1.7478172E-01
5.33318E-08, -2.495697E-02, -1.594059E-02, 1.7469741E-01
5.33381E-08, -2.179541E-02, -1.562444E-02, 1.7448664E-01
5.33443E-08, -1.916077E-02, -1.520289E-02, 1.7440233E-01
5.33506E-08, -1.547227E-02, -1.467597E-02, 1.7423372E-01
5.33568E-08, -1.178377E-02, -1.446519E-02, 1.7410725E-01
5.33631E-08, -9.14914E-03, -1.383288E-02, 1.7398079E-01
5.33693E-08, -5.46064E-03, -1.330595E-02, 1.7385432E-01
5.33756E-08, -3.35293E-03, -1.267364E-02, 1.7381217E-01
5.33818E-08, 3.3557E-04, -1.214671E-02, 1.7372787E-01
5.33881E-08, 2.97021E-03, -1.151440E-02, 1.7372787E-01
5.33943E-08, 5.07792E-03, -1.109286E-02, 1.7360140E-01
5.34006E-08, 7.18563E-03, -1.046054E-02, 1.7364356E-01
5.34068E-08, 8.76641E-03, -1.003900E-02, 1.7364356E-01
5.34131E-08, 1.034720E-02, -9.72284E-03, 1.7360140E-01
5.34193E-08, 1.087412E-02, -9.40669E-03, 1.7360140E-01
5.34256E-08, 1.192798E-02, -9.09053E-03, 1.7355925E-01
5.34318E-08, 1.140105E-02, -8.66899E-03, 1.7351709E-01
5.34381E-08, 1.087412E-02, -8.56360E-03, 1.7355925E-01
5.34443E-08, 1.034720E-02, -8.56360E-03, 1.7347494E-01
5.34506E-08, 9.82027E-03, -8.56360E-03, 1.7339063E-01
5.34568E-08, 7.18563E-03, -8.45822E-03, 1.7339063E-01
5.34631E-08, 5.07792E-03, -8.45822E-03, 1.7334847E-01
5.34693E-08, 2.97021E-03, -8.56360E-03, 1.7326416E-01
5.34756E-08, -1.9136E-04, -8.66899E-03, 1.7326416E-01
5.34818E-08, -3.87986E-03, -8.87976E-03, 1.7309555E-01
5.34881E-08, -7.04142E-03, -8.77437E-03, 1.7301124E-01
5.34943E-08, -1.125685E-02, -8.87976E-03, 1.7292693E-01
5.35006E-08, -1.599920E-02, -9.09053E-03, 1.7288478E-01
5.35068E-08, -2.074155E-02, -9.09053E-03, 1.7275831E-01
5.35131E-08, -2.495697E-02, -8.98515E-03, 1.7263186E-01
5.35193E-08, -3.022625E-02, -9.30130E-03, 1.7246324E-01
5.35256E-08, -3.444167E-02, -9.09053E-03, 1.7237893E-01
5.35318E-08, -3.865710E-02, -9.09053E-03, 1.7233677E-01
5.35381E-08, -4.498023E-02, -8.87976E-03, 1.7212601E-01
5.35443E-08, -4.919565E-02, -8.77437E-03, 1.7204170E-01
5.35506E-08, -5.393801E-02, -8.56360E-03, 1.7195739E-01
5.35568E-08, -5.815343E-02, -8.45822E-03, 1.7191523E-01
5.35631E-08, -6.394964E-02, -8.14206E-03, 1.7187308E-01
5.35693E-08, -6.658427E-02, -7.82590E-03, 1.7178877E-01
5.35756E-08, -7.079970E-02, -7.40436E-03, 1.7187308E-01
5.35818E-08, -7.501512E-02, -7.08820E-03, 1.7178877E-01
5.35881E-08, -7.817668E-02, -6.66666E-03, 1.7178877E-01
5.35943E-08, -8.133826E-02, -6.35051E-03, 1.7187308E-01
5.36006E-08, -8.449982E-02, -6.03435E-03, 1.7191523E-01
5.36068E-08, -8.660753E-02, -5.82358E-03, 1.7208385E-01
5.36131E-08, -8.871525E-02, -5.61281E-03, 1.7212601E-01
5.36193E-08, -9.029603E-02, -5.19126E-03, 1.7225246E-01
5.36256E-08, -9.187681E-02, -5.08588E-03, 1.7237893E-01
5.36318E-08, -9.345759E-02, -5.08588E-03, 1.7250539E-01
5.36381E-08, -9.398452E-02, -5.08588E-03, 1.7267402E-01
5.36443E-08, -9.451145E-02, -5.29665E-03, 1.7284262E-01
5.36506E-08, -9.503838E-02, -5.29665E-03, 1.7296909E-01
5.36568E-08, -9.451145E-02, -5.50742E-03, 1.7305340E-01
5.36631E-08, -9.398452E-02, -5.61281E-03, 1.7334847E-01
5.36693E-08, -9.240374E-02, -6.03435E-03, 1.7343278E-01
5.36756E-08, -9.134988E-02, -6.45589E-03, 1.7360140E-01
5.36818E-08, -8.976910E-02, -6.87743E-03, 1.7368571E-01
5.36881E-08, -8.818832E-02, -7.19359E-03, 1.7385432E-01
5.36943E-08, -8.660753E-02, -7.93129E-03, 1.7389648E-01
5.37006E-08, -8.397289E-02, -8.24745E-03, 1.7402294E-01
5.37068E-08, -8.133826E-02, -8.87976E-03, 1.7402294E-01
5.37131E-08, -7.817668E-02, -9.30130E-03, 1.7406510E-01
5.37193E-08, -7.396127E-02, -9.72284E-03, 1.7419156E-01
5.37256E-08, -7.238048E-02, -1.024977E-02, 1.7414941E-01
5.37318E-08, -6.816506E-02, -1.067131E-02, 1.7423372E-01
5.37381E-08, -6.553042E-02, -1.109286E-02, 1.7423372E-01
5.37443E-08, -6.131500E-02, -1.119824E-02, 1.7414941E-01
5.37506E-08, -5.709957E-02, -1.130363E-02, 1.7419156E-01
5.37568E-08, -5.288415E-02, -1.151440E-02, 1.7419156E-01
5.37631E-08, -4.919565E-02, -1.151440E-02, 1.7410725E-01
5.37693E-08, -4.498023E-02, -1.151440E-02, 1.7406510E-01
5.37756E-08, -4.181866E-02, -1.109286E-02, 1.7402294E-01
5.37818E-08, -3.760324E-02, -1.098747E-02, 1.7393863E-01
5.37881E-08, -3.338782E-02, -1.056593E-02, 1.7393863E-01
5.37943E-08, -2.969932E-02, -1.024977E-02, 1.7381217E-01
5.38006E-08, -2.706468E-02, -9.72284E-03, 1.7377003E-01
5.38068E-08, -2.443004E-02, -9.19592E-03, 1.7372787E-01
5.38131E-08, -2.074155E-02, -8.56360E-03, 1.7364356E-01
5.38193E-08, -1.757998E-02, -7.93129E-03, 1.7355925E-01
5.38256E-08, -1.547227E-02, -7.29898E-03, 1.7347494E-01
5.38318E-08, -1.389149E-02, -6.77205E-03, 1.7339063E-01
5.38381E-08, -1.283763E-02, -6.24512E-03, 1.7334847E-01
5.38443E-08, -1.072992E-02, -5.61281E-03, 1.7317986E-01
5.38506E-08, -1.020299E-02, -4.98049E-03, 1.7313771E-01
5.38568E-08, -9.67606E-03, -4.34818E-03, 1.7296909E-01
5.38631E-08, -1.020299E-02, -4.03202E-03, 1.7284262E-01
5.38693E-08, -1.125685E-02, -3.61048E-03, 1.7271617E-01
5.38756E-08, -1.231070E-02, -3.18894E-03, 1.7254755E-01
5.38818E-08, -1.389149E-02, -3.08355E-03, 1.7237893E-01
5.38881E-08, -1.547227E-02, -2.76740E-03, 1.7225246E-01
5.38943E-08, -1.863384E-02, -2.55662E-03, 1.7204170E-01
5.39006E-08, -2.126848E-02, -2.66201E-03, 1.7187308E-01
5.39068E-08, -2.337619E-02, -2.55662E-03, 1.7166230E-01
5.39131E-08, -2.601083E-02, -2.87278E-03, 1.7140938E-01
5.39193E-08, -2.917239E-02, -2.87278E-03, 1.7115645E-01
5.39256E-08, -3.286089E-02, -2.97817E-03, 1.7090353E-01
5.39318E-08, -3.602246E-02, -3.29432E-03, 1.7065060E-01
5.39381E-08, -3.918403E-02, -3.61048E-03, 1.7039768E-01
5.39443E-08, -4.129174E-02, -3.71587E-03, 1.7018691E-01
5.39506E-08, -4.498023E-02, -4.03202E-03, 1.6989183E-01
5.39568E-08, -4.761487E-02, -4.13741E-03, 1.6972321E-01
5.39631E-08, -4.919565E-02, -4.55895E-03, 1.6942814E-01
5.39693E-08, -5.130336E-02, -4.66434E-03, 1.6921736E-01
5.39756E-08, -5.235722E-02, -5.08588E-03, 1.6900659E-01
5.39818E-08, -5.288415E-02, -5.29665E-03, 1.6883798E-01
5.39881E-08, -5.341108E-02, -5.29665E-03, 1.6871151E-01
5.39943E-08, -5.235722E-02, -5.61281E-03, 1.6858505E-01
5.40006E-08, -5.183030E-02, -5.50742E-03, 1.6850074E-01
5.40068E-08, -5.130336E-02, -5.61281E-03, 1.6841643E-01
5.40131E-08, -4.919565E-02, -5.61281E-03, 1.6841643E-01
5.40193E-08, -4.603409E-02, -5.50742E-03, 1.6841643E-01
5.40256E-08, -4.234559E-02, -5.40204E-03, 1.6845858E-01
5.40318E-08, -3.918403E-02, -5.29665E-03, 1.6862720E-01
5.40381E-08, -3.549553E-02, -5.08588E-03, 1.6879582E-01
5.40443E-08, -3.075318E-02, -4.87511E-03, 1.6896443E-01
5.40506E-08, -2.653776E-02, -4.76972E-03, 1.6909090E-01
5.40568E-08, -2.232233E-02, -4.66434E-03, 1.6938598E-01
5.40631E-08, -1.705305E-02, -4.45356E-03, 1.6968106E-01
5.40693E-08, -1.231070E-02, -4.03202E-03, 1.7001829E-01
5.40756E-08, -8.62221E-03, -4.13741E-03, 1.7031337E-01
5.40818E-08, -4.40678E-03, -3.71587E-03, 1.7065060E-01
5.40881E-08, -1.9136E-04, -3.39971E-03, 1.7107216E-01
5.40943E-08, 2.97021E-03, -3.29432E-03, 1.7140938E-01
5.41006E-08, 6.13177E-03, -3.18894E-03, 1.7183092E-01
5.41068E-08, 8.23948E-03, -2.76740E-03, 1.7221031E-01
5.41131E-08, 9.29334E-03, -2.55662E-03, 1.7254755E-01
5.41193E-08, 1.140105E-02, -2.45124E-03, 1.7296909E-01
5.41256E-08, 1.140105E-02, -2.13508E-03, 1.7334847E-01
5.41318E-08, 1.034720E-02, -1.81893E-03, 1.7372787E-01
5.41381E-08, 8.23948E-03, -1.39738E-03, 1.7402294E-01
5.41443E-08, 5.60485E-03, -1.18661E-03, 1.7440233E-01
5.41506E-08, 2.44328E-03, -7.6507E-04, 1.7457095E-01
5.41568E-08, -1.77215E-03, -2.3814E-04, 1.7478172E-01
5.41631E-08, -6.51450E-03, 3.9417E-04, 1.7507680E-01
5.41693E-08, -1.231070E-02, 8.1571E-04, 1.7516111E-01
5.41756E-08, -1.757998E-02, 1.34264E-03, 1.7528757E-01
5.41818E-08, -2.390312E-02, 2.08034E-03, 1.7537189E-01
5.41881E-08, -3.022625E-02, 2.92343E-03, 1.7541404E-01
5.41943E-08, -3.813017E-02, 3.66112E-03, 1.7541404E-01
5.42006E-08, -4.550716E-02, 4.50421E-03, 1.7541404E-01
5.42068E-08, -5.288415E-02, 5.34729E-03, 1.7528757E-01
5.42131E-08, -6.078807E-02, 6.19038E-03, 1.7516111E-01
5.42193E-08, -6.658427E-02, 7.13885E-03, 1.7499249E-01
5.42256E-08, -7.343434E-02, 7.98193E-03, 1.7478172E-01
5.42318E-08, -7.870361E-02, 8.61425E-03, 1.7452879E-01
5.42381E-08, -8.555368E-02, 9.35195E-03, 1.7431803E-01
5.42443E-08, -9.029603E-02, 1.008964E-02, 1.7398079E-01
5.42506E-08, -9.398452E-02, 1.093273E-02, 1.7364356E-01
5.42568E-08, -9.714609E-02, 1.135427E-02, 1.7334847E-01
5.42631E-08, -1.0030766E-01, 1.177581E-02, 1.7296909E-01
5.42693E-08, -1.0241537E-01, 1.188120E-02, 1.7271617E-01
5.42756E-08, -1.0241537E-01, 1.209197E-02, 1.7233677E-01
5.42818E-08, -1.0294230E-01, 1.188120E-02, 1.7195739E-01
5.42881E-08, -1.0030766E-01, 1.177581E-02, 1.7157800E-01
5.42943E-08, -9.978073E-02, 1.156504E-02, 1.7115645E-01
5.43006E-08, -9.609224E-02, 1.093273E-02, 1.7077707E-01
5.43068E-08, -9.240374E-02, 1.019503E-02, 1.7043984E-01
5.43131E-08, -8.713446E-02, 9.35195E-03, 1.7006044E-01
5.43193E-08, -8.291904E-02, 8.29809E-03, 1.6976537E-01
5.43256E-08, -7.659590E-02, 7.13885E-03, 1.6938598E-01
5.43318E-08, -7.079970E-02, 5.76884E-03, 1.6913305E-01
5.43381E-08, -6.500349E-02, 4.50421E-03, 1.6875367E-01
5.43443E-08, -5.815343E-02, 3.13420E-03, 1.6858505E-01
5.43506E-08, -5.130336E-02, 1.34264E-03, 1.6820566E-01
5.43568E-08, -4.445330E-02, -1.3276E-04, 1.6803704E-01
5.43631E-08, -3.760324E-02, -1.60815E-03, 1.6782628E-01
5.43693E-08, -3.180704E-02, -3.18894E-03, 1.6765766E-01
5.43756E-08, -2.548390E-02, -4.45356E-03, 1.6753119E-01
5.43818E-08, -1.916077E-02, -5.71819E-03, 1.6736257E-01
5.43881E-08, -1.494534E-02, -6.98282E-03, 1.6727827E-01
5.43943E-08, -1.020299E-02, -7.82590E-03, 1.6719396E-01
5.44006E-08, -6.51450E-03, -8.98515E-03, 1.6723612E-01
5.44068E-08, -3.35293E-03, -9.40669E-03, 1.6723612E-01
5.44131E-08, 3.3557E-04, -1.003900E-02, 1.6727827E-01
5.44193E-08, 1.38942E-03, -1.003900E-02, 1.6736257E-01
5.44256E-08, 2.97021E-03, -1.024977E-02, 1.6744688E-01
5.44318E-08, 2.44328E-03, -9.82823E-03, 1.6753119E-01
5.44381E-08, 2.44328E-03, -9.51207E-03, 1.6778412E-01
5.44443E-08, 1.91635E-03, -8.56360E-03, 1.6786842E-01
5.44506E-08, 3.3557E-04, -7.50975E-03, 1.6807920E-01
5.44568E-08, -1.77215E-03, -6.56128E-03, 1.6837429E-01
5.44631E-08, -4.40678E-03, -5.19126E-03, 1.6862720E-01
5.44693E-08, -5.46064E-03, -3.82125E-03, 1.6883798E-01
5.44756E-08, -9.14914E-03, -2.34585E-03, 1.6917521E-01
5.44818E-08, -1.231070E-02, -5.5430E-04, 1.6942814E-01
5.44881E-08, -1.599920E-02, 1.23726E-03, 1.6976537E-01
5.44943E-08, -2.021462E-02, 2.71265E-03, 1.7006044E-01
5.45006E-08, -2.337619E-02, 4.60959E-03, 1.7031337E-01
5.45068E-08, -2.601083E-02, 6.29576E-03, 1.7056629E-01
5.45131E-08, -2.969932E-02, 8.19270E-03, 1.7090353E-01
5.45193E-08, -3.338782E-02, 9.45733E-03, 1.7115645E-01
5.45256E-08, -3.602246E-02, 1.093273E-02, 1.7136723E-01
5.45318E-08, -3.918403E-02, 1.219736E-02, 1.7166230E-01
5.45381E-08, -4.181866E-02, 1.314583E-02, 1.7178877E-01
5.45443E-08, -4.392638E-02, 1.398891E-02, 1.7204170E-01
5.45506E-08, -4.603409E-02, 1.504277E-02, 1.7216817E-01
5.45568E-08, -4.814180E-02, 1.525354E-02, 1.7229462E-01
5.45631E-08, -4.972258E-02, 1.556969E-02, 1.7242108E-01
5.45693E-08, -5.077644E-02, 1.546431E-02, 1.7246324E-01
5.45756E-08, -5.235722E-02, 1.535892E-02, 1.7250539E-01
5.45818E-08, -5.341108E-02, 1.493738E-02, 1.7254755E-01
5.45881E-08, -5.393801E-02, 1.451584E-02, 1.7250539E-01
5.45943E-08, -5.446493E-02, 1.367275E-02, 1.7237893E-01
5.46006E-08, -5.393801E-02, 1.304044E-02, 1.7233677E-01
5.46068E-08, -5.499186E-02, 1.188120E-02, 1.7229462E-01
5.46131E-08, -5.446493E-02, 1.072196E-02, 1.7212601E-01
5.46193E-08, -5.393801E-02, 9.45733E-03, 1.7208385E-01
5.46256E-08, -5.446493E-02, 8.19270E-03, 1.7191523E-01
5.46318E-08, -5.341108E-02, 6.82269E-03, 1.7174661E-01
5.46381E-08, -5.446493E-02, 5.55806E-03, 1.7162016E-01
5.46443E-08, -5.446493E-02, 4.08267E-03, 1.7140938E-01
5.46506E-08, -5.341108E-02, 2.92343E-03, 1.7132507E-01
5.46568E-08, -5.499186E-02, 1.65880E-03, 1.7119861E-01
5.46631E-08, -5.446493E-02, 7.1033E-04, 1.7103000E-01
5.46693E-08, -5.499186E-02, -4.4891E-04, 1.7103000E-01
5.46756E-08, -5.551879E-02, -1.60815E-03, 1.7090353E-01
5.46818E-08, -5.551879E-02, -2.55662E-03, 1.7081922E-01
5.46881E-08, -5.604572E-02, -3.29432E-03, 1.7065060E-01
5.46943E-08, -5.604572E-02, -4.03202E-03, 1.7069276E-01
5.47006E-08, -5.762650E-02, -4.66434E-03, 1.7065060E-01
5.47068E-08, -5.657265E-02, -4.98049E-03, 1.7065060E-01
5.47131E-08, -5.762650E-02, -5.61281E-03, 1.7073491E-01
5.47193E-08, -5.868036E-02, -5.82358E-03, 1.7065060E-01
5.47256E-08, -5.920728E-02, -6.35051E-03, 1.7069276E-01
5.47318E-08, -6.026114E-02, -6.35051E-03, 1.7077707E-01
5.47381E-08, -6.026114E-02, -6.66666E-03, 1.7073491E-01
5.47443E-08, -6.078807E-02, -6.87743E-03, 1.7081922E-01
5.47506E-08, -6.184192E-02, -7.08820E-03, 1.7077707E-01
5.47568E-08, -6.236885E-02, -7.19359E-03, 1.7081922E-01
5.47631E-08, -6.131500E-02, -7.40436E-03, 1.7081922E-01
5.47693E-08, -6.342271E-02, -7.72052E-03, 1.7086138E-01
5.47756E-08, -6.342271E-02, -7.82590E-03, 1.7081922E-01
5.47818E-08, -6.394964E-02, -7.93129E-03, 1.7086138E-01
5.47881E-08, -6.394964E-02, -8.03667E-03, 1.7065060E-01
5.47943E-08, -6.447656E-02, -8.45822E-03, 1.7065060E-01
5.48006E-08, -6.500349E-02, -8.66899E-03, 1.7039768E-01
5.48068E-08, -6.447656E-02, -8.87976E-03, 1.7022906E-01
5.48131E-08, -6.447656E-02, -8.98515E-03, 1.7014475E-01
5.48193E-08, -6.500349E-02, -9.19592E-03, 1.6993399E-01
5.48256E-08, -6.447656E-02, -9.51207E-03, 1.6963890E-01
5.48318E-08, -6.447656E-02, -9.72284E-03, 1.6942814E-01
5.48381E-08, -6.553042E-02, -1.003900E-02, 1.6917521E-01
5.48443E-08, -6.500349E-02, -9.93362E-03, 1.6888013E-01
5.48506E-08, -6.394964E-02, -1.014439E-02, 1.6862720E-01
5.48568E-08, -6.394964E-02, -1.003900E-02, 1.6820566E-01
5.48631E-08, -6.236885E-02, -9.82823E-03, 1.6799489E-01
5.48693E-08, -6.184192E-02, -9.93362E-03, 1.6769981E-01
5.48756E-08, -6.131500E-02, -9.51207E-03, 1.6748904E-01
5.48818E-08, -5.973421E-02, -9.19592E-03, 1.6715181E-01
5.48881E-08, -5.762650E-02, -8.77437E-03, 1.6694103E-01
5.48943E-08, -5.657265E-02, -8.35283E-03, 1.6668811E-01
5.49006E-08, -5.551879E-02, -7.61513E-03, 1.6656165E-01
5.49068E-08, -5.288415E-02, -6.66666E-03, 1.6643518E-01
5.49131E-08, -5.077644E-02, -6.03435E-03, 1.6635087E-01
5.49193E-08, -4.866873E-02, -5.29665E-03, 1.6639303E-01
5.49256E-08, -4.550716E-02, -4.34818E-03, 1.6639303E-01
5.49318E-08, -4.339945E-02, -3.18894E-03, 1.6647734E-01
5.49381E-08, -4.076481E-02, -2.24047E-03, 1.6660380E-01
5.49443E-08, -3.813017E-02, -1.18661E-03, 1.6677241E-01
5.49506E-08, -3.496860E-02, -1.3276E-04, 1.6685672E-01
5.49568E-08, -3.180704E-02, 8.1571E-04, 1.6719396E-01
5.49631E-08, -2.864547E-02, 2.08034E-03, 1.6740473E-01
5.49693E-08, -2.601083E-02, 2.92343E-03, 1.6782628E-01
5.49756E-08, -2.232233E-02, 3.87190E-03, 1.6812135E-01
5.49818E-08, -1.968769E-02, 4.92575E-03, 1.6850074E-01
5.49881E-08, -1.599920E-02, 5.87422E-03, 1.6883798E-01
5.49943E-08, -1.441841E-02, 6.61192E-03, 1.6921736E-01
5.50006E-08, -1.283763E-02, 7.24423E-03, 1.6955459E-01
5.50068E-08, -1.020299E-02, 7.77116E-03, 1.6989183E-01
5.50131E-08, -8.62221E-03, 8.40348E-03, 1.7027122E-01
5.50193E-08, -7.04142E-03, 8.82502E-03, 1.7056629E-01
5.50256E-08, -5.98757E-03, 9.45733E-03, 1.7077707E-01
5.50318E-08, -5.46064E-03, 9.35195E-03, 1.7094569E-01
5.50381E-08, -5.46064E-03, 9.45733E-03, 1.7111430E-01
5.50443E-08, -5.46064E-03, 9.56272E-03, 1.7115645E-01
5.50506E-08, -5.98757E-03, 9.45733E-03, 1.7115645E-01
5.50568E-08, -6.51450E-03, 9.14117E-03, 1.7111430E-01
5.50631E-08, -8.09528E-03, 8.93040E-03, 1.7103000E-01
5.50693E-08, -1.020299E-02, 8.40348E-03, 1.7090353E-01
5.50756E-08, -1.178377E-02, 8.29809E-03, 1.7056629E-01
5.50818E-08, -1.336456E-02, 7.77116E-03, 1.7027122E-01
5.50881E-08, -1.599920E-02, 7.34962E-03, 1.6980752E-01
5.50943E-08, -1.968769E-02, 6.61192E-03, 1.6951244E-01
5.51006E-08, -2.232233E-02, 6.08499E-03, 1.6900659E-01
5.51068E-08, -2.495697E-02, 5.45268E-03, 1.6845858E-01
5.51131E-08, -2.917239E-02, 4.82037E-03, 1.6795273E-01
5.51193E-08, -3.233396E-02, 4.08267E-03, 1.6740473E-01
5.51256E-08, -3.549553E-02, 3.45035E-03, 1.6685672E-01
5.51318E-08, -3.918403E-02, 2.81804E-03, 1.6630872E-01
5.51381E-08, -4.234559E-02, 2.08034E-03, 1.6576071E-01
5.51443E-08, -4.603409E-02, 1.44803E-03, 1.6529702E-01
5.51506E-08, -4.814180E-02, 7.1033E-04, 1.6479117E-01
5.51568E-08, -5.183030E-02, -1.3276E-04, 1.6441178E-01
5.51631E-08, -5.288415E-02, -9.7584E-04, 1.6407454E-01
5.51693E-08, -5.657265E-02, -1.60815E-03, 1.6377947E-01
5.51756E-08, -5.815343E-02, -2.24047E-03, 1.6348439E-01
5.51818E-08, -5.920728E-02, -3.18894E-03, 1.6340008E-01
5.51881E-08, -6.026114E-02, -3.71587E-03, 1.6323146E-01
5.51943E-08, -6.236885E-02, -4.66434E-03, 1.6331577E-01
5.52006E-08, -6.342271E-02, -5.19126E-03, 1.6340008E-01
5.52068E-08, -6.447656E-02, -6.03435E-03, 1.6356869E-01
5.52131E-08, -6.394964E-02, -6.66666E-03, 1.6377947E-01
5.52193E-08, -6.289578E-02, -7.72052E-03, 1.6415885E-01
5.52256E-08, -6.342271E-02, -8.24745E-03, 1.6445394E-01
5.52318E-08, -6.236885E-02, -9.30130E-03, 1.6500194E-01
5.52381E-08, -6.289578E-02, -9.93362E-03, 1.6554995E-01
5.52443E-08, -6.078807E-02, -1.067131E-02, 1.6597149E-01
5.52506E-08, -5.973421E-02, -1.130363E-02, 1.6656165E-01
5.52568E-08, -5.815343E-02, -1.204133E-02, 1.6710965E-01
5.52631E-08, -5.762650E-02, -1.256825E-02, 1.6782628E-01
5.52693E-08, -5.657265E-02, -1.309518E-02, 1.6833213E-01
5.52756E-08, -5.499186E-02, -1.393827E-02, 1.6888013E-01
5.52818E-08, -5.393801E-02, -1.446519E-02, 1.6942814E-01
5.52881E-08, -5.130336E-02, -1.478135E-02, 1.6989183E-01
5.52943E-08, -5.024951E-02, -1.509751E-02, 1.7039768E-01
5.53006E-08, -4.814180E-02, -1.551905E-02, 1.7081922E-01
5.53068E-08, -4.814180E-02, -1.572982E-02, 1.7119861E-01
5.53131E-08, -4.603409E-02, -1.604598E-02, 1.7145154E-01
5.53193E-08, -4.603409E-02, -1.604598E-02, 1.7157800E-01
5.53256E-08, -4.392638E-02, -1.594059E-02, 1.7183092E-01
5.53318E-08, -4.287252E-02, -1.594059E-02, 1.7195739E-01
5.53381E-08, -4.287252E-02, -1.572982E-02, 1.7187308E-01
5.53443E-08, -4.129174E-02, -1.572982E-02, 1.7183092E-01
5.53506E-08, -4.129174E-02, -1.520289E-02, 1.7162016E-01
5.53568E-08, -4.076481E-02, -1.478135E-02, 1.7140938E-01
5.53631E-08, -4.181866E-02, -1.425442E-02, 1.7119861E-01
5.53693E-08, -4.076481E-02, -1.393827E-02, 1.7086138E-01
5.53756E-08, -4.129174E-02, -1.309518E-02, 1.7056629E-01
5.53818E-08, -4.076481E-02, -1.246287E-02, 1.7014475E-01
5.53881E-08, -4.129174E-02, -1.161978E-02, 1.6968106E-01
5.53943E-08, -4.181866E-02, -1.098747E-02, 1.6930167E-01
5.54006E-08, -4.181866E-02, -1.024977E-02, 1.6879582E-01
5.54068E-08, -4.234559E-02, -9.40669E-03, 1.6833213E-01
5.54131E-08, -4.287252E-02, -8.66899E-03, 1.6786842E-01
5.54193E-08, -4.392638E-02, -7.72052E-03, 1.6748904E-01
5.54256E-08, -4.392638E-02, -7.08820E-03, 1.6698319E-01
5.54318E-08, -4.498023E-02, -6.35051E-03, 1.6668811E-01
5.54381E-08, -4.603409E-02, -5.82358E-03, 1.6630872E-01
5.54443E-08, -4.550716E-02, -5.19126E-03, 1.6601364E-01
5.54506E-08, -4.603409E-02, -4.55895E-03, 1.6576071E-01
5.54568E-08, -4.656101E-02, -4.24279E-03, 1.6554995E-01
5.54631E-08, -4.708794E-02, -3.71587E-03, 1.6533917E-01
5.54693E-08, -4.656101E-02, -3.61048E-03, 1.6517055E-01
5.54756E-08, -4.708794E-02, -3.29432E-03, 1.6512839E-01
5.54818E-08, -4.708794E-02, -3.29432E-03, 1.6508625E-01
5.54881E-08, -4.603409E-02, -3.18894E-03, 1.6504410E-01
5.54943E-08, -4.603409E-02, -3.39971E-03, 1.6504410E-01
5.55006E-08, -4.656101E-02, -3.61048E-03, 1.6508625E-01
5.55068E-08, -4.550716E-02, -3.71587E-03, 1.6525486E-01
5.55131E-08, -4.498023E-02, -4.03202E-03, 1.6542348E-01
5.55193E-08, -4.445330E-02, -4.45356E-03, 1.6559210E-01
5.55256E-08, -4.287252E-02, -5.08588E-03, 1.6571856E-01
5.55318E-08, -4.129174E-02, -5.40204E-03, 1.6592933E-01
5.55381E-08, -4.076481E-02, -5.92896E-03, 1.6614011E-01
5.55443E-08, -3.971095E-02, -6.66666E-03, 1.6630872E-01
5.55506E-08, -3.760324E-02, -7.19359E-03, 1.6660380E-01
5.55568E-08, -3.602246E-02, -7.93129E-03, 1.6673027E-01
5.55631E-08, -3.338782E-02, -8.35283E-03, 1.6694103E-01
5.55693E-08, -3.233396E-02, -8.87976E-03, 1.6719396E-01
5.55756E-08, -3.022625E-02, -9.61746E-03, 1.6736257E-01
5.55818E-08, -2.811854E-02, -1.003900E-02, 1.6761550E-01
5.55881E-08, -2.601083E-02, -1.046054E-02, 1.6778412E-01
5.55943E-08, -2.390312E-02, -1.067131E-02, 1.6791058E-01
5.56006E-08, -2.179541E-02, -1.109286E-02, 1.6807920E-01
5.56068E-08, -2.021462E-02, -1.130363E-02, 1.6820566E-01
5.56131E-08, -1.705305E-02, -1.130363E-02, 1.6837429E-01
5.56193E-08, -1.547227E-02, -1.140901E-02, 1.6845858E-01
5.56256E-08, -1.336456E-02, -1.119824E-02, 1.6854289E-01
5.56318E-08, -1.125685E-02, -1.109286E-02, 1.6871151E-01
5.56381E-08, -1.020299E-02, -1.067131E-02, 1.6875367E-01
5.56443E-08, -8.62221E-03, -1.035516E-02, 1.6888013E-01
5.56506E-08, -7.56835E-03, -9.82823E-03, 1.6883798E-01
5.56568E-08, -7.04142E-03, -9.19592E-03, 1.6900659E-01
5.56631E-08, -5.98757E-03, -8.14206E-03, 1.6904874E-01
5.56693E-08, -5.46064E-03, -7.40436E-03, 1.6904874E-01
5.56756E-08, -5.46064E-03, -6.56128E-03, 1.6913305E-01
5.56818E-08, -5.98757E-03, -5.29665E-03, 1.6913305E-01
5.56881E-08, -5.46064E-03, -4.13741E-03, 1.6913305E-01
5.56943E-08, -7.04142E-03, -3.18894E-03, 1.6909090E-01
5.57006E-08, -7.56835E-03, -1.81893E-03, 1.6917521E-01
5.57068E-08, -8.62221E-03, -4.4891E-04, 1.6913305E-01
5.57131E-08, -1.020299E-02, 8.1571E-04, 1.6909090E-01
5.57193E-08, -1.178377E-02, 2.18573E-03, 1.6909090E-01
5.57256E-08, -1.336456E-02, 3.55574E-03, 1.6896443E-01
5.57318E-08, -1.599920E-02, 4.71498E-03, 1.6892228E-01
5.57381E-08, -1.916077E-02, 6.08499E-03, 1.6883798E-01
5.57443E-08, -2.126848E-02, 7.45500E-03, 1.6875367E-01
5.57506E-08, -2.337619E-02, 8.50886E-03, 1.6866936E-01
5.57568E-08, -2.601083E-02, 9.45733E-03, 1.6854289E-01
5.57631E-08, -2.864547E-02, 1.072196E-02, 1.6837429E-01
5.57693E-08, -3.338782E-02, 1.145966E-02, 1.6828997E-01
5.57756E-08, -3.602246E-02, 1.230274E-02, 1.6820566E-01
5.57818E-08, -3.865710E-02, 1.272428E-02, 1.6807920E-01
5.57881E-08, -4.023788E-02, 1.335660E-02, 1.6791058E-01
5.57943E-08, -4.445330E-02, 1.367275E-02, 1.6782628E-01
5.58006E-08, -4.761487E-02, 1.367275E-02, 1.6761550E-01
5.58068E-08, -5.024951E-02, 1.388352E-02, 1.6748904E-01
5.58131E-08, -5.341108E-02, 1.367275E-02, 1.6744688E-01
5.58193E-08, -5.551879E-02, 1.367275E-02, 1.6732042E-01
5.58256E-08, -5.762650E-02, 1.314583E-02, 1.6719396E-01
5.58318E-08, -5.973421E-02, 1.272428E-02, 1.6715181E-01
5.58381E-08, -6.184192E-02, 1.209197E-02, 1.6706750E-01
5.58443E-08, -6.289578E-02, 1.124889E-02, 1.6710965E-01
5.58506E-08, -6.447656E-02, 1.040580E-02, 1.6698319E-01
5.58568E-08, -6.500349E-02, 9.56272E-03, 1.6702534E-01
5.58631E-08, -6.553042E-02, 8.40348E-03, 1.6694103E-01
5.58693E-08, -6.553042E-02, 7.34962E-03, 1.6689888E-01
5.58756E-08, -6.553042E-02, 6.29576E-03, 1.6698319E-01
5.58818E-08, -6.394964E-02, 5.13652E-03, 1.6694103E-01
5.58881E-08, -6.236885E-02, 4.08267E-03, 1.6694103E-01
5.58943E-08, -6.131500E-02, 2.81804E-03, 1.6706750E-01
5.59006E-08, -5.920728E-02, 1.86957E-03, 1.6689888E-01
5.59068E-08, -5.815343E-02, 7.1033E-04, 1.6698319E-01
5.59131E-08, -5.499186E-02, -1.3276E-04, 1.6706750E-01
5.59193E-08, -5.130336E-02, -9.7584E-04, 1.6698319E-01
5.59256E-08, -4.761487E-02, -1.50277E-03, 1.6698319E-01
5.59318E-08, -4.445330E-02, -2.24047E-03, 1.6698319E-01
5.59381E-08, -4.023788E-02, -2.76740E-03, 1.6694103E-01
5.59443E-08, -3.496860E-02, -2.97817E-03, 1.6685672E-01
5.59506E-08, -3.022625E-02, -2.87278E-03, 1.6677241E-01
5.59568E-08, -2.495697E-02, -2.87278E-03, 1.6668811E-01
5.59631E-08, -1.968769E-02, -2.66201E-03, 1.6660380E-01
5.59693E-08, -1.494534E-02, -2.34585E-03, 1.6647734E-01
5.59756E-08, -9.14914E-03, -1.92431E-03, 1.6635087E-01
5.59818E-08, -3.35293E-03, -1.18661E-03, 1.6622441E-01
5.59881E-08, 2.44328E-03, -2.3814E-04, 1.6605580E-01
5.59943E-08, 7.71256E-03, 8.1571E-04, 1.6584502E-01
5.60006E-08, 1.245491E-02, 1.86957E-03, 1.6571856E-01
5.60068E-08, 1.825111E-02, 2.92343E-03, 1.6559210E-01
5.60131E-08, 2.352039E-02, 4.29344E-03, 1.6538133E-01
5.60193E-08, 2.826274E-02, 5.45268E-03, 1.6521271E-01
5.60256E-08, 3.195124E-02, 6.61192E-03, 1.6504410E-01
5.60318E-08, 3.722052E-02, 7.77116E-03, 1.6487548E-01
5.60381E-08, 4.038208E-02, 9.03579E-03, 1.6470686E-01
5.60443E-08, 4.459751E-02, 1.040580E-02, 1.6462255E-01
5.60506E-08, 4.828600E-02, 1.135427E-02, 1.6462255E-01
5.60568E-08, 5.039372E-02, 1.230274E-02, 1.6458039E-01
5.60631E-08, 5.302835E-02, 1.325121E-02, 1.6458039E-01
5.60693E-08, 5.408221E-02, 1.377814E-02, 1.6458039E-01
5.60756E-08, 5.513607E-02, 1.409430E-02, 1.6470686E-01
5.60818E-08, 5.513607E-02, 1.472661E-02, 1.6470686E-01
5.60881E-08, 5.566299E-02, 1.472661E-02, 1.6483332E-01
5.60943E-08, 5.408221E-02, 1.451584E-02, 1.6500194E-01
5.61006E-08, 5.408221E-02, 1.430507E-02, 1.6508625E-01
5.61068E-08, 5.302835E-02, 1.367275E-02, 1.6533917E-01
5.61131E-08, 4.986679E-02, 1.282967E-02, 1.6550779E-01
5.61193E-08, 4.775907E-02, 1.198658E-02, 1.6576071E-01
5.61256E-08, 4.565137E-02, 1.082734E-02, 1.6601364E-01
5.61318E-08, 4.196287E-02, 9.14117E-03, 1.6626656E-01
5.61381E-08, 3.774745E-02, 7.66578E-03, 1.6660380E-01
5.61443E-08, 3.353202E-02, 5.87422E-03, 1.6681457E-01
5.61506E-08, 2.984353E-02, 4.08267E-03, 1.6702534E-01
5.61568E-08, 2.562810E-02, 2.08034E-03, 1.6736257E-01
5.61631E-08, 2.141268E-02, 7.801E-05, 1.6753119E-01
5.61693E-08, 1.614340E-02, -2.24047E-03, 1.6765766E-01
5.61756E-08, 1.140105E-02, -4.55895E-03, 1.6786842E-01
5.61818E-08, 7.18563E-03, -6.56128E-03, 1.6803704E-01
5.61881E-08, 2.44328E-03, -8.87976E-03, 1.6812135E-01
5.61943E-08, -3.35293E-03, -1.088209E-02, 1.6816351E-01
5.62006E-08, -7.56835E-03, -1.298980E-02, 1.6824782E-01
5.62068E-08, -1.178377E-02, -1.488674E-02, 1.6824782E-01
5.62131E-08, -1.652613E-02, -1.699445E-02, 1.6820566E-01
5.62193E-08, -2.126848E-02, -1.846985E-02, 1.6807920E-01
5.62256E-08, -2.443004E-02, -1.994525E-02, 1.6803704E-01
5.62318E-08, -2.864547E-02, -2.120987E-02, 1.6786842E-01
5.62381E-08, -3.180704E-02, -2.247450E-02, 1.6778412E-01
5.62443E-08, -3.549553E-02, -2.310681E-02, 1.6753119E-01
5.62506E-08, -3.813017E-02, -2.384451E-02, 1.6736257E-01
5.62568E-08, -4.129174E-02, -2.426605E-02, 1.6710965E-01
5.62631E-08, -4.339945E-02, -2.447682E-02, 1.6689888E-01
5.62693E-08, -4.550716E-02, -2.458221E-02, 1.6664596E-01
5.62756E-08, -4.814180E-02, -2.447682E-02, 1.6635087E-01
5.62818E-08, -4.972258E-02, -2.426605E-02, 1.6622441E-01
5.62881E-08, -5.024951E-02, -2.352835E-02, 1.6592933E-01
5.62943E-08, -5.183030E-02, -2.300143E-02, 1.6567640E-01
5.63006E-08, -5.341108E-02, -2.236911E-02, 1.6542348E-01
5.63068E-08, -5.393801E-02, -2.152603E-02, 1.6525486E-01
5.63131E-08, -5.446493E-02, -2.047217E-02, 1.6512839E-01
5.63193E-08, -5.551879E-02, -1.931293E-02, 1.6495979E-01
5.63256E-08, -5.499186E-02, -1.836446E-02, 1.6487548E-01
5.63318E-08, -5.657265E-02, -1.741599E-02, 1.6479117E-01
5.63381E-08, -5.551879E-02, -1.615136E-02, 1.6470686E-01
5.63443E-08, -5.551879E-02, -1.520289E-02, 1.6474901E-01
5.63506E-08, -5.551879E-02, -1.404365E-02, 1.6479117E-01
5.63568E-08, -5.551879E-02, -1.309518E-02, 1.6483332E-01
5.63631E-08, -5.499186E-02, -1.225210E-02, 1.6487548E-01
5.63693E-08, -5.499186E-02, -1.140901E-02, 1.6508625E-01
5.63756E-08, -5.446493E-02, -1.077670E-02, 1.6512839E-01
5.63818E-08, -5.499186E-02, -1.014439E-02, 1.6533917E-01
5.63881E-08, -5.341108E-02, -9.51207E-03, 1.6546564E-01
5.63943E-08, -5.393801E-02, -9.19592E-03, 1.6576071E-01
5.64006E-08, -5.393801E-02, -8.77437E-03, 1.6601364E-01
5.64068E-08, -5.341108E-02, -8.66899E-03, 1.6618226E-01
5.64131E-08, -5.288415E-02, -8.35283E-03, 1.6647734E-01
5.64193E-08, -5.235722E-02, -8.35283E-03, 1.6673027E-01
5.64256E-08, -5.288415E-02, -8.03667E-03, 1.6689888E-01
5.64318E-08, -5.288415E-02, -8.35283E-03, 1.6719396E-01
5.64381E-08, -5.288415E-02, -8.24745E-03, 1.6740473E-01
5.64443E-08, -5.288415E-02, -8.35283E-03, 1.6765766E-01
5.64506E-08, -5.341108E-02, -8.24745E-03, 1.6782628E-01
5.64568E-08, -5.341108E-02, -8.35283E-03, 1.6799489E-01
5.64631E-08, -5.393801E-02, -8.45822E-03, 1.6812135E-01
5.64693E-08, -5.499186E-02, -8.56360E-03, 1.6833213E-01
5.64756E-08, -5.551879E-02, -8.24745E-03, 1.6837429E-01
5.64818E-08, -5.604572E-02, -8.14206E-03, 1.6845858E-01
5.64881E-08, -5.657265E-02, -8.03667E-03, 1.6854289E-01
5.64943E-08, -5.815343E-02, -7.72052E-03, 1.6850074E-01
5.65006E-08, -5.868036E-02, -7.29898E-03, 1.6854289E-01
5.65068E-08, -5.973421E-02, -6.98282E-03, 1.6845858E-01
5.65131E-08, -6.078807E-02, -6.45589E-03, 1.6837429E-01
5.65193E-08, -6.184192E-02, -5.92896E-03, 1.6828997E-01
5.65256E-08, -6.236885E-02, -5.40204E-03, 1.6812135E-01
5.65318E-08, -6.447656E-02, -4.55895E-03, 1.6795273E-01
5.65381E-08, -6.553042E-02, -4.03202E-03, 1.6769981E-01
5.65443E-08, -6.658427E-02, -3.18894E-03, 1.6757335E-01
5.65506E-08, -6.711120E-02, -2.34585E-03, 1.6727827E-01
5.65568E-08, -6.763813E-02, -1.81893E-03, 1.6706750E-01
5.65631E-08, -6.921891E-02, -9.7584E-04, 1.6681457E-01
5.65693E-08, -7.079970E-02, -2.3814E-04, 1.6651949E-01
5.65756E-08, -7.027277E-02, 3.9417E-04, 1.6626656E-01
5.65818E-08, -7.185356E-02, 1.02648E-03, 1.6609795E-01
5.65881E-08, -7.132663E-02, 1.65880E-03, 1.6576071E-01
5.65943E-08, -7.290741E-02, 2.29111E-03, 1.6550779E-01
5.66006E-08, -7.238048E-02, 2.71265E-03, 1.6525486E-01
5.66068E-08, -7.185356E-02, 2.92343E-03, 1.6504410E-01
5.66131E-08, -7.132663E-02, 3.34497E-03, 1.6483332E-01
5.66193E-08, -7.185356E-02, 3.45035E-03, 1.6462255E-01
5.66256E-08, -7.079970E-02, 3.55574E-03, 1.6445394E-01
5.66318E-08, -6.869198E-02, 3.55574E-03, 1.6436963E-01
5.66381E-08, -6.763813E-02, 3.55574E-03, 1.6428532E-01
5.66443E-08, -6.553042E-02, 3.55574E-03, 1.6420101E-01
5.66506E-08, -6.447656E-02, 3.34497E-03, 1.6415885E-01
5.66568E-08, -6.289578E-02, 3.23958E-03, 1.6420101E-01
5.66631E-08, -6.078807E-02, 2.81804E-03, 1.6415885E-01
5.66693E-08, -5.815343E-02, 2.50188E-03, 1.6432747E-01
5.66756E-08, -5.551879E-02, 2.18573E-03, 1.6432747E-01
5.66818E-08, -5.393801E-02, 1.97495E-03, 1.6449609E-01
5.66881E-08, -5.077644E-02, 1.55341E-03, 1.6462255E-01
5.66943E-08, -4.814180E-02, 1.13187E-03, 1.6483332E-01
5.67006E-08, -4.498023E-02, 7.1033E-04, 1.6495979E-01
5.67068E-08, -4.181866E-02, 6.0494E-04, 1.6517055E-01
5.67131E-08, -3.918403E-02, 3.9417E-04, 1.6533917E-01
5.67193E-08, -3.602246E-02, 7.801E-05, 1.6559210E-01
5.67256E-08, -3.391474E-02, -3.4353E-04, 1.6576071E-01
5.67318E-08, -3.180704E-02, -4.4891E-04, 1.6601364E-01
5.67381E-08, -2.969932E-02, -4.4891E-04, 1.6622441E-01
5.67443E-08, -2.811854E-02, -5.5430E-04, 1.6643518E-01
5.67506E-08, -2.495697E-02, -6.5968E-04, 1.6647734E-01
5.67568E-08, -2.443004E-02, -5.5430E-04, 1.6660380E-01
5.67631E-08, -2.284926E-02, -4.4891E-04, 1.6681457E-01
5.67693E-08, -2.179541E-02, -5.5430E-04, 1.6681457E-01
5.67756E-08, -2.021462E-02, -4.4891E-04, 1.6681457E-01
5.67818E-08, -2.126848E-02, -5.5430E-04, 1.6698319E-01
5.67881E-08, -1.968769E-02, -2.3814E-04, 1.6689888E-01
5.67943E-08, -2.074155E-02, -1.3276E-04, 1.6694103E-01
5.68006E-08, -2.126848E-02, 7.801E-05, 1.6677241E-01
5.68068E-08, -2.232233E-02, 7.801E-05, 1.6673027E-01
5.68131E-08, -2.390312E-02, 2.8879E-04, 1.6651949E-01
5.68193E-08, -2.495697E-02, 1.8340E-04, 1.6630872E-01
5.68256E-08, -2.811854E-02, 6.0494E-04, 1.6614011E-01
5.68318E-08, -2.917239E-02, 6.0494E-04, 1.6597149E-01
5.68381E-08, -3.233396E-02, 6.0494E-04, 1.6571856E-01
5.68443E-08, -3.549553E-02, 4.9956E-04, 1.6550779E-01
5.68506E-08, -3.707631E-02, 8.1571E-04, 1.6512839E-01
5.68568E-08, -4.234559E-02, 8.1571E-04, 1.6491763E-01
5.68631E-08, -4.445330E-02, 8.1571E-04, 1.6470686E-01
5.68693E-08, -4.866873E-02, 8.1571E-04, 1.6449609E-01
5.68756E-08, -5.077644E-02, 8.1571E-04, 1.6424316E-01
5.68818E-08, -5.393801E-02, 8.1571E-04, 1.6403240E-01
5.68881E-08, -5.709957E-02, 9.2110E-04, 1.6382162E-01
5.68943E-08, -6.026114E-02, 8.1571E-04, 1.6365300E-01
5.69006E-08, -6.342271E-02, 8.1571E-04, 1.6348439E-01
5.69068E-08, -6.605735E-02, 9.2110E-04, 1.6340008E-01
5.69131E-08, -6.869198E-02, 9.2110E-04, 1.6323146E-01
5.69193E-08, -7.132663E-02, 9.2110E-04, 1.6323146E-01
5.69256E-08, -7.238048E-02, 1.13187E-03, 1.6323146E-01
5.69318E-08, -7.448819E-02, 1.23726E-03, 1.6327362E-01
5.69381E-08, -7.606898E-02, 1.23726E-03, 1.6335793E-01
5.69443E-08, -7.606898E-02, 1.23726E-03, 1.6344224E-01
5.69506E-08, -7.606898E-02, 1.34264E-03, 1.6352654E-01
5.69568E-08, -7.659590E-02, 1.34264E-03, 1.6373731E-01
5.69631E-08, -7.659590E-02, 1.44803E-03, 1.6382162E-01
5.69693E-08, -7.606898E-02, 1.34264E-03, 1.6411670E-01
5.69756E-08, -7.396127E-02, 1.34264E-03, 1.6420101E-01
5.69818E-08, -7.290741E-02, 1.23726E-03, 1.6445394E-01
5.69881E-08, -7.079970E-02, 9.2110E-04, 1.6458039E-01
5.69943E-08, -6.869198E-02, 7.1033E-04, 1.6483332E-01
5.70006E-08, -6.658427E-02, 4.9956E-04, 1.6504410E-01
5.70068E-08, -6.394964E-02, 1.8340E-04, 1.6525486E-01
5.70131E-08, -6.131500E-02, -1.3276E-04, 1.6538133E-01
5.70193E-08, -5.815343E-02, -8.7046E-04, 1.6554995E-01
5.70256E-08, -5.499186E-02, -1.60815E-03, 1.6571856E-01
5.70318E-08, -5.288415E-02, -2.02970E-03, 1.6580287E-01
5.70381E-08, -4.972258E-02, -2.97817E-03, 1.6592933E-01
5.70443E-08, -4.603409E-02, -3.50509E-03, 1.6609795E-01
5.70506E-08, -4.339945E-02, -4.45356E-03, 1.6605580E-01
5.70568E-08, -3.971095E-02, -5.40204E-03, 1.6609795E-01
5.70631E-08, -3.865710E-02, -6.13973E-03, 1.6614011E-01
5.70693E-08, -3.549553E-02, -7.08820E-03, 1.6605580E-01
5.70756E-08, -3.338782E-02, -8.24745E-03, 1.6597149E-01
5.70818E-08, -3.180704E-02, -9.09053E-03, 1.6601364E-01
5.70881E-08, -2.864547E-02, -9.93362E-03, 1.6588718E-01
5.70943E-08, -2.759161E-02, -1.077670E-02, 1.6571856E-01
5.71006E-08, -2.706468E-02, -1.151440E-02, 1.6567640E-01
5.71068E-08, -2.601083E-02, -1.225210E-02, 1.6563426E-01
5.71131E-08, -2.390312E-02, -1.288441E-02, 1.6550779E-01
5.71193E-08, -2.337619E-02, -1.341134E-02, 1.6533917E-01
5.71256E-08, -2.337619E-02, -1.351672E-02, 1.6521271E-01
5.71318E-08, -2.284926E-02, -1.404365E-02, 1.6512839E-01
5.71381E-08, -2.390312E-02, -1.404365E-02, 1.6504410E-01
5.71443E-08, -2.179541E-02, -1.404365E-02, 1.6500194E-01
5.71506E-08, -2.232233E-02, -1.372750E-02, 1.6491763E-01
5.71568E-08, -2.284926E-02, -1.362211E-02, 1.6491763E-01
5.71631E-08, -2.284926E-02, -1.309518E-02, 1.6483332E-01
5.71693E-08, -2.232233E-02, -1.246287E-02, 1.6479117E-01
5.71756E-08, -2.179541E-02, -1.172517E-02, 1.6470686E-01
5.71818E-08, -2.126848E-02, -1.098747E-02, 1.6483332E-01
5.71881E-08, -2.021462E-02, -1.003900E-02, 1.6470686E-01
5.71943E-08, -2.021462E-02, -8.98515E-03, 1.6470686E-01
5.72006E-08, -1.968769E-02, -8.03667E-03, 1.6474901E-01
5.72068E-08, -1.810691E-02, -6.87743E-03, 1.6470686E-01
5.72131E-08, -1.652613E-02, -5.71819E-03, 1.6479117E-01
5.72193E-08, -1.599920E-02, -4.55895E-03, 1.6474901E-01
5.72256E-08, -1.389149E-02, -3.61048E-03, 1.6474901E-01
5.72318E-08, -1.125685E-02, -2.55662E-03, 1.6474901E-01
5.72381E-08, -1.020299E-02, -1.50277E-03, 1.6470686E-01
5.72443E-08, -8.62221E-03, -6.5968E-04, 1.6470686E-01
5.72506E-08, -5.46064E-03, 4.9956E-04, 1.6466470E-01
5.72568E-08, -4.40678E-03, 1.13187E-03, 1.6458039E-01
5.72631E-08, -2.82600E-03, 1.65880E-03, 1.6449609E-01
5.72693E-08, 3.3557E-04, 2.39650E-03, 1.6445394E-01
5.72756E-08, 1.38942E-03, 2.71265E-03, 1.6432747E-01
5.72818E-08, 3.49713E-03, 3.23958E-03, 1.6424316E-01
5.72881E-08, 5.60485E-03, 3.45035E-03, 1.6407454E-01
5.72943E-08, 5.60485E-03, 3.34497E-03, 1.6394809E-01
5.73006E-08, 5.60485E-03, 3.66112E-03, 1.6386378E-01
5.73068E-08, 6.65870E-03, 3.45035E-03, 1.6373731E-01
5.73131E-08, 7.18563E-03, 3.55574E-03, 1.6348439E-01
5.73193E-08, 5.60485E-03, 3.23958E-03, 1.6344224E-01
5.73256E-08, 5.60485E-03, 2.92343E-03, 1.6331577E-01
5.73318E-08, 4.55099E-03, 2.60727E-03, 1.6323146E-01
5.73381E-08, 3.49713E-03, 2.18573E-03, 1.6306284E-01
5.73443E-08, 8.6249E-04, 1.86957E-03, 1.6310500E-01
5.73506E-08, -7.1829E-04, 1.55341E-03, 1.6293639E-01
5.73568E-08, -3.35293E-03, 1.13187E-03, 1.6293639E-01
5.73631E-08, -4.93371E-03, 4.9956E-04, 1.6293639E-01
5.73693E-08, -7.56835E-03, 7.801E-05, 1.6302069E-01
5.73756E-08, -1.178377E-02, -1.3276E-04, 1.6306284E-01
5.73818E-08, -1.494534E-02, -4.4891E-04, 1.6314715E-01
5.73881E-08, -1.757998E-02, -5.5430E-04, 1.6323146E-01
5.73943E-08, -2.179541E-02, -1.08123E-03, 1.6331577E-01
5.74006E-08, -2.443004E-02, -1.29200E-03, 1.6348439E-01
5.74068E-08, -2.811854E-02, -1.60815E-03, 1.6365300E-01
5.74131E-08, -3.075318E-02, -1.81893E-03, 1.6382162E-01
5.74193E-08, -3.444167E-02, -2.13508E-03, 1.6403240E-01
5.74256E-08, -3.760324E-02, -2.24047E-03, 1.6415885E-01
5.74318E-08, -3.971095E-02, -2.45124E-03, 1.6436963E-01
5.74381E-08, -4.234559E-02, -2.76740E-03, 1.6458039E-01
5.74443E-08, -4.498023E-02, -3.08355E-03, 1.6470686E-01
5.74506E-08, -4.603409E-02, -3.50509E-03, 1.6491763E-01
5.74568E-08, -4.761487E-02, -3.82125E-03, 1.6508625E-01
5.74631E-08, -4.972258E-02, -4.13741E-03, 1.6521271E-01
5.74693E-08, -5.077644E-02, -4.76972E-03, 1.6533917E-01
5.74756E-08, -5.235722E-02, -5.19126E-03, 1.6542348E-01
5.74818E-08, -5.393801E-02, -5.82358E-03, 1.6550779E-01
5.74881E-08, -5.393801E-02, -6.45589E-03, 1.6554995E-01
5.74943E-08, -5.446493E-02, -7.08820E-03, 1.6554995E-01
5.75006E-08, -5.499186E-02, -7.93129E-03, 1.6546564E-01
5.75068E-08, -5.604572E-02, -8.87976E-03, 1.6546564E-01
5.75131E-08, -5.551879E-02, -9.40669E-03, 1.6542348E-01
5.75193E-08, -5.604572E-02, -1.035516E-02, 1.6529702E-01
5.75256E-08, -5.657265E-02, -1.119824E-02, 1.6517055E-01
5.75318E-08, -5.762650E-02, -1.193594E-02, 1.6500194E-01
5.75381E-08, -5.709957E-02, -1.267364E-02, 1.6483332E-01
5.75443E-08, -5.762650E-02, -1.341134E-02, 1.6458039E-01
5.75506E-08, -5.815343E-02, -1.414904E-02, 1.6432747E-01
5.75568E-08, -5.815343E-02, -1.467597E-02, 1.6420101E-01
5.75631E-08, -5.815343E-02, -1.499212E-02, 1.6399024E-01
5.75693E-08, -5.920728E-02, -1.541366E-02, 1.6369516E-01
5.75756E-08, -5.973421E-02, -1.572982E-02, 1.6348439E-01
5.75818E-08, -5.973421E-02, -1.572982E-02, 1.6327362E-01
5.75881E-08, -5.815343E-02, -1.551905E-02, 1.6302069E-01
5.75943E-08, -6.026114E-02, -1.530828E-02, 1.6289423E-01
5.76006E-08, -5.973421E-02, -1.478135E-02, 1.6276777E-01
5.76068E-08, -5.815343E-02, -1.435981E-02, 1.6255699E-01
5.76131E-08, -5.815343E-02, -1.341134E-02, 1.6255699E-01
5.76193E-08, -5.815343E-02, -1.256825E-02, 1.6243052E-01
5.76256E-08, -5.657265E-02, -1.130363E-02, 1.6238838E-01
5.76318E-08, -5.446493E-02, -1.014439E-02, 1.6230407E-01
5.76381E-08, -5.393801E-02, -8.87976E-03, 1.6226192E-01
5.76443E-08, -5.183030E-02, -7.50975E-03, 1.6226192E-01
5.76506E-08, -4.708794E-02, -5.61281E-03, 1.6230407E-01
5.76568E-08, -4.445330E-02, -3.92664E-03, 1.6234623E-01
5.76631E-08, -4.181866E-02, -2.34585E-03, 1.6243052E-01
5.76693E-08, -3.865710E-02, -6.5968E-04, 1.6247268E-01
5.76756E-08, -3.391474E-02, 1.13187E-03, 1.6251484E-01
5.76818E-08, -2.969932E-02, 2.71265E-03, 1.6268346E-01
5.76881E-08, -2.495697E-02, 4.39882E-03, 1.6272561E-01
5.76943E-08, -2.074155E-02, 5.87422E-03, 1.6280992E-01
5.77006E-08, -1.599920E-02, 7.34962E-03, 1.6293639E-01
5.77068E-08, -1.020299E-02, 8.61425E-03, 1.6297853E-01
5.77131E-08, -5.46064E-03, 9.87887E-03, 1.6297853E-01
5.77193E-08, -1.24522E-03, 1.103811E-02, 1.6310500E-01
5.77256E-08, 2.97021E-03, 1.188120E-02, 1.6306284E-01
5.77318E-08, 7.71256E-03, 1.251351E-02, 1.6306284E-01
5.77381E-08, 1.192798E-02, 1.304044E-02, 1.6297853E-01
5.77443E-08, 1.561647E-02, 1.346198E-02, 1.6302069E-01
5.77506E-08, 1.983190E-02, 1.356737E-02, 1.6285208E-01
5.77568E-08, 2.246654E-02, 1.367275E-02, 1.6280992E-01
5.77631E-08, 2.510118E-02, 1.346198E-02, 1.6264130E-01
5.77693E-08, 2.668196E-02, 1.304044E-02, 1.6255699E-01
5.77756E-08, 2.878967E-02, 1.240813E-02, 1.6226192E-01
5.77818E-08, 2.878967E-02, 1.188120E-02, 1.6213545E-01
5.77881E-08, 2.984353E-02, 1.124889E-02, 1.6188252E-01
5.77943E-08, 2.878967E-02, 1.019503E-02, 1.6162960E-01
5.78006E-08, 2.720889E-02, 9.14117E-03, 1.6137667E-01
5.78068E-08, 2.615503E-02, 8.19270E-03, 1.6116591E-01
5.78131E-08, 2.457425E-02, 7.13885E-03, 1.6082866E-01
5.78193E-08, 2.088575E-02, 6.08499E-03, 1.6066006E-01
5.78256E-08, 1.772419E-02, 5.03114E-03, 1.6032282E-01
5.78318E-08, 1.508955E-02, 3.87190E-03, 1.6011205E-01
5.78381E-08, 1.034720E-02, 2.81804E-03, 1.5981697E-01
5.78443E-08, 6.65870E-03, 1.97495E-03, 1.5952189E-01
5.78506E-08, 2.97021E-03, 1.13187E-03, 1.5935327E-01
5.78568E-08, -1.24522E-03, 2.8879E-04, 1.5914251E-01
5.78631E-08, -4.93371E-03, -4.4891E-04, 1.5893173E-01
5.78693E-08, -9.67606E-03, -8.7046E-04, 1.5876311E-01
5.78756E-08, -1.336456E-02, -1.50277E-03, 1.5859450E-01
5.78818E-08, -1.810691E-02, -1.92431E-03, 1.5842588E-01
5.78881E-08, -2.074155E-02, -1.92431E-03, 1.5834157E-01
5.78943E-08, -2.443004E-02, -2.13508E-03, 1.5829942E-01
5.79006E-08, -2.706468E-02, -2.13508E-03, 1.5821511E-01
5.79068E-08, -2.917239E-02, -1.92431E-03, 1.5821511E-01
5.79131E-08, -3.128011E-02, -1.50277E-03, 1.5821511E-01
5.79193E-08, -3.286089E-02, -1.08123E-03, 1.5829942E-01
5.79256E-08, -3.391474E-02, -7.6507E-04, 1.5838373E-01
5.79318E-08, -3.496860E-02, -1.3276E-04, 1.5855235E-01
5.79381E-08, -3.602246E-02, 3.9417E-04, 1.5863664E-01
5.79443E-08, -3.444167E-02, 1.34264E-03, 1.5880527E-01
5.79506E-08, -3.444167E-02, 1.97495E-03, 1.5884742E-01
5.79568E-08, -3.338782E-02, 2.92343E-03, 1.5905820E-01
5.79631E-08, -3.180704E-02, 3.76651E-03, 1.5931112E-01
5.79693E-08, -3.022625E-02, 4.60959E-03, 1.5947974E-01
5.79756E-08, -2.811854E-02, 5.45268E-03, 1.5973265E-01
5.79818E-08, -2.601083E-02, 6.50653E-03, 1.5998559E-01
5.79881E-08, -2.337619E-02, 7.03346E-03, 1.6023850E-01
5.79943E-08, -2.074155E-02, 7.77116E-03, 1.6053359E-01
5.80006E-08, -1.916077E-02, 8.61425E-03, 1.6074437E-01
5.80068E-08, -1.599920E-02, 9.14117E-03, 1.6103944E-01
5.80131E-08, -1.336456E-02, 9.66810E-03, 1.6129237E-01
5.80193E-08, -1.072992E-02, 1.019503E-02, 1.6162960E-01
5.80256E-08, -8.62221E-03, 1.061657E-02, 1.6184038E-01
5.80318E-08, -6.51450E-03, 1.093273E-02, 1.6217761E-01
5.80381E-08, -5.98757E-03, 1.114350E-02, 1.6247268E-01
5.80443E-08, -3.35293E-03, 1.114350E-02, 1.6272561E-01
5.80506E-08, -1.77215E-03, 1.124889E-02, 1.6297853E-01
5.80568E-08, -1.9136E-04, 1.114350E-02, 1.6323146E-01
5.80631E-08, 8.6249E-04, 1.103811E-02, 1.6348439E-01
5.80693E-08, 1.38942E-03, 1.072196E-02, 1.6377947E-01
5.80756E-08, 1.91635E-03, 1.030042E-02, 1.6403240E-01
5.80818E-08, 2.44328E-03, 9.77349E-03, 1.6424316E-01
5.80881E-08, 2.44328E-03, 9.35195E-03, 1.6453825E-01
5.80943E-08, 1.91635E-03, 8.50886E-03, 1.6470686E-01
5.81006E-08, 1.91635E-03, 7.98193E-03, 1.6491763E-01
5.81068E-08, 1.38942E-03, 7.34962E-03, 1.6508625E-01
5.81131E-08, 1.38942E-03, 6.50653E-03, 1.6525486E-01
5.81193E-08, -1.9136E-04, 5.66345E-03, 1.6546564E-01
5.81256E-08, -1.9136E-04, 4.82037E-03, 1.6559210E-01
5.81318E-08, -1.77215E-03, 3.87190E-03, 1.6576071E-01
5.81381E-08, -2.82600E-03, 3.13420E-03, 1.6588718E-01
5.81443E-08, -3.35293E-03, 2.29111E-03, 1.6588718E-01
5.81506E-08, -4.93371E-03, 1.55341E-03, 1.6601364E-01
5.81568E-08, -5.46064E-03, 8.1571E-04, 1.6605580E-01
5.81631E-08, -6.51450E-03, 2.8879E-04, 1.6609795E-01
5.81693E-08, -9.14914E-03, -3.4353E-04, 1.6614011E-01
5.81756E-08, -9.14914E-03, -9.7584E-04, 1.6609795E-01
5.81818E-08, -1.020299E-02, -1.39738E-03, 1.6614011E-01
5.81881E-08, -1.125685E-02, -1.71354E-03, 1.6614011E-01
5.81943E-08, -1.336456E-02, -2.02970E-03, 1.6609795E-01
5.82006E-08, -1.441841E-02, -2.24047E-03, 1.6609795E-01
5.82068E-08, -1.494534E-02, -2.45124E-03, 1.6597149E-01
5.82131E-08, -1.705305E-02, -2.34585E-03, 1.6592933E-01
5.82193E-08, -1.757998E-02, -2.34585E-03, 1.6584502E-01
5.82256E-08, -1.968769E-02, -1.92431E-03, 1.6576071E-01
5.82318E-08, -2.126848E-02, -1.71354E-03, 1.6563426E-01
5.82381E-08, -2.284926E-02, -1.50277E-03, 1.6559210E-01
5.82443E-08, -2.443004E-02, -1.08123E-03, 1.6554995E-01
5.82506E-08, -2.653776E-02, -2.3814E-04, 1.6538133E-01
5.82568E-08, -2.917239E-02, 7.801E-05, 1.6525486E-01
5.82631E-08, -3.075318E-02, 8.1571E-04, 1.6504410E-01
5.82693E-08, -3.391474E-02, 1.44803E-03, 1.6500194E-01
5.82756E-08, -3.654939E-02, 2.08034E-03, 1.6483332E-01
5.82818E-08, -3.971095E-02, 2.71265E-03, 1.6470686E-01
5.82881E-08, -4.234559E-02, 3.45035E-03, 1.6453825E-01
5.82943E-08, -4.603409E-02, 3.87190E-03, 1.6428532E-01
5.83006E-08, -5.077644E-02, 4.50421E-03, 1.6415885E-01
5.83068E-08, -5.341108E-02, 4.92575E-03, 1.6394809E-01
5.83131E-08, -5.709957E-02, 5.34729E-03, 1.6377947E-01
5.83193E-08, -6.131500E-02, 5.76884E-03, 1.6361085E-01
5.83256E-08, -6.605735E-02, 5.87422E-03, 1.6340008E-01
5.83318E-08, -6.974584E-02, 5.97961E-03, 1.6323146E-01
5.83381E-08, -7.343434E-02, 6.19038E-03, 1.6302069E-01
5.83443E-08, -7.764976E-02, 5.97961E-03, 1.6276777E-01
5.83506E-08, -8.133826E-02, 5.97961E-03, 1.6264130E-01
5.83568E-08, -8.555368E-02, 5.55806E-03, 1.6238838E-01
5.83631E-08, -8.871525E-02, 5.34729E-03, 1.6217761E-01
5.83693E-08, -9.293067E-02, 5.03114E-03, 1.6196683E-01
5.83756E-08, -9.609224E-02, 4.39882E-03, 1.6175607E-01
5.83818E-08, -9.925380E-02, 3.76651E-03, 1.6154529E-01
5.83881E-08, -1.0136151E-01, 3.13420E-03, 1.6137667E-01
5.83943E-08, -1.0452309E-01, 2.29111E-03, 1.6116591E-01
5.84006E-08, -1.0663079E-01, 1.65880E-03, 1.6095513E-01
5.84068E-08, -1.0715772E-01, 1.02648E-03, 1.6082866E-01
5.84131E-08, -1.0821158E-01, 7.801E-05, 1.6057575E-01
5.84193E-08, -1.0926543E-01, -7.6507E-04, 1.6044928E-01
5.84256E-08, -1.0873850E-01, -1.39738E-03, 1.6028066E-01
5.84318E-08, -1.0768465E-01, -2.24047E-03, 1.6019636E-01
5.84381E-08, -1.0663079E-01, -3.08355E-03, 1.6019636E-01
5.84443E-08, -1.0557694E-01, -3.82125E-03, 1.6002774E-01
5.84506E-08, -1.0399615E-01, -4.55895E-03, 1.5998559E-01
5.84568E-08, -1.0030766E-01, -5.19126E-03, 1.5994343E-01
5.84631E-08, -9.661917E-02, -5.61281E-03, 1.5994343E-01
5.84693E-08, -9.345759E-02, -6.24512E-03, 1.5985912E-01
5.84756E-08, -9.029603E-02, -6.77205E-03, 1.5994343E-01
5.84818E-08, -8.555368E-02, -7.19359E-03, 1.5994343E-01
5.84881E-08, -7.975747E-02, -7.61513E-03, 1.6002774E-01
5.84943E-08, -7.554205E-02, -7.93129E-03, 1.6006990E-01
5.85006E-08, -7.079970E-02, -8.24745E-03, 1.6015421E-01
5.85068E-08, -6.447656E-02, -8.35283E-03, 1.6028066E-01
5.85131E-08, -5.973421E-02, -8.45822E-03, 1.6036497E-01
5.85193E-08, -5.446493E-02, -8.66899E-03, 1.6049144E-01
5.85256E-08, -4.866873E-02, -8.56360E-03, 1.6057575E-01
5.85318E-08, -4.339945E-02, -8.66899E-03, 1.6074437E-01
5.85381E-08, -3.865710E-02, -8.87976E-03, 1.6078651E-01
5.85443E-08, -3.391474E-02, -8.66899E-03, 1.6095513E-01
5.85506E-08, -2.969932E-02, -8.66899E-03, 1.6108160E-01
5.85568E-08, -2.443004E-02, -8.45822E-03, 1.6116591E-01
5.85631E-08, -2.126848E-02, -8.24745E-03, 1.6120806E-01
5.85693E-08, -1.810691E-02, -8.24745E-03, 1.6133451E-01
5.85756E-08, -1.441841E-02, -7.93129E-03, 1.6133451E-01
5.85818E-08, -1.231070E-02, -7.82590E-03, 1.6137667E-01
5.85881E-08, -1.020299E-02, -7.61513E-03, 1.6133451E-01
5.85943E-08, -9.67606E-03, -7.61513E-03, 1.6129237E-01
5.86006E-08, -7.56835E-03, -7.29898E-03, 1.6129237E-01
5.86068E-08, -6.51450E-03, -6.87743E-03, 1.6120806E-01
5.86131E-08, -6.51450E-03, -6.56128E-03, 1.6108160E-01
5.86193E-08, -7.04142E-03, -6.24512E-03, 1.6099729E-01
5.86256E-08, -7.04142E-03, -6.03435E-03, 1.6087082E-01
5.86318E-08, -7.56835E-03, -5.50742E-03, 1.6078651E-01
5.86381E-08, -9.67606E-03, -5.29665E-03, 1.6061790E-01
5.86443E-08, -1.072992E-02, -4.66434E-03, 1.6044928E-01
5.86506E-08, -1.178377E-02, -4.34818E-03, 1.6023850E-01
5.86568E-08, -1.336456E-02, -3.71587E-03, 1.6006990E-01
5.86631E-08, -1.599920E-02, -3.39971E-03, 1.5994343E-01
5.86693E-08, -1.863384E-02, -3.08355E-03, 1.5977481E-01
5.86756E-08, -1.968769E-02, -2.55662E-03, 1.5956405E-01
5.86818E-08, -2.232233E-02, -2.02970E-03, 1.5935327E-01
5.86881E-08, -2.284926E-02, -1.71354E-03, 1.5935327E-01
5.86943E-08, -2.548390E-02, -1.08123E-03, 1.5914251E-01
5.87006E-08, -2.706468E-02, -9.7584E-04, 1.5905820E-01
5.87068E-08, -2.811854E-02, -6.5968E-04, 1.5901604E-01
5.87131E-08, -2.811854E-02, -3.4353E-04, 1.5888958E-01
5.87193E-08, -2.969932E-02, -3.4353E-04, 1.5893173E-01
5.87256E-08, -2.969932E-02, -3.4353E-04, 1.5888958E-01
5.87318E-08, -3.128011E-02, -3.4353E-04, 1.5893173E-01
5.87381E-08, -3.128011E-02, -5.5430E-04, 1.5901604E-01
5.87443E-08, -3.128011E-02, -8.7046E-04, 1.5905820E-01
5.87506E-08, -3.075318E-02, -1.29200E-03, 1.5914251E-01
5.87568E-08, -3.022625E-02, -1.92431E-03, 1.5931112E-01
5.87631E-08, -2.917239E-02, -2.45124E-03, 1.5943758E-01
5.87693E-08, -2.917239E-02, -3.18894E-03, 1.5956405E-01
5.87756E-08, -2.864547E-02, -4.03202E-03, 1.5981697E-01
5.87818E-08, -2.706468E-02, -5.08588E-03, 1.5998559E-01
5.87881E-08, -2.548390E-02, -6.13973E-03, 1.6019636E-01
5.87943E-08, -2.653776E-02, -7.50975E-03, 1.6036497E-01
5.88006E-08, -2.548390E-02, -8.77437E-03, 1.6053359E-01
5.88068E-08, -2.495697E-02, -1.003900E-02, 1.6074437E-01
5.88131E-08, -2.443004E-02, -1.130363E-02, 1.6091298E-01
5.88193E-08, -2.443004E-02, -1.288441E-02, 1.6112375E-01
5.88256E-08, -2.443004E-02, -1.404365E-02, 1.6129237E-01
5.88318E-08, -2.443004E-02, -1.551905E-02, 1.6146098E-01
5.88381E-08, -2.548390E-02, -1.688906E-02, 1.6158745E-01
5.88443E-08, -2.653776E-02, -1.815369E-02, 1.6171391E-01
5.88506E-08, -2.811854E-02, -1.910216E-02, 1.6179822E-01
5.88568E-08, -2.864547E-02, -2.047217E-02, 1.6192468E-01
5.88631E-08, -3.075318E-02, -2.142064E-02, 1.6192468E-01
5.88693E-08, -3.286089E-02, -2.236911E-02, 1.6200899E-01
5.88756E-08, -3.549553E-02, -2.310681E-02, 1.6200899E-01
5.88818E-08, -3.707631E-02, -2.373913E-02, 1.6200899E-01
5.88881E-08, -3.918403E-02, -2.384451E-02, 1.6196683E-01
5.88943E-08, -4.234559E-02, -2.437144E-02, 1.6188252E-01
5.89006E-08, -4.445330E-02, -2.447682E-02, 1.6184038E-01
5.89068E-08, -4.656101E-02, -2.437144E-02, 1.6171391E-01
5.89131E-08, -4.814180E-02, -2.405528E-02, 1.6158745E-01
5.89193E-08, -5.077644E-02, -2.352835E-02, 1.6158745E-01
5.89256E-08, -5.393801E-02, -2.289604E-02, 1.6141883E-01
5.89318E-08, -5.604572E-02, -2.194757E-02, 1.6133451E-01
5.89381E-08, -5.709957E-02, -2.120987E-02, 1.6116591E-01
5.89443E-08, -5.815343E-02, -2.005063E-02, 1.6108160E-01
5.89506E-08, -5.973421E-02, -1.899678E-02, 1.6087082E-01
5.89568E-08, -5.973421E-02, -1.773215E-02, 1.6078651E-01
5.89631E-08, -6.026114E-02, -1.636213E-02, 1.6066006E-01
5.89693E-08, -5.973421E-02, -1.509751E-02, 1.6053359E-01
5.89756E-08, -6.131500E-02, -1.383288E-02, 1.6040713E-01
5.89818E-08, -5.973421E-02, -1.225210E-02, 1.6032282E-01
5.89881E-08, -5.920728E-02, -1.088209E-02, 1.6023850E-01
5.89943E-08, -5.815343E-02, -9.72284E-03, 1.6011205E-01
5.90006E-08, -5.551879E-02, -8.56360E-03, 1.6002774E-01
5.90068E-08, -5.499186E-02, -7.29898E-03, 1.5998559E-01
5.90131E-08, -5.235722E-02, -6.24512E-03, 1.5977481E-01
5.90193E-08, -5.024951E-02, -5.29665E-03, 1.5977481E-01
5.90256E-08, -4.814180E-02, -4.34818E-03, 1.5964836E-01
5.90318E-08, -4.550716E-02, -3.61048E-03, 1.5964836E-01
5.90381E-08, -4.234559E-02, -3.18894E-03, 1.5960620E-01
5.90443E-08, -4.023788E-02, -2.76740E-03, 1.5939543E-01
5.90506E-08, -3.654939E-02, -2.34585E-03, 1.5935327E-01
5.90568E-08, -3.444167E-02, -2.24047E-03, 1.5926896E-01
5.90631E-08, -3.180704E-02, -1.92431E-03, 1.5922680E-01
5.90693E-08, -2.864547E-02, -2.34585E-03, 1.5905820E-01
5.90756E-08, -2.706468E-02, -2.34585E-03, 1.5897389E-01
5.90818E-08, -2.495697E-02, -2.76740E-03, 1.5884742E-01
5.90881E-08, -2.337619E-02, -2.97817E-03, 1.5872096E-01
5.90943E-08, -2.021462E-02, -3.71587E-03, 1.5863664E-01
5.91006E-08, -1.968769E-02, -4.24279E-03, 1.5851019E-01
5.91068E-08, -1.810691E-02, -4.66434E-03, 1.5838373E-01
5.91131E-08, -1.547227E-02, -5.40204E-03, 1.5821511E-01
5.91193E-08, -1.547227E-02, -5.92896E-03, 1.5813079E-01
5.91256E-08, -1.389149E-02, -6.56128E-03, 1.5804650E-01
5.91318E-08, -1.336456E-02, -7.29898E-03, 1.5792003E-01
5.91381E-08, -1.283763E-02, -8.03667E-03, 1.5783572E-01
5.91443E-08, -1.283763E-02, -8.56360E-03, 1.5775141E-01
5.91506E-08, -1.283763E-02, -9.19592E-03, 1.5770926E-01
5.91568E-08, -1.231070E-02, -9.82823E-03, 1.5770926E-01
5.91631E-08, -1.178377E-02, -1.024977E-02, 1.5766710E-01
5.91693E-08, -1.231070E-02, -1.077670E-02, 1.5758279E-01
5.91756E-08, -1.125685E-02, -1.109286E-02, 1.5762495E-01
5.91818E-08, -1.178377E-02, -1.161978E-02, 1.5762495E-01
5.91881E-08, -1.231070E-02, -1.172517E-02, 1.5770926E-01
5.91943E-08, -1.178377E-02, -1.214671E-02, 1.5779357E-01
5.92006E-08, -1.178377E-02, -1.214671E-02, 1.5792003E-01
5.92068E-08, -1.178377E-02, -1.235748E-02, 1.5800434E-01
5.92131E-08, -1.125685E-02, -1.214671E-02, 1.5825726E-01
5.92193E-08, -1.072992E-02, -1.235748E-02, 1.5834157E-01
5.92256E-08, -1.231070E-02, -1.235748E-02, 1.5851019E-01
5.92318E-08, -1.178377E-02, -1.225210E-02, 1.5884742E-01
5.92381E-08, -1.231070E-02, -1.225210E-02, 1.5905820E-01
5.92443E-08, -1.178377E-02, -1.214671E-02, 1.5935327E-01
5.92506E-08, -1.283763E-02, -1.183056E-02, 1.5956405E-01
5.92568E-08, -1.283763E-02, -1.183056E-02, 1.5977481E-01
5.92631E-08, -1.283763E-02, -1.161978E-02, 1.6011205E-01
5.92693E-08, -1.389149E-02, -1.130363E-02, 1.6032282E-01
5.92756E-08, -1.441841E-02, -1.109286E-02, 1.6061790E-01
5.92818E-08, -1.547227E-02, -1.098747E-02, 1.6087082E-01
5.92881E-08, -1.599920E-02, -1.077670E-02, 1.6112375E-01
5.92943E-08, -1.705305E-02, -1.035516E-02, 1.6133451E-01
5.93006E-08, -1.863384E-02, -1.014439E-02, 1.6154529E-01
5.93068E-08, -2.126848E-02, -9.93362E-03, 1.6167176E-01
5.93131E-08, -2.232233E-02, -9.40669E-03, 1.6192468E-01
5.93193E-08, -2.443004E-02, -9.30130E-03, 1.6200899E-01
5.93256E-08, -2.653776E-02, -8.87976E-03, 1.6209330E-01
5.93318E-08, -2.811854E-02, -8.56360E-03, 1.6209330E-01
5.93381E-08, -3.075318E-02, -8.35283E-03, 1.6217761E-01
5.93443E-08, -3.338782E-02, -8.03667E-03, 1.6213545E-01
5.93506E-08, -3.496860E-02, -7.50975E-03, 1.6213545E-01
5.93568E-08, -3.707631E-02, -7.29898E-03, 1.6192468E-01
5.93631E-08, -3.865710E-02, -6.77205E-03, 1.6188252E-01
5.93693E-08, -4.181866E-02, -6.35051E-03, 1.6171391E-01
5.93756E-08, -4.392638E-02, -6.03435E-03, 1.6150314E-01
5.93818E-08, -4.603409E-02, -5.61281E-03, 1.6129237E-01
5.93881E-08, -4.656101E-02, -5.08588E-03, 1.6108160E-01
5.93943E-08, -4.814180E-02, -4.76972E-03, 1.6082866E-01
5.94006E-08, -4.972258E-02, -4.34818E-03, 1.6053359E-01
5.94068E-08, -4.972258E-02, -3.92664E-03, 1.6015421E-01
5.94131E-08, -4.972258E-02, -3.29432E-03, 1.5990128E-01
5.94193E-08, -4.972258E-02, -3.08355E-03, 1.5964836E-01
5.94256E-08, -4.866873E-02, -2.66201E-03, 1.5931112E-01
5.94318E-08, -4.814180E-02, -2.34585E-03, 1.5901604E-01
5.94381E-08, -4.708794E-02, -2.13508E-03, 1.5867880E-01
5.94443E-08, -4.392638E-02, -1.81893E-03, 1.5842588E-01
5.94506E-08, -4.181866E-02, -1.39738E-03, 1.5821511E-01
5.94568E-08, -3.918403E-02, -1.39738E-03, 1.5796219E-01
5.94631E-08, -3.549553E-02, -1.29200E-03, 1.5762495E-01
5.94693E-08, -3.286089E-02, -1.39738E-03, 1.5749849E-01
5.94756E-08, -2.864547E-02, -1.18661E-03, 1.5737203E-01
5.94818E-08, -2.495697E-02, -1.18661E-03, 1.5720341E-01
5.94881E-08, -2.021462E-02, -1.39738E-03, 1.5703478E-01
5.94943E-08, -1.599920E-02, -1.60815E-03, 1.5703478E-01
5.95006E-08, -1.231070E-02, -1.81893E-03, 1.5686618E-01
5.95068E-08, -7.56835E-03, -2.24047E-03, 1.5690833E-01
5.95131E-08, -3.35293E-03, -2.34585E-03, 1.5690833E-01
5.95193E-08, 1.38942E-03, -2.76740E-03, 1.5695049E-01
5.95256E-08, 4.02406E-03, -3.29432E-03, 1.5699263E-01
5.95318E-08, 7.71256E-03, -3.82125E-03, 1.5711910E-01
5.95381E-08, 9.29334E-03, -4.34818E-03, 1.5720341E-01
5.95443E-08, 1.298183E-02, -4.87511E-03, 1.5737203E-01
5.95506E-08, 1.508955E-02, -5.40204E-03, 1.5754063E-01
5.95568E-08, 1.667033E-02, -5.92896E-03, 1.5766710E-01
5.95631E-08, 1.772419E-02, -6.35051E-03, 1.5792003E-01
5.95693E-08, 1.667033E-02, -7.19359E-03, 1.5808864E-01
5.95756E-08, 1.614340E-02, -7.61513E-03, 1.5829942E-01
5.95818E-08, 1.508955E-02, -8.24745E-03, 1.5851019E-01
5.95881E-08, 1.350876E-02, -8.66899E-03, 1.5867880E-01
5.95943E-08, 1.087412E-02, -9.19592E-03, 1.5888958E-01
5.96006E-08, 7.18563E-03, -9.82823E-03, 1.5901604E-01
5.96068E-08, 4.02406E-03, -1.014439E-02, 1.5922680E-01
5.96131E-08, 3.3557E-04, -1.035516E-02, 1.5939543E-01
5.96193E-08, -5.46064E-03, -1.088209E-02, 1.5952189E-01
5.96256E-08, -1.125685E-02, -1.109286E-02, 1.5969050E-01
5.96318E-08, -1.547227E-02, -1.130363E-02, 1.5973265E-01
5.96381E-08, -2.179541E-02, -1.151440E-02, 1.5981697E-01
5.96443E-08, -2.811854E-02, -1.161978E-02, 1.5981697E-01
5.96506E-08, -3.391474E-02, -1.151440E-02, 1.5981697E-01
5.96568E-08, -3.971095E-02, -1.140901E-02, 1.5977481E-01
5.96631E-08, -4.550716E-02, -1.119824E-02, 1.5977481E-01
5.96693E-08, -5.130336E-02, -1.109286E-02, 1.5973265E-01
5.96756E-08, -5.815343E-02, -1.077670E-02, 1.5960620E-01
5.96818E-08, -6.342271E-02, -1.056593E-02, 1.5939543E-01
5.96881E-08, -6.763813E-02, -1.003900E-02, 1.5922680E-01
5.96943E-08, -7.290741E-02, -9.72284E-03, 1.5905820E-01
5.97006E-08, -7.659590E-02, -9.19592E-03, 1.5880527E-01
5.97068E-08, -8.028440E-02, -8.66899E-03, 1.5851019E-01
5.97131E-08, -8.344597E-02, -8.03667E-03, 1.5817295E-01
5.97193E-08, -8.555368E-02, -7.61513E-03, 1.5800434E-01
5.97256E-08, -8.660753E-02, -6.87743E-03, 1.5766710E-01
5.97318E-08, -8.976910E-02, -6.45589E-03, 1.5732987E-01
5.97381E-08, -8.871525E-02, -6.03435E-03, 1.5695049E-01
5.97443E-08, -8.924218E-02, -5.40204E-03, 1.5661325E-01
5.97506E-08, -8.871525E-02, -4.76972E-03, 1.5627602E-01
5.97568E-08, -8.871525E-02, -4.34818E-03, 1.5589662E-01
5.97631E-08, -8.766139E-02, -4.03202E-03, 1.5547508E-01
5.97693E-08, -8.555368E-02, -3.50509E-03, 1.5522216E-01
5.97756E-08, -8.397289E-02, -2.97817E-03, 1.5484276E-01
5.97818E-08, -8.186518E-02, -3.08355E-03, 1.5446338E-01
5.97881E-08, -7.870361E-02, -2.76740E-03, 1.5404184E-01
5.97943E-08, -7.659590E-02, -2.66201E-03, 1.5370461E-01
5.98006E-08, -7.448819E-02, -2.55662E-03, 1.5345168E-01
5.98068E-08, -7.079970E-02, -2.45124E-03, 1.5315661E-01
5.98131E-08, -6.816506E-02, -2.55662E-03, 1.5294583E-01
5.98193E-08, -6.553042E-02, -2.76740E-03, 1.5269290E-01
5.98256E-08, -6.236885E-02, -2.97817E-03, 1.5248214E-01
5.98318E-08, -5.973421E-02, -3.50509E-03, 1.5231352E-01
5.98381E-08, -5.657265E-02, -4.03202E-03, 1.5206060E-01
5.98443E-08, -5.446493E-02, -4.45356E-03, 1.5197629E-01
5.98506E-08, -5.183030E-02, -5.29665E-03, 1.5184982E-01
5.98568E-08, -4.919565E-02, -5.82358E-03, 1.5184982E-01
5.98631E-08, -4.761487E-02, -6.56128E-03, 1.5180767E-01
5.98693E-08, -4.498023E-02, -7.40436E-03, 1.5176551E-01
5.98756E-08, -4.339945E-02, -8.24745E-03, 1.5172336E-01
5.98818E-08, -4.076481E-02, -9.09053E-03, 1.5176551E-01
5.98881E-08, -3.813017E-02, -9.93362E-03, 1.5184982E-01
5.98943E-08, -3.654939E-02, -1.077670E-02, 1.5193413E-01
5.99006E-08, -3.549553E-02, -1.151440E-02, 1.5193413E-01
5.99068E-08, -3.233396E-02, -1.246287E-02, 1.5214489E-01
5.99131E-08, -3.075318E-02, -1.330595E-02, 1.5235567E-01
5.99193E-08, -2.864547E-02, -1.435981E-02, 1.5248214E-01
5.99256E-08, -2.653776E-02, -1.488674E-02, 1.5265074E-01
5.99318E-08, -2.443004E-02, -1.572982E-02, 1.5286152E-01
5.99381E-08, -2.232233E-02, -1.636213E-02, 1.5307230E-01
5.99443E-08, -2.074155E-02, -1.699445E-02, 1.5324090E-01
5.99506E-08, -1.810691E-02, -1.741599E-02, 1.5345168E-01
5.99568E-08, -1.599920E-02, -1.804830E-02, 1.5370461E-01
5.99631E-08, -1.336456E-02, -1.825907E-02, 1.5395753E-01
5.99693E-08, -1.178377E-02, -1.878600E-02, 1.5421046E-01
5.99756E-08, -9.14914E-03, -1.899678E-02, 1.5433691E-01
5.99818E-08, -8.62221E-03, -1.910216E-02, 1.5458985E-01
5.99881E-08, -6.51450E-03, -1.931293E-02, 1.5480062E-01
5.99943E-08, -5.98757E-03, -1.941832E-02, 1.5496923E-01
6.00006E-08, -4.93371E-03, -1.931293E-02, 1.5509570E-01
6.00068E-08, -2.82600E-03, -1.941832E-02, 1.5530647E-01
6.00131E-08, -2.82600E-03, -1.910216E-02, 1.5539077E-01
6.00193E-08, -2.82600E-03, -1.899678E-02, 1.5560155E-01
6.00256E-08, -3.35293E-03, -1.868062E-02, 1.5581232E-01
6.00318E-08, -3.35293E-03, -1.857523E-02, 1.5585448E-01
6.00381E-08, -5.46064E-03, -1.836446E-02, 1.5598093E-01
6.00443E-08, -5.46064E-03, -1.804830E-02, 1.5610740E-01
6.00506E-08, -8.09528E-03, -1.783753E-02, 1.5614955E-01
6.00568E-08, -1.020299E-02, -1.762676E-02, 1.5619171E-01
6.00631E-08, -1.336456E-02, -1.731060E-02, 1.5619171E-01
6.00693E-08, -1.652613E-02, -1.731060E-02, 1.5623386E-01
6.00756E-08, -2.021462E-02, -1.709983E-02, 1.5619171E-01
6.00818E-08, -2.390312E-02, -1.688906E-02, 1.5619171E-01
6.00881E-08, -2.706468E-02, -1.688906E-02, 1.5614955E-01
6.00943E-08, -3.128011E-02, -1.688906E-02, 1.5606524E-01
6.01006E-08, -3.549553E-02, -1.678368E-02, 1.5602309E-01
6.01068E-08, -3.918403E-02, -1.667829E-02, 1.5598093E-01
6.01131E-08, -4.287252E-02, -1.667829E-02, 1.5589662E-01
6.01193E-08, -4.656101E-02, -1.667829E-02, 1.5577017E-01
6.01256E-08, -5.024951E-02, -1.657291E-02, 1.5568586E-01
6.01318E-08, -5.446493E-02, -1.678368E-02, 1.5564370E-01
6.01381E-08, -5.709957E-02, -1.709983E-02, 1.5555939E-01
6.01443E-08, -5.973421E-02, -1.688906E-02, 1.5543292E-01
6.01506E-08, -6.131500E-02, -1.720522E-02, 1.5522216E-01
6.01568E-08, -6.184192E-02, -1.720522E-02, 1.5509570E-01
6.01631E-08, -6.289578E-02, -1.731060E-02, 1.5505354E-01
6.01693E-08, -6.394964E-02, -1.741599E-02, 1.5496923E-01
6.01756E-08, -6.447656E-02, -1.752138E-02, 1.5488492E-01
6.01818E-08, -6.289578E-02, -1.773215E-02, 1.5480062E-01
6.01881E-08, -6.184192E-02, -1.752138E-02, 1.5458985E-01
6.01943E-08, -6.026114E-02, -1.752138E-02, 1.5454769E-01
6.02006E-08, -5.762650E-02, -1.752138E-02, 1.5446338E-01
6.02068E-08, -5.446493E-02, -1.731060E-02, 1.5442123E-01
6.02131E-08, -5.183030E-02, -1.731060E-02, 1.5429476E-01
6.02193E-08, -4.814180E-02, -1.699445E-02, 1.5425262E-01
6.02256E-08, -4.498023E-02, -1.667829E-02, 1.5408400E-01
6.02318E-08, -4.181866E-02, -1.646752E-02, 1.5408400E-01
6.02381E-08, -3.865710E-02, -1.625675E-02, 1.5399969E-01
6.02443E-08, -3.496860E-02, -1.583521E-02, 1.5395753E-01
6.02506E-08, -3.128011E-02, -1.541366E-02, 1.5387322E-01
6.02568E-08, -2.759161E-02, -1.488674E-02, 1.5383106E-01
6.02631E-08, -2.495697E-02, -1.457058E-02, 1.5370461E-01
6.02693E-08, -2.232233E-02, -1.425442E-02, 1.5366246E-01
6.02756E-08, -2.074155E-02, -1.372750E-02, 1.5357815E-01
6.02818E-08, -1.916077E-02, -1.330595E-02, 1.5353599E-01
6.02881E-08, -1.810691E-02, -1.277903E-02, 1.5336737E-01
6.02943E-08, -1.757998E-02, -1.246287E-02, 1.5336737E-01
6.03006E-08, -1.810691E-02, -1.214671E-02, 1.5315661E-01
6.03068E-08, -1.863384E-02, -1.193594E-02, 1.5303014E-01
6.03131E-08, -1.916077E-02, -1.151440E-02, 1.5298799E-01
6.03193E-08, -2.126848E-02, -1.151440E-02, 1.5281937E-01
6.03256E-08, -2.232233E-02, -1.130363E-02, 1.5273505E-01
6.03318E-08, -2.601083E-02, -1.130363E-02, 1.5256645E-01
6.03381E-08, -2.917239E-02, -1.130363E-02, 1.5252429E-01
6.03443E-08, -3.286089E-02, -1.151440E-02, 1.5231352E-01
6.03506E-08, -3.654939E-02, -1.172517E-02, 1.5222920E-01
6.03568E-08, -4.076481E-02, -1.214671E-02, 1.5210274E-01
6.03631E-08, -4.392638E-02, -1.235748E-02, 1.5193413E-01
6.03693E-08, -4.761487E-02, -1.277903E-02, 1.5184982E-01
6.03756E-08, -5.130336E-02, -1.362211E-02, 1.5176551E-01
6.03818E-08, -5.551879E-02, -1.414904E-02, 1.5168120E-01
6.03881E-08, -5.762650E-02, -1.488674E-02, 1.5159689E-01
6.03943E-08, -6.026114E-02, -1.551905E-02, 1.5151259E-01
6.04006E-08, -6.342271E-02, -1.615136E-02, 1.5147044E-01
6.04068E-08, -6.553042E-02, -1.688906E-02, 1.5151259E-01
6.04131E-08, -6.658427E-02, -1.773215E-02, 1.5151259E-01
6.04193E-08, -6.816506E-02, -1.836446E-02, 1.5159689E-01
6.04256E-08, -6.816506E-02, -1.920754E-02, 1.5163904E-01
6.04318E-08, -6.869198E-02, -1.994525E-02, 1.5176551E-01
6.04381E-08, -6.763813E-02, -2.047217E-02, 1.5193413E-01
6.04443E-08, -6.658427E-02, -2.099910E-02, 1.5210274E-01
6.04506E-08, -6.500349E-02, -2.131526E-02, 1.5231352E-01
6.04568E-08, -6.236885E-02, -2.173680E-02, 1.5252429E-01
6.04631E-08, -5.920728E-02, -2.184219E-02, 1.5281937E-01
6.04693E-08, -5.709957E-02, -2.205296E-02, 1.5307230E-01
6.04756E-08, -5.341108E-02, -2.194757E-02, 1.5332521E-01
6.04818E-08, -4.919565E-02, -2.152603E-02, 1.5370461E-01
6.04881E-08, -4.550716E-02, -2.120987E-02, 1.5408400E-01
6.04943E-08, -4.181866E-02, -2.068294E-02, 1.5450554E-01
6.05006E-08, -3.865710E-02, -1.994525E-02, 1.5484276E-01
6.05068E-08, -3.444167E-02, -1.889139E-02, 1.5518001E-01
6.05131E-08, -2.969932E-02, -1.804830E-02, 1.5560155E-01
6.05193E-08, -2.706468E-02, -1.699445E-02, 1.5593877E-01
6.05256E-08, -2.390312E-02, -1.572982E-02, 1.5631817E-01
6.05318E-08, -2.074155E-02, -1.425442E-02, 1.5678187E-01
6.05381E-08, -1.757998E-02, -1.277903E-02, 1.5711910E-01
6.05443E-08, -1.441841E-02, -1.119824E-02, 1.5737203E-01
6.05506E-08, -1.283763E-02, -9.61746E-03, 1.5766710E-01
6.05568E-08, -1.125685E-02, -8.14206E-03, 1.5787788E-01
6.05631E-08, -9.67606E-03, -6.56128E-03, 1.5813079E-01
6.05693E-08, -8.62221E-03, -4.98049E-03, 1.5829942E-01
6.05756E-08, -8.09528E-03, -3.39971E-03, 1.5842588E-01
6.05818E-08, -8.09528E-03, -1.81893E-03, 1.5851019E-01
6.05881E-08, -7.04142E-03, -5.5430E-04, 1.5846804E-01
6.05943E-08, -6.51450E-03, 8.1571E-04, 1.5846804E-01
6.06006E-08, -7.04142E-03, 2.18573E-03, 1.5838373E-01
6.06068E-08, -6.51450E-03, 3.23958E-03, 1.5825726E-01
6.06131E-08, -7.04142E-03, 4.08267E-03, 1.5796219E-01
6.06193E-08, -9.14914E-03, 4.92575E-03, 1.5775141E-01
6.06256E-08, -8.09528E-03, 5.66345E-03, 1.5749849E-01
6.06318E-08, -9.67606E-03, 6.08499E-03, 1.5703478E-01
6.06381E-08, -8.62221E-03, 6.29576E-03, 1.5665540E-01
6.06443E-08, -9.67606E-03, 6.61192E-03, 1.5623386E-01
6.06506E-08, -9.14914E-03, 6.61192E-03, 1.5581232E-01
6.06568E-08, -8.09528E-03, 6.40115E-03, 1.5534861E-01
6.06631E-08, -7.56835E-03, 6.29576E-03, 1.5488492E-01
6.06693E-08, -8.09528E-03, 5.87422E-03, 1.5442123E-01
6.06756E-08, -8.09528E-03, 5.24191E-03, 1.5395753E-01
6.06818E-08, -7.04142E-03, 4.50421E-03, 1.5345168E-01
6.06881E-08, -5.46064E-03, 3.97728E-03, 1.5290368E-01
6.06943E-08, -4.40678E-03, 3.23958E-03, 1.5248214E-01
6.07006E-08, -4.40678E-03, 2.18573E-03, 1.5206060E-01
6.07068E-08, -2.82600E-03, 1.34264E-03, 1.5163904E-01
6.07131E-08, -2.29907E-03, 4.9956E-04, 1.5134397E-01
6.07193E-08, -1.24522E-03, -2.3814E-04, 1.5100673E-01
6.07256E-08, -7.1829E-04, -1.29200E-03, 1.5071166E-01
6.07318E-08, -1.9136E-04, -2.24047E-03, 1.5054303E-01
6.07381E-08, -1.9136E-04, -2.97817E-03, 1.5041658E-01
6.07443E-08, 3.3557E-04, -3.82125E-03, 1.5033227E-01
6.07506E-08, 3.3557E-04, -4.55895E-03, 1.5024796E-01
6.07568E-08, 3.3557E-04, -5.40204E-03, 1.5029012E-01
6.07631E-08, -7.1829E-04, -5.92896E-03, 1.5041658E-01
6.07693E-08, -2.29907E-03, -6.66666E-03, 1.5062734E-01
6.07756E-08, -3.87986E-03, -7.08820E-03, 1.5075381E-01
6.07818E-08, -5.46064E-03, -7.61513E-03, 1.5104888E-01
6.07881E-08, -6.51450E-03, -8.14206E-03, 1.5130182E-01
6.07943E-08, -9.14914E-03, -8.56360E-03, 1.5168120E-01
6.08006E-08, -1.125685E-02, -8.87976E-03, 1.5210274E-01
6.08068E-08, -1.336456E-02, -9.19592E-03, 1.5248214E-01
6.08131E-08, -1.599920E-02, -9.30130E-03, 1.5294583E-01
6.08193E-08, -1.968769E-02, -9.61746E-03, 1.5336737E-01
6.08256E-08, -2.179541E-02, -9.93362E-03, 1.5383106E-01
6.08318E-08, -2.390312E-02, -1.014439E-02, 1.5429476E-01
6.08381E-08, -2.653776E-02, -1.035516E-02, 1.5480062E-01
6.08443E-08, -2.969932E-02, -1.067131E-02, 1.5518001E-01
6.08506E-08, -3.128011E-02, -1.109286E-02, 1.5551724E-01
6.08568E-08, -3.391474E-02, -1.161978E-02, 1.5589662E-01
6.08631E-08, -3.602246E-02, -1.183056E-02, 1.5619171E-01
6.08693E-08, -3.707631E-02, -1.214671E-02, 1.5652893E-01
6.08756E-08, -3.865710E-02, -1.277903E-02, 1.5669756E-01
6.08818E-08, -3.865710E-02, -1.309518E-02, 1.5690833E-01
6.08881E-08, -3.918403E-02, -1.341134E-02, 1.5695049E-01
6.08943E-08, -4.023788E-02, -1.393827E-02, 1.5695049E-01
6.09006E-08, -4.023788E-02, -1.446519E-02, 1.5699263E-01
6.09068E-08, -3.918403E-02, -1.467597E-02, 1.5690833E-01
6.09131E-08, -3.760324E-02, -1.509751E-02, 1.5673971E-01
6.09193E-08, -3.760324E-02, -1.551905E-02, 1.5657109E-01
6.09256E-08, -3.602246E-02, -1.583521E-02, 1.5627602E-01
6.09318E-08, -3.444167E-02, -1.636213E-02, 1.5606524E-01
6.09381E-08, -3.338782E-02, -1.657291E-02, 1.5572801E-01
6.09443E-08, -3.022625E-02, -1.657291E-02, 1.5539077E-01
6.09506E-08, -2.864547E-02, -1.667829E-02, 1.5496923E-01
6.09568E-08, -2.706468E-02, -1.678368E-02, 1.5463200E-01
6.09631E-08, -2.601083E-02, -1.678368E-02, 1.5425262E-01
6.09693E-08, -2.337619E-02, -1.678368E-02, 1.5383106E-01
6.09756E-08, -2.179541E-02, -1.646752E-02, 1.5349384E-01
6.09818E-08, -2.021462E-02, -1.636213E-02, 1.5311445E-01
6.09881E-08, -1.810691E-02, -1.604598E-02, 1.5273505E-01
6.09943E-08, -1.757998E-02, -1.551905E-02, 1.5235567E-01
6.10006E-08, -1.652613E-02, -1.478135E-02, 1.5214489E-01
6.10068E-08, -1.599920E-02, -1.425442E-02, 1.5176551E-01
6.10131E-08, -1.494534E-02, -1.383288E-02, 1.5163904E-01
6.10193E-08, -1.494534E-02, -1.298980E-02, 1.5151259E-01
6.10256E-08, -1.494534E-02, -1.246287E-02, 1.5138613E-01
6.10318E-08, -1.494534E-02, -1.172517E-02, 1.5134397E-01
6.10381E-08, -1.599920E-02, -1.098747E-02, 1.5138613E-01
6.10443E-08, -1.599920E-02, -1.024977E-02, 1.5142828E-01
6.10506E-08, -1.757998E-02, -9.51207E-03, 1.5155473E-01
6.10568E-08, -1.810691E-02, -9.30130E-03, 1.5168120E-01
6.10631E-08, -1.968769E-02, -8.45822E-03, 1.5189198E-01
6.10693E-08, -2.074155E-02, -7.93129E-03, 1.5210274E-01
6.10756E-08, -2.232233E-02, -7.61513E-03, 1.5235567E-01
6.10818E-08, -2.337619E-02, -7.29898E-03, 1.5269290E-01
6.10881E-08, -2.337619E-02, -6.98282E-03, 1.5294583E-01
6.10943E-08, -2.601083E-02, -6.87743E-03, 1.5336737E-01
6.11006E-08, -2.653776E-02, -6.77205E-03, 1.5362030E-01
6.11068E-08, -2.706468E-02, -6.66666E-03, 1.5399969E-01
6.11131E-08, -2.811854E-02, -6.66666E-03, 1.5437907E-01
6.11193E-08, -2.917239E-02, -6.87743E-03, 1.5467416E-01
6.11256E-08, -3.022625E-02, -7.08820E-03, 1.5496923E-01
6.11318E-08, -3.075318E-02, -7.29898E-03, 1.5522216E-01
6.11381E-08, -3.233396E-02, -7.61513E-03, 1.5547508E-01
6.11443E-08, -3.180704E-02, -8.03667E-03, 1.5572801E-01
6.11506E-08, -3.233396E-02, -8.45822E-03, 1.5593877E-01
6.11568E-08, -3.338782E-02, -8.66899E-03, 1.5606524E-01
6.11631E-08, -3.391474E-02, -9.19592E-03, 1.5619171E-01
6.11693E-08, -3.391474E-02, -9.40669E-03, 1.5623386E-01
6.11756E-08, -3.496860E-02, -9.72284E-03, 1.5623386E-01
6.11818E-08, -3.602246E-02, -1.003900E-02, 1.5627602E-01
6.11881E-08, -3.654939E-02, -9.82823E-03, 1.5627602E-01
6.11943E-08, -3.813017E-02, -1.003900E-02, 1.5619171E-01
6.12006E-08, -3.865710E-02, -9.93362E-03, 1.5610740E-01
6.12068E-08, -3.918403E-02, -1.003900E-02, 1.5598093E-01
6.12131E-08, -4.181866E-02, -9.82823E-03, 1.5581232E-01
6.12193E-08, -4.287252E-02, -9.40669E-03, 1.5568586E-01
6.12256E-08, -4.498023E-02, -8.98515E-03, 1.5547508E-01
6.12318E-08, -4.708794E-02, -8.45822E-03, 1.5534861E-01
6.12381E-08, -5.024951E-02, -7.93129E-03, 1.5509570E-01
6.12443E-08, -5.183030E-02, -7.19359E-03, 1.5492707E-01
6.12506E-08, -5.499186E-02, -6.03435E-03, 1.5475847E-01
6.12568E-08, -5.762650E-02, -5.29665E-03, 1.5454769E-01
6.12631E-08, -6.026114E-02, -4.24279E-03, 1.5433691E-01
6.12693E-08, -6.289578E-02, -3.18894E-03, 1.5416831E-01
6.12756E-08, -6.553042E-02, -2.34585E-03, 1.5404184E-01
6.12818E-08, -6.869198E-02, -1.18661E-03, 1.5395753E-01
6.12881E-08, -6.974584E-02, 7.801E-05, 1.5383106E-01
6.12943E-08, -7.290741E-02, 9.2110E-04, 1.5374675E-01
6.13006E-08, -7.501512E-02, 1.97495E-03, 1.5357815E-01
6.13068E-08, -7.606898E-02, 2.92343E-03, 1.5353599E-01
6.13131E-08, -7.659590E-02, 3.66112E-03, 1.5349384E-01
6.13193E-08, -7.817668E-02, 4.50421E-03, 1.5340953E-01
6.13256E-08, -7.870361E-02, 5.03114E-03, 1.5340953E-01
6.13318E-08, -7.870361E-02, 5.45268E-03, 1.5332521E-01
6.13381E-08, -7.764976E-02, 5.76884E-03, 1.5340953E-01
6.13443E-08, -7.712283E-02, 5.87422E-03, 1.5332521E-01
6.13506E-08, -7.554205E-02, 6.19038E-03, 1.5336737E-01
6.13568E-08, -7.396127E-02, 5.87422E-03, 1.5336737E-01
6.13631E-08, -7.132663E-02, 5.66345E-03, 1.5328306E-01
6.13693E-08, -6.869198E-02, 5.13652E-03, 1.5336737E-01
6.13756E-08, -6.605735E-02, 4.39882E-03, 1.5328306E-01
6.13818E-08, -6.289578E-02, 3.87190E-03, 1.5332521E-01
6.13881E-08, -5.868036E-02, 3.13420E-03, 1.5324090E-01
6.13943E-08, -5.551879E-02, 1.97495E-03, 1.5328306E-01
6.14006E-08, -5.130336E-02, 1.23726E-03, 1.5319875E-01
6.14068E-08, -4.814180E-02, -1.3276E-04, 1.5328306E-01
6.14131E-08, -4.339945E-02, -1.08123E-03, 1.5328306E-01
6.14193E-08, -4.023788E-02, -2.24047E-03, 1.5315661E-01
6.14256E-08, -3.654939E-02, -3.50509E-03, 1.5319875E-01
6.14318E-08, -3.391474E-02, -4.66434E-03, 1.5319875E-01
6.14381E-08, -3.022625E-02, -5.71819E-03, 1.5324090E-01
6.14443E-08, -2.653776E-02, -6.66666E-03, 1.5315661E-01
6.14506E-08, -2.443004E-02, -7.72052E-03, 1.5324090E-01
6.14568E-08, -2.284926E-02, -8.35283E-03, 1.5328306E-01
6.14631E-08, -2.074155E-02, -8.98515E-03, 1.5328306E-01
6.14693E-08, -1.968769E-02, -9.61746E-03, 1.5336737E-01
6.14756E-08, -1.968769E-02, -9.93362E-03, 1.5340953E-01
6.14818E-08, -2.021462E-02, -1.024977E-02, 1.5345168E-01
6.14881E-08, -1.916077E-02, -1.035516E-02, 1.5353599E-01
6.14943E-08, -2.074155E-02, -1.035516E-02, 1.5357815E-01
6.15006E-08, -2.232233E-02, -1.014439E-02, 1.5370461E-01
6.15068E-08, -2.337619E-02, -9.72284E-03, 1.5378891E-01
6.15131E-08, -2.495697E-02, -8.98515E-03, 1.5383106E-01
6.15193E-08, -2.706468E-02, -8.45822E-03, 1.5391538E-01
6.15256E-08, -2.917239E-02, -7.82590E-03, 1.5399969E-01
6.15318E-08, -3.180704E-02, -6.77205E-03, 1.5395753E-01
6.15381E-08, -3.444167E-02, -5.82358E-03, 1.5404184E-01
6.15443E-08, -3.654939E-02, -4.87511E-03, 1.5404184E-01
6.15506E-08, -3.865710E-02, -3.82125E-03, 1.5391538E-01
6.15568E-08, -4.023788E-02, -2.55662E-03, 1.5395753E-01
6.15631E-08, -4.129174E-02, -1.50277E-03, 1.5387322E-01
6.15693E-08, -4.287252E-02, -4.4891E-04, 1.5374675E-01
6.15756E-08, -4.392638E-02, 6.0494E-04, 1.5362030E-01
6.15818E-08, -4.445330E-02, 1.44803E-03, 1.5340953E-01
6.15881E-08, -4.339945E-02, 2.60727E-03, 1.5315661E-01
6.15943E-08, -4.392638E-02, 3.45035E-03, 1.5294583E-01
6.16006E-08, -4.287252E-02, 4.08267E-03, 1.5273505E-01
6.16068E-08, -4.023788E-02, 4.50421E-03, 1.5235567E-01
6.16131E-08, -3.918403E-02, 5.03114E-03, 1.5210274E-01
6.16193E-08, -3.549553E-02, 5.45268E-03, 1.5180767E-01
6.16256E-08, -3.233396E-02, 5.55806E-03, 1.5147044E-01
6.16318E-08, -2.759161E-02, 5.45268E-03, 1.5104888E-01
6.16381E-08, -2.337619E-02, 5.45268E-03, 1.5071166E-01
6.16443E-08, -1.810691E-02, 5.03114E-03, 1.5041658E-01
6.16506E-08, -1.389149E-02, 5.03114E-03, 1.5012150E-01
6.16568E-08, -7.56835E-03, 4.18805E-03, 1.4978427E-01
6.16631E-08, -2.29907E-03, 3.97728E-03, 1.4948918E-01
6.16693E-08, 4.55099E-03, 3.13420E-03, 1.4923626E-01
6.16756E-08, 7.71256E-03, 2.60727E-03, 1.4902548E-01
6.16818E-08, 1.508955E-02, 1.86957E-03, 1.4881472E-01
6.16881E-08, 2.088575E-02, 1.13187E-03, 1.4868826E-01
6.16943E-08, 2.510118E-02, 1.8340E-04, 1.4860395E-01
6.17006E-08, 2.984353E-02, -6.5968E-04, 1.4860395E-01
6.17068E-08, 3.511281E-02, -1.18661E-03, 1.4851964E-01
6.17131E-08, 3.827437E-02, -1.71354E-03, 1.4860395E-01
6.17193E-08, 4.196287E-02, -2.55662E-03, 1.4873041E-01
6.17256E-08, 4.512443E-02, -2.97817E-03, 1.4881472E-01
6.17318E-08, 4.670522E-02, -3.29432E-03, 1.4910980E-01
6.17381E-08, 4.775907E-02, -3.61048E-03, 1.4932057E-01
6.17443E-08, 4.828600E-02, -3.71587E-03, 1.4957349E-01
6.17506E-08, 4.775907E-02, -3.71587E-03, 1.4982642E-01
6.17568E-08, 4.775907E-02, -3.71587E-03, 1.5020581E-01
6.17631E-08, 4.617829E-02, -3.39971E-03, 1.5058519E-01
6.17693E-08, 4.301672E-02, -2.97817E-03, 1.5092243E-01
6.17756E-08, 4.038208E-02, -2.55662E-03, 1.5121751E-01
6.17818E-08, 3.722052E-02, -2.24047E-03, 1.5155473E-01
6.17881E-08, 3.247816E-02, -1.39738E-03, 1.5189198E-01
6.17943E-08, 2.720889E-02, -4.4891E-04, 1.5218705E-01
6.18006E-08, 2.193961E-02, 1.8340E-04, 1.5248214E-01
6.18068E-08, 1.667033E-02, 9.2110E-04, 1.5269290E-01
6.18131E-08, 1.087412E-02, 1.76418E-03, 1.5290368E-01
6.18193E-08, 5.60485E-03, 2.60727E-03, 1.5307230E-01
6.18256E-08, -1.24522E-03, 3.34497E-03, 1.5311445E-01
6.18318E-08, -7.04142E-03, 4.18805E-03, 1.5319875E-01
6.18381E-08, -1.283763E-02, 4.82037E-03, 1.5328306E-01
6.18443E-08, -1.968769E-02, 5.45268E-03, 1.5324090E-01
6.18506E-08, -2.548390E-02, 6.08499E-03, 1.5307230E-01
6.18568E-08, -3.075318E-02, 6.71731E-03, 1.5298799E-01
6.18631E-08, -3.496860E-02, 7.03346E-03, 1.5269290E-01
6.18693E-08, -4.023788E-02, 7.24423E-03, 1.5256645E-01
6.18756E-08, -4.445330E-02, 7.13885E-03, 1.5222920E-01
6.18818E-08, -4.761487E-02, 7.45500E-03, 1.5197629E-01
6.18881E-08, -4.972258E-02, 7.34962E-03, 1.5168120E-01
6.18943E-08, -5.235722E-02, 7.13885E-03, 1.5142828E-01
6.19006E-08, -5.446493E-02, 6.61192E-03, 1.5109104E-01
6.19068E-08, -5.499186E-02, 6.19038E-03, 1.5075381E-01
6.19131E-08, -5.604572E-02, 5.55806E-03, 1.5054303E-01
6.19193E-08, -5.446493E-02, 4.71498E-03, 1.5020581E-01
6.19256E-08, -5.393801E-02, 4.08267E-03, 1.5003718E-01
6.19318E-08, -5.235722E-02, 3.13420E-03, 1.4986858E-01
6.19381E-08, -5.024951E-02, 2.29111E-03, 1.4965780E-01
6.19443E-08, -4.708794E-02, 1.13187E-03, 1.4953133E-01
6.19506E-08, -4.392638E-02, 1.8340E-04, 1.4944702E-01
6.19568E-08, -4.023788E-02, -9.7584E-04, 1.4940487E-01
6.19631E-08, -3.707631E-02, -1.81893E-03, 1.4936273E-01
6.19693E-08, -3.233396E-02, -2.66201E-03, 1.4953133E-01
6.19756E-08, -2.759161E-02, -3.82125E-03, 1.4961565E-01
6.19818E-08, -2.337619E-02, -4.66434E-03, 1.4974211E-01
6.19881E-08, -1.810691E-02, -5.61281E-03, 1.4995287E-01
6.19943E-08, -1.441841E-02, -6.24512E-03, 1.5007934E-01
6.20006E-08, -9.67606E-03, -6.87743E-03, 1.5037443E-01
6.20068E-08, -5.46064E-03, -7.82590E-03, 1.5062734E-01
6.20131E-08, -7.1829E-04, -8.14206E-03, 1.5092243E-01
6.20193E-08, 2.97021E-03, -8.56360E-03, 1.5121751E-01
6.20256E-08, 6.65870E-03, -9.09053E-03, 1.5147044E-01
6.20318E-08, 9.29334E-03, -9.30130E-03, 1.5180767E-01
6.20381E-08, 1.298183E-02, -9.61746E-03, 1.5206060E-01
6.20443E-08, 1.508955E-02, -9.51207E-03, 1.5227136E-01
6.20506E-08, 1.825111E-02, -9.40669E-03, 1.5252429E-01
6.20568E-08, 1.825111E-02, -9.51207E-03, 1.5265074E-01
6.20631E-08, 1.983190E-02, -9.40669E-03, 1.5281937E-01
6.20693E-08, 1.983190E-02, -8.98515E-03, 1.5294583E-01
6.20756E-08, 2.035883E-02, -8.66899E-03, 1.5307230E-01
6.20818E-08, 2.035883E-02, -8.14206E-03, 1.5315661E-01
6.20881E-08, 1.930497E-02, -7.61513E-03, 1.5319875E-01
6.20943E-08, 1.719726E-02, -7.19359E-03, 1.5307230E-01
6.21006E-08, 1.667033E-02, -6.77205E-03, 1.5307230E-01
6.21068E-08, 1.561647E-02, -6.35051E-03, 1.5307230E-01
6.21131E-08, 1.403569E-02, -5.61281E-03, 1.5286152E-01
6.21193E-08, 1.034720E-02, -4.98049E-03, 1.5281937E-01
6.21256E-08, 9.29334E-03, -4.34818E-03, 1.5269290E-01
6.21318E-08, 6.13177E-03, -3.71587E-03, 1.5252429E-01
6.21381E-08, 3.49713E-03, -2.97817E-03, 1.5235567E-01
6.21443E-08, 8.6249E-04, -2.13508E-03, 1.5218705E-01
6.21506E-08, -1.24522E-03, -1.39738E-03, 1.5201844E-01
6.21568E-08, -3.87986E-03, -6.5968E-04, 1.5180767E-01
6.21631E-08, -5.46064E-03, 1.8340E-04, 1.5168120E-01
6.21693E-08, -8.09528E-03, 1.02648E-03, 1.5155473E-01
6.21756E-08, -1.020299E-02, 1.55341E-03, 1.5142828E-01
6.21818E-08, -1.178377E-02, 2.29111E-03, 1.5138613E-01
6.21881E-08, -1.336456E-02, 3.13420E-03, 1.5134397E-01
6.21943E-08, -1.547227E-02, 3.87190E-03, 1.5130182E-01
6.22006E-08, -1.652613E-02, 4.71498E-03, 1.5134397E-01
6.22068E-08, -1.810691E-02, 5.24191E-03, 1.5134397E-01
6.22131E-08, -1.705305E-02, 6.19038E-03, 1.5138613E-01
6.22193E-08, -1.810691E-02, 6.61192E-03, 1.5155473E-01
6.22256E-08, -1.863384E-02, 7.13885E-03, 1.5163904E-01
6.22318E-08, -1.863384E-02, 7.77116E-03, 1.5176551E-01
6.22381E-08, -1.916077E-02, 8.19270E-03, 1.5189198E-01
6.22443E-08, -1.863384E-02, 8.61425E-03, 1.5197629E-01
6.22506E-08, -1.810691E-02, 9.03579E-03, 1.5218705E-01
6.22568E-08, -1.757998E-02, 9.14117E-03, 1.5231352E-01
6.22631E-08, -1.757998E-02, 9.24656E-03, 1.5243998E-01
6.22693E-08, -1.652613E-02, 9.35195E-03, 1.5243998E-01
6.22756E-08, -1.652613E-02, 9.03579E-03, 1.5260860E-01
6.22818E-08, -1.652613E-02, 8.82502E-03, 1.5265074E-01
6.22881E-08, -1.494534E-02, 8.40348E-03, 1.5265074E-01
6.22943E-08, -1.494534E-02, 7.87655E-03, 1.5260860E-01
6.23006E-08, -1.441841E-02, 7.34962E-03, 1.5265074E-01
6.23068E-08, -1.494534E-02, 6.50653E-03, 1.5243998E-01
6.23131E-08, -1.441841E-02, 5.66345E-03, 1.5235567E-01
6.23193E-08, -1.441841E-02, 4.50421E-03, 1.5222920E-01
6.23256E-08, -1.494534E-02, 3.13420E-03, 1.5193413E-01
6.23318E-08, -1.547227E-02, 1.76418E-03, 1.5172336E-01
6.23381E-08, -1.652613E-02, 4.9956E-04, 1.5138613E-01
6.23443E-08, -1.599920E-02, -9.7584E-04, 1.5113319E-01
6.23506E-08, -1.652613E-02, -2.66201E-03, 1.5075381E-01
6.23568E-08, -1.810691E-02, -4.34818E-03, 1.5041658E-01
6.23631E-08, -1.863384E-02, -5.92896E-03, 1.5003718E-01
6.23693E-08, -1.968769E-02, -7.40436E-03, 1.4961565E-01
6.23756E-08, -2.074155E-02, -9.19592E-03, 1.4919411E-01
6.23818E-08, -2.232233E-02, -1.067131E-02, 1.4881472E-01
6.23881E-08, -2.337619E-02, -1.225210E-02, 1.4843532E-01
6.23943E-08, -2.443004E-02, -1.383288E-02, 1.4818241E-01
6.24006E-08, -2.653776E-02, -1.499212E-02, 1.4784516E-01
6.24068E-08, -2.759161E-02, -1.636213E-02, 1.4759225E-01
6.24131E-08, -2.864547E-02, -1.720522E-02, 1.4738147E-01
6.24193E-08, -3.022625E-02, -1.815369E-02, 1.4721285E-01
6.24256E-08, -3.180704E-02, -1.899678E-02, 1.4708640E-01
6.24318E-08, -3.286089E-02, -1.920754E-02, 1.4704424E-01
6.24381E-08, -3.496860E-02, -1.952370E-02, 1.4704424E-01
6.24443E-08, -3.602246E-02, -1.941832E-02, 1.4712855E-01
6.24506E-08, -3.760324E-02, -1.920754E-02, 1.4725500E-01
6.24568E-08, -3.971095E-02, -1.878600E-02, 1.4742362E-01
6.24631E-08, -4.076481E-02, -1.825907E-02, 1.4759225E-01
6.24693E-08, -4.287252E-02, -1.720522E-02, 1.4797163E-01
6.24756E-08, -4.339945E-02, -1.615136E-02, 1.4830886E-01
6.24818E-08, -4.603409E-02, -1.478135E-02, 1.4873041E-01
6.24881E-08, -4.656101E-02, -1.320057E-02, 1.4910980E-01
6.24943E-08, -4.919565E-02, -1.172517E-02, 1.4957349E-01
6.25006E-08, -5.024951E-02, -9.93362E-03, 1.4999503E-01
6.25068E-08, -5.235722E-02, -8.03667E-03, 1.5045874E-01
6.25131E-08, -5.393801E-02, -6.03435E-03, 1.5096459E-01
6.25193E-08, -5.551879E-02, -4.24279E-03, 1.5142828E-01
6.25256E-08, -5.657265E-02, -2.13508E-03, 1.5189198E-01
6.25318E-08, -5.868036E-02, -1.3276E-04, 1.5231352E-01
6.25381E-08, -5.973421E-02, 1.76418E-03, 1.5273505E-01
6.25443E-08, -6.078807E-02, 3.66112E-03, 1.5303014E-01
6.25506E-08, -6.236885E-02, 5.45268E-03, 1.5345168E-01
6.25568E-08, -6.342271E-02, 7.13885E-03, 1.5374675E-01
6.25631E-08, -6.394964E-02, 8.71963E-03, 1.5391538E-01
6.25693E-08, -6.447656E-02, 1.019503E-02, 1.5408400E-01
6.25756E-08, -6.500349E-02, 1.135427E-02, 1.5421046E-01
6.25818E-08, -6.605735E-02, 1.219736E-02, 1.5425262E-01
6.25881E-08, -6.605735E-02, 1.314583E-02, 1.5421046E-01
6.25943E-08, -6.658427E-02, 1.377814E-02, 1.5412615E-01
6.26006E-08, -6.605735E-02, 1.430507E-02, 1.5404184E-01
6.26068E-08, -6.500349E-02, 1.451584E-02, 1.5383106E-01
6.26131E-08, -6.447656E-02, 1.472661E-02, 1.5349384E-01
6.26193E-08, -6.289578E-02, 1.472661E-02, 1.5328306E-01
6.26256E-08, -6.184192E-02, 1.430507E-02, 1.5294583E-01
6.26318E-08, -6.026114E-02, 1.398891E-02, 1.5252429E-01
6.26381E-08, -5.973421E-02, 1.346198E-02, 1.5218705E-01
6.26443E-08, -5.657265E-02, 1.272428E-02, 1.5172336E-01
6.26506E-08, -5.499186E-02, 1.209197E-02, 1.5130182E-01
6.26568E-08, -5.235722E-02, 1.124889E-02, 1.5083812E-01
6.26631E-08, -5.024951E-02, 1.040580E-02, 1.5037443E-01
6.26693E-08, -4.761487E-02, 9.45733E-03, 1.4999503E-01
6.26756E-08, -4.603409E-02, 8.50886E-03, 1.4953133E-01
6.26818E-08, -4.287252E-02, 7.45500E-03, 1.4915195E-01
6.26881E-08, -4.129174E-02, 6.71731E-03, 1.4877257E-01
6.26943E-08, -3.971095E-02, 5.66345E-03, 1.4839317E-01
6.27006E-08, -3.813017E-02, 4.82037E-03, 1.4814025E-01
6.27068E-08, -3.602246E-02, 4.08267E-03, 1.4788732E-01
6.27131E-08, -3.496860E-02, 3.55574E-03, 1.4755009E-01
6.27193E-08, -3.391474E-02, 2.71265E-03, 1.4742362E-01
6.27256E-08, -3.286089E-02, 2.18573E-03, 1.4725500E-01
6.27318E-08, -3.075318E-02, 1.76418E-03, 1.4708640E-01
6.27381E-08, -3.233396E-02, 1.23726E-03, 1.4712855E-01
6.27443E-08, -3.180704E-02, 8.1571E-04, 1.4717071E-01
6.27506E-08, -3.180704E-02, 8.1571E-04, 1.4712855E-01
6.27568E-08, -3.233396E-02, 4.9956E-04, 1.4712855E-01
6.27631E-08, -3.338782E-02, 6.0494E-04, 1.4733931E-01
6.27693E-08, -3.496860E-02, 2.8879E-04, 1.4742362E-01
6.27756E-08, -3.654939E-02, 2.8879E-04, 1.4755009E-01
6.27818E-08, -3.813017E-02, 2.8879E-04, 1.4771871E-01
6.27881E-08, -3.865710E-02, 4.9956E-04, 1.4788732E-01
6.27943E-08, -4.129174E-02, 4.9956E-04, 1.4814025E-01
6.28006E-08, -4.339945E-02, 4.9956E-04, 1.4830886E-01
6.28068E-08, -4.603409E-02, 7.1033E-04, 1.4851964E-01
6.28131E-08, -4.761487E-02, 8.1571E-04, 1.4868826E-01
6.28193E-08, -4.972258E-02, 6.0494E-04, 1.4889902E-01
6.28256E-08, -5.077644E-02, 8.1571E-04, 1.4902548E-01
6.28318E-08, -5.288415E-02, 8.1571E-04, 1.4923626E-01
6.28381E-08, -5.393801E-02, 7.1033E-04, 1.4940487E-01
6.28443E-08, -5.499186E-02, 9.2110E-04, 1.4953133E-01
6.28506E-08, -5.551879E-02, 7.1033E-04, 1.4957349E-01
6.28568E-08, -5.657265E-02, 6.0494E-04, 1.4969996E-01
6.28631E-08, -5.657265E-02, 6.0494E-04, 1.4978427E-01
6.28693E-08, -5.551879E-02, 3.9417E-04, 1.4974211E-01
6.28756E-08, -5.446493E-02, 6.0494E-04, 1.4982642E-01
6.28818E-08, -5.446493E-02, 2.8879E-04, 1.4982642E-01
6.28881E-08, -5.183030E-02, 1.8340E-04, 1.4974211E-01
6.28943E-08, -5.024951E-02, 7.801E-05, 1.4978427E-01
6.29006E-08, -4.761487E-02, 1.8340E-04, 1.4969996E-01
6.29068E-08, -4.498023E-02, -2.737E-05, 1.4965780E-01
6.29131E-08, -4.181866E-02, -1.3276E-04, 1.4953133E-01
6.29193E-08, -3.918403E-02, -3.4353E-04, 1.4957349E-01
6.29256E-08, -3.549553E-02, -2.737E-05, 1.4940487E-01
6.29318E-08, -3.233396E-02, -2.3814E-04, 1.4944702E-01
6.29381E-08, -2.917239E-02, -2.3814E-04, 1.4936273E-01
6.29443E-08, -2.495697E-02, -2.3814E-04, 1.4927842E-01
6.29506E-08, -2.179541E-02, 7.801E-05, 1.4919411E-01
6.29568E-08, -1.705305E-02, 7.801E-05, 1.4915195E-01
6.29631E-08, -1.441841E-02, 1.8340E-04, 1.4915195E-01
6.29693E-08, -1.020299E-02, 3.9417E-04, 1.4906764E-01
6.29756E-08, -8.62221E-03, 4.9956E-04, 1.4910980E-01
6.29818E-08, -4.93371E-03, 3.9417E-04, 1.4910980E-01
6.29881E-08, -2.82600E-03, 4.9956E-04, 1.4919411E-01
6.29943E-08, -7.1829E-04, 4.9956E-04, 1.4915195E-01
6.30006E-08, 8.6249E-04, 6.0494E-04, 1.4919411E-01
6.30068E-08, 2.44328E-03, 6.0494E-04, 1.4923626E-01
6.30131E-08, 3.49713E-03, 8.1571E-04, 1.4927842E-01
6.30193E-08, 3.49713E-03, 6.0494E-04, 1.4944702E-01
6.30256E-08, 4.02406E-03, 7.1033E-04, 1.4940487E-01
6.30318E-08, 3.49713E-03, 7.1033E-04, 1.4948918E-01
6.30381E-08, 2.97021E-03, 4.9956E-04, 1.4957349E-01
6.30443E-08, 1.91635E-03, 4.9956E-04, 1.4953133E-01
6.30506E-08, 1.38942E-03, 3.9417E-04, 1.4965780E-01
6.30568E-08, -1.9136E-04, 2.8879E-04, 1.4961565E-01
6.30631E-08, -2.29907E-03, 7.801E-05, 1.4974211E-01
6.30693E-08, -4.40678E-03, -2.737E-05, 1.4965780E-01
6.30756E-08, -5.46064E-03, -2.3814E-04, 1.4965780E-01
6.30818E-08, -7.56835E-03, -3.4353E-04, 1.4965780E-01
6.30881E-08, -9.67606E-03, -5.5430E-04, 1.4965780E-01
6.30943E-08, -1.178377E-02, -7.6507E-04, 1.4957349E-01
6.31006E-08, -1.336456E-02, -5.5430E-04, 1.4944702E-01
6.31068E-08, -1.494534E-02, -6.5968E-04, 1.4948918E-01
6.31131E-08, -1.652613E-02, -6.5968E-04, 1.4932057E-01
6.31193E-08, -1.863384E-02, -6.5968E-04, 1.4936273E-01
6.31256E-08, -1.916077E-02, -3.4353E-04, 1.4923626E-01
6.31318E-08, -2.074155E-02, -2.3814E-04, 1.4915195E-01
6.31381E-08, -2.126848E-02, 1.8340E-04, 1.4910980E-01
6.31443E-08, -2.126848E-02, 4.9956E-04, 1.4906764E-01
6.31506E-08, -2.126848E-02, 9.2110E-04, 1.4898333E-01
6.31568E-08, -2.074155E-02, 1.34264E-03, 1.4894117E-01
6.31631E-08, -1.968769E-02, 2.08034E-03, 1.4881472E-01
6.31693E-08, -1.863384E-02, 2.60727E-03, 1.4881472E-01
6.31756E-08, -1.810691E-02, 3.34497E-03, 1.4877257E-01
6.31818E-08, -1.547227E-02, 3.97728E-03, 1.4877257E-01
6.31881E-08, -1.389149E-02, 4.71498E-03, 1.4868826E-01
6.31943E-08, -1.283763E-02, 5.34729E-03, 1.4881472E-01
6.32006E-08, -1.072992E-02, 6.08499E-03, 1.4881472E-01
6.32068E-08, -8.09528E-03, 6.61192E-03, 1.4889902E-01
6.32131E-08, -5.98757E-03, 7.24423E-03, 1.4889902E-01
6.32193E-08, -3.35293E-03, 7.77116E-03, 1.4894117E-01
6.32256E-08, -2.29907E-03, 8.19270E-03, 1.4898333E-01
6.32318E-08, 1.38942E-03, 8.40348E-03, 1.4906764E-01
6.32381E-08, 2.44328E-03, 8.40348E-03, 1.4923626E-01
6.32443E-08, 4.55099E-03, 8.71963E-03, 1.4927842E-01
6.32506E-08, 5.60485E-03, 8.82502E-03, 1.4936273E-01
6.32568E-08, 6.65870E-03, 8.61425E-03, 1.4948918E-01
6.32631E-08, 8.23948E-03, 8.19270E-03, 1.4965780E-01
6.32693E-08, 8.23948E-03, 7.56039E-03, 1.4969996E-01
6.32756E-08, 8.23948E-03, 7.24423E-03, 1.4978427E-01
6.32818E-08, 8.76641E-03, 6.40115E-03, 1.4982642E-01
6.32881E-08, 9.29334E-03, 5.66345E-03, 1.4986858E-01
6.32943E-08, 7.71256E-03, 4.39882E-03, 1.4995287E-01
6.33006E-08, 6.65870E-03, 3.23958E-03, 1.5003718E-01
6.33068E-08, 4.55099E-03, 2.29111E-03, 1.5003718E-01
6.33131E-08, 2.97021E-03, 1.02648E-03, 1.4999503E-01
6.33193E-08, 8.6249E-04, -2.3814E-04, 1.5003718E-01
6.33256E-08, -2.82600E-03, -1.50277E-03, 1.4999503E-01
6.33318E-08, -5.98757E-03, -2.55662E-03, 1.4995287E-01
6.33381E-08, -9.14914E-03, -3.82125E-03, 1.4995287E-01
6.33443E-08, -1.178377E-02, -4.98049E-03, 1.4986858E-01
6.33506E-08, -1.494534E-02, -6.03435E-03, 1.4978427E-01
6.33568E-08, -1.968769E-02, -6.98282E-03, 1.4974211E-01
6.33631E-08, -2.232233E-02, -7.61513E-03, 1.4969996E-01
6.33693E-08, -2.653776E-02, -8.45822E-03, 1.4961565E-01
6.33756E-08, -3.022625E-02, -8.98515E-03, 1.4948918E-01
6.33818E-08, -3.338782E-02, -9.40669E-03, 1.4944702E-01
6.33881E-08, -3.654939E-02, -9.40669E-03, 1.4940487E-01
6.33943E-08, -4.129174E-02, -9.51207E-03, 1.4936273E-01
6.34006E-08, -4.445330E-02, -9.51207E-03, 1.4927842E-01
6.34068E-08, -4.814180E-02, -9.19592E-03, 1.4915195E-01
6.34131E-08, -5.130336E-02, -8.56360E-03, 1.4923626E-01
6.34193E-08, -5.235722E-02, -7.93129E-03, 1.4915195E-01
6.34256E-08, -5.551879E-02, -6.98282E-03, 1.4906764E-01
6.34318E-08, -5.815343E-02, -6.13973E-03, 1.4910980E-01
6.34381E-08, -5.920728E-02, -5.08588E-03, 1.4910980E-01
6.34443E-08, -6.078807E-02, -3.92664E-03, 1.4915195E-01
6.34506E-08, -6.184192E-02, -2.66201E-03, 1.4910980E-01
6.34568E-08, -6.289578E-02, -1.50277E-03, 1.4910980E-01
6.34631E-08, -6.342271E-02, -2.3814E-04, 1.4910980E-01
6.34693E-08, -6.394964E-02, 7.1033E-04, 1.4910980E-01
6.34756E-08, -6.342271E-02, 1.86957E-03, 1.4919411E-01
6.34818E-08, -6.342271E-02, 3.02881E-03, 1.4910980E-01
6.34881E-08, -6.236885E-02, 3.97728E-03, 1.4910980E-01
6.34943E-08, -6.131500E-02, 4.60959E-03, 1.4915195E-01
6.35006E-08, -6.078807E-02, 5.34729E-03, 1.4915195E-01
6.35068E-08, -5.920728E-02, 5.87422E-03, 1.4906764E-01
6.35131E-08, -5.762650E-02, 6.19038E-03, 1.4902548E-01
6.35193E-08, -5.709957E-02, 6.08499E-03, 1.4894117E-01
6.35256E-08, -5.446493E-02, 6.08499E-03, 1.4889902E-01
6.35318E-08, -5.235722E-02, 5.76884E-03, 1.4885686E-01
6.35381E-08, -5.077644E-02, 5.34729E-03, 1.4873041E-01
6.35443E-08, -4.866873E-02, 4.71498E-03, 1.4860395E-01
6.35506E-08, -4.656101E-02, 3.87190E-03, 1.4851964E-01
6.35568E-08, -4.445330E-02, 2.81804E-03, 1.4843532E-01
6.35631E-08, -4.181866E-02, 1.86957E-03, 1.4818241E-01
6.35693E-08, -3.918403E-02, 6.0494E-04, 1.4809810E-01
6.35756E-08, -3.760324E-02, -4.4891E-04, 1.4792947E-01
6.35818E-08, -3.549553E-02, -1.81893E-03, 1.4788732E-01
6.35881E-08, -3.286089E-02, -3.18894E-03, 1.4771871E-01
6.35943E-08, -3.022625E-02, -4.66434E-03, 1.4755009E-01
6.36006E-08, -2.759161E-02, -6.03435E-03, 1.4750794E-01
6.36068E-08, -2.495697E-02, -7.40436E-03, 1.4746578E-01
6.36131E-08, -2.232233E-02, -8.35283E-03, 1.4738147E-01
6.36193E-08, -1.968769E-02, -9.72284E-03, 1.4733931E-01
6.36256E-08, -1.652613E-02, -1.067131E-02, 1.4729716E-01
6.36318E-08, -1.441841E-02, -1.172517E-02, 1.4729716E-01
6.36381E-08, -1.283763E-02, -1.246287E-02, 1.4738147E-01
6.36443E-08, -8.62221E-03, -1.309518E-02, 1.4738147E-01
6.36506E-08, -5.98757E-03, -1.372750E-02, 1.4738147E-01
6.36568E-08, -3.35293E-03, -1.404365E-02, 1.4750794E-01
6.36631E-08, -7.1829E-04, -1.414904E-02, 1.4763440E-01
6.36693E-08, 8.6249E-04, -1.435981E-02, 1.4771871E-01
6.36756E-08, 3.49713E-03, -1.414904E-02, 1.4784516E-01
6.36818E-08, 6.65870E-03, -1.404365E-02, 1.4788732E-01
6.36881E-08, 8.23948E-03, -1.351672E-02, 1.4809810E-01
6.36943E-08, 9.29334E-03, -1.341134E-02, 1.4818241E-01
6.37006E-08, 1.192798E-02, -1.288441E-02, 1.4835101E-01
6.37068E-08, 1.350876E-02, -1.214671E-02, 1.4839317E-01
6.37131E-08, 1.561647E-02, -1.161978E-02, 1.4843532E-01
6.37193E-08, 1.614340E-02, -1.088209E-02, 1.4860395E-01
6.37256E-08, 1.667033E-02, -1.014439E-02, 1.4851964E-01
6.37318E-08, 1.719726E-02, -9.40669E-03, 1.4860395E-01
6.37381E-08, 1.667033E-02, -8.87976E-03, 1.4860395E-01
6.37443E-08, 1.614340E-02, -8.03667E-03, 1.4856179E-01
6.37506E-08, 1.508955E-02, -7.50975E-03, 1.4847748E-01
6.37568E-08, 1.403569E-02, -6.77205E-03, 1.4839317E-01
6.37631E-08, 1.245491E-02, -6.24512E-03, 1.4826672E-01
6.37693E-08, 1.034720E-02, -5.71819E-03, 1.4814025E-01
6.37756E-08, 8.23948E-03, -5.19126E-03, 1.4788732E-01
6.37818E-08, 5.07792E-03, -4.76972E-03, 1.4763440E-01
6.37881E-08, 2.97021E-03, -4.34818E-03, 1.4742362E-01
6.37943E-08, -7.1829E-04, -4.03202E-03, 1.4721285E-01
6.38006E-08, -4.40678E-03, -3.71587E-03, 1.4683346E-01
6.38068E-08, -8.62221E-03, -3.61048E-03, 1.4653839E-01
6.38131E-08, -1.178377E-02, -3.29432E-03, 1.4611684E-01
6.38193E-08, -1.599920E-02, -3.18894E-03, 1.4590608E-01
6.38256E-08, -2.021462E-02, -2.66201E-03, 1.4556885E-01
6.38318E-08, -2.443004E-02, -2.66201E-03, 1.4527376E-01
6.38381E-08, -2.811854E-02, -2.55662E-03, 1.4489438E-01
6.38443E-08, -3.180704E-02, -2.24047E-03, 1.4468360E-01
6.38506E-08, -3.602246E-02, -1.81893E-03, 1.4438853E-01
6.38568E-08, -3.865710E-02, -1.50277E-03, 1.4421991E-01
6.38631E-08, -4.129174E-02, -1.29200E-03, 1.4392483E-01
6.38693E-08, -4.445330E-02, -1.18661E-03, 1.4371406E-01
6.38756E-08, -4.656101E-02, -6.5968E-04, 1.4358759E-01
6.38818E-08, -4.866873E-02, -1.3276E-04, 1.4341897E-01
6.38881E-08, -4.919565E-02, 1.8340E-04, 1.4337683E-01
6.38943E-08, -5.024951E-02, 4.9956E-04, 1.4333467E-01
6.39006E-08, -5.077644E-02, 8.1571E-04, 1.4325036E-01
6.39068E-08, -5.077644E-02, 1.23726E-03, 1.4329252E-01
6.39131E-08, -4.919565E-02, 1.65880E-03, 1.4329252E-01
6.39193E-08, -4.814180E-02, 1.76418E-03, 1.4341897E-01
6.39256E-08, -4.708794E-02, 2.29111E-03, 1.4350328E-01
6.39318E-08, -4.498023E-02, 2.39650E-03, 1.4367190E-01
6.39381E-08, -4.129174E-02, 2.60727E-03, 1.4384052E-01
6.39443E-08, -3.865710E-02, 2.81804E-03, 1.4405128E-01
6.39506E-08, -3.654939E-02, 2.81804E-03, 1.4421991E-01
6.39568E-08, -3.338782E-02, 2.60727E-03, 1.4443068E-01
6.39631E-08, -2.969932E-02, 2.39650E-03, 1.4459929E-01
6.39693E-08, -2.548390E-02, 2.18573E-03, 1.4493653E-01
6.39756E-08, -2.232233E-02, 1.65880E-03, 1.4506298E-01
6.39818E-08, -1.863384E-02, 1.02648E-03, 1.4527376E-01
6.39881E-08, -1.441841E-02, 3.9417E-04, 1.4556885E-01
6.39943E-08, -1.178377E-02, -2.3814E-04, 1.4577961E-01
6.40006E-08, -8.09528E-03, -1.08123E-03, 1.4599039E-01
6.40068E-08, -5.98757E-03, -1.92431E-03, 1.4620115E-01
6.40131E-08, -3.35293E-03, -2.97817E-03, 1.4632761E-01
6.40193E-08, -1.77215E-03, -3.82125E-03, 1.4653839E-01
6.40256E-08, 3.3557E-04, -4.76972E-03, 1.4670700E-01
6.40318E-08, 1.38942E-03, -5.92896E-03, 1.4691778E-01
6.40381E-08, 2.44328E-03, -6.98282E-03, 1.4704424E-01
6.40443E-08, 2.44328E-03, -7.82590E-03, 1.4717071E-01
6.40506E-08, 2.44328E-03, -8.77437E-03, 1.4729716E-01
6.40568E-08, 1.38942E-03, -9.40669E-03, 1.4746578E-01
6.40631E-08, 1.38942E-03, -1.024977E-02, 1.4755009E-01
6.40693E-08, -1.24522E-03, -1.088209E-02, 1.4755009E-01
6.40756E-08, -2.82600E-03, -1.130363E-02, 1.4767656E-01
6.40818E-08, -4.40678E-03, -1.172517E-02, 1.4771871E-01
6.40881E-08, -7.04142E-03, -1.172517E-02, 1.4784516E-01
6.40943E-08, -9.67606E-03, -1.193594E-02, 1.4792947E-01
6.41006E-08, -1.178377E-02, -1.172517E-02, 1.4797163E-01
6.41068E-08, -1.547227E-02, -1.119824E-02, 1.4801379E-01
6.41131E-08, -1.810691E-02, -1.067131E-02, 1.4818241E-01
6.41193E-08, -2.074155E-02, -1.024977E-02, 1.4818241E-01
6.41256E-08, -2.284926E-02, -9.19592E-03, 1.4818241E-01
6.41318E-08, -2.548390E-02, -8.45822E-03, 1.4826672E-01
6.41381E-08, -2.811854E-02, -7.40436E-03, 1.4839317E-01
6.41443E-08, -2.917239E-02, -6.13973E-03, 1.4835101E-01
6.41506E-08, -3.180704E-02, -5.08588E-03, 1.4843532E-01
6.41568E-08, -3.286089E-02, -3.71587E-03, 1.4847748E-01
6.41631E-08, -3.444167E-02, -2.45124E-03, 1.4843532E-01
6.41693E-08, -3.549553E-02, -1.08123E-03, 1.4847748E-01
6.41756E-08, -3.602246E-02, 7.801E-05, 1.4851964E-01
6.41818E-08, -3.707631E-02, 1.34264E-03, 1.4843532E-01
6.41881E-08, -3.707631E-02, 2.50188E-03, 1.4835101E-01
6.41943E-08, -3.654939E-02, 3.55574E-03, 1.4843532E-01
6.42006E-08, -3.760324E-02, 4.39882E-03, 1.4835101E-01
6.42068E-08, -3.760324E-02, 5.24191E-03, 1.4826672E-01
6.42131E-08, -3.760324E-02, 5.76884E-03, 1.4814025E-01
6.42193E-08, -3.707631E-02, 6.19038E-03, 1.4805594E-01
6.42256E-08, -3.602246E-02, 6.50653E-03, 1.4792947E-01
6.42318E-08, -3.602246E-02, 6.61192E-03, 1.4776085E-01
6.42381E-08, -3.602246E-02, 6.29576E-03, 1.4763440E-01
6.42443E-08, -3.602246E-02, 5.97961E-03, 1.4738147E-01
6.42506E-08, -3.549553E-02, 5.55806E-03, 1.4725500E-01
6.42568E-08, -3.549553E-02, 4.71498E-03, 1.4708640E-01
6.42631E-08, -3.654939E-02, 3.97728E-03, 1.4691778E-01
6.42693E-08, -3.654939E-02, 2.92343E-03, 1.4666484E-01
6.42756E-08, -3.760324E-02, 1.76418E-03, 1.4649624E-01
6.42818E-08, -3.918403E-02, 4.9956E-04, 1.4615899E-01
6.42881E-08, -4.076481E-02, -9.7584E-04, 1.4599039E-01
6.42943E-08, -4.234559E-02, -2.45124E-03, 1.4577961E-01
6.43006E-08, -4.498023E-02, -3.82125E-03, 1.4561099E-01
6.43068E-08, -4.603409E-02, -5.50742E-03, 1.4535807E-01
6.43131E-08, -4.761487E-02, -6.77205E-03, 1.4523160E-01
6.43193E-08, -5.024951E-02, -8.45822E-03, 1.4510514E-01
6.43256E-08, -5.235722E-02, -9.72284E-03, 1.4493653E-01
6.43318E-08, -5.446493E-02, -1.119824E-02, 1.4481007E-01
6.43381E-08, -5.762650E-02, -1.235748E-02, 1.4472575E-01
6.43443E-08, -5.868036E-02, -1.330595E-02, 1.4468360E-01
6.43506E-08, -6.078807E-02, -1.446519E-02, 1.4455713E-01
6.43568E-08, -6.131500E-02, -1.520289E-02, 1.4455713E-01
6.43631E-08, -6.236885E-02, -1.604598E-02, 1.4455713E-01
6.43693E-08, -6.394964E-02, -1.636213E-02, 1.4455713E-01
6.43756E-08, -6.394964E-02, -1.688906E-02, 1.4468360E-01
6.43818E-08, -6.342271E-02, -1.699445E-02, 1.4476791E-01
6.43881E-08, -6.236885E-02, -1.688906E-02, 1.4476791E-01
6.43943E-08, -6.184192E-02, -1.678368E-02, 1.4489438E-01
6.44006E-08, -6.078807E-02, -1.646752E-02, 1.4502084E-01
6.44068E-08, -5.762650E-02, -1.594059E-02, 1.4514729E-01
6.44131E-08, -5.499186E-02, -1.530828E-02, 1.4531592E-01
6.44193E-08, -5.183030E-02, -1.478135E-02, 1.4544238E-01
6.44256E-08, -4.814180E-02, -1.383288E-02, 1.4561099E-01
6.44318E-08, -4.445330E-02, -1.277903E-02, 1.4573745E-01
6.44381E-08, -3.918403E-02, -1.183056E-02, 1.4594823E-01
6.44443E-08, -3.602246E-02, -1.077670E-02, 1.4603254E-01
6.44506E-08, -2.969932E-02, -9.61746E-03, 1.4620115E-01
6.44568E-08, -2.653776E-02, -8.14206E-03, 1.4624330E-01
6.44631E-08, -2.021462E-02, -7.08820E-03, 1.4636977E-01
6.44693E-08, -1.599920E-02, -5.82358E-03, 1.4645408E-01
6.44756E-08, -1.020299E-02, -4.55895E-03, 1.4649624E-01
6.44818E-08, -5.46064E-03, -3.50509E-03, 1.4653839E-01
6.44881E-08, -1.9136E-04, -2.34585E-03, 1.4649624E-01
6.44943E-08, 3.49713E-03, -1.29200E-03, 1.4649624E-01
6.45006E-08, 6.65870E-03, -1.3276E-04, 1.4645408E-01
6.45068E-08, 9.82027E-03, 9.2110E-04, 1.4636977E-01
6.45131E-08, 1.298183E-02, 1.86957E-03, 1.4628546E-01
6.45193E-08, 1.456262E-02, 2.50188E-03, 1.4615899E-01
6.45256E-08, 1.561647E-02, 3.55574E-03, 1.4607470E-01
6.45318E-08, 1.614340E-02, 4.08267E-03, 1.4590608E-01
6.45381E-08, 1.719726E-02, 4.82037E-03, 1.4573745E-01
6.45443E-08, 1.614340E-02, 5.45268E-03, 1.4556885E-01
6.45506E-08, 1.561647E-02, 6.19038E-03, 1.4535807E-01
6.45568E-08, 1.403569E-02, 6.82269E-03, 1.4527376E-01
6.45631E-08, 1.192798E-02, 7.13885E-03, 1.4506298E-01
6.45693E-08, 9.29334E-03, 7.77116E-03, 1.4493653E-01
6.45756E-08, 7.18563E-03, 8.40348E-03, 1.4468360E-01
6.45818E-08, 2.97021E-03, 8.61425E-03, 1.4464144E-01
6.45881E-08, 3.3557E-04, 9.35195E-03, 1.4443068E-01
6.45943E-08, -3.35293E-03, 9.45733E-03, 1.4434637E-01
6.46006E-08, -7.56835E-03, 9.98426E-03, 1.4430422E-01
6.46068E-08, -1.125685E-02, 1.040580E-02, 1.4417775E-01
6.46131E-08, -1.336456E-02, 1.082734E-02, 1.4417775E-01
6.46193E-08, -1.705305E-02, 1.124889E-02, 1.4413559E-01
6.46256E-08, -1.968769E-02, 1.145966E-02, 1.4413559E-01
6.46318E-08, -2.179541E-02, 1.188120E-02, 1.4417775E-01
6.46381E-08, -2.337619E-02, 1.230274E-02, 1.4426206E-01
6.46443E-08, -2.390312E-02, 1.251351E-02, 1.4438853E-01
6.46506E-08, -2.495697E-02, 1.272428E-02, 1.4447284E-01
6.46568E-08, -2.443004E-02, 1.304044E-02, 1.4464144E-01
6.46631E-08, -2.284926E-02, 1.325121E-02, 1.4481007E-01
6.46693E-08, -2.232233E-02, 1.335660E-02, 1.4502084E-01
6.46756E-08, -2.021462E-02, 1.356737E-02, 1.4518945E-01
6.46818E-08, -1.652613E-02, 1.367275E-02, 1.4540023E-01
6.46881E-08, -1.231070E-02, 1.398891E-02, 1.4552669E-01
6.46943E-08, -9.14914E-03, 1.398891E-02, 1.4582177E-01
6.47006E-08, -4.40678E-03, 1.367275E-02, 1.4599039E-01
6.47068E-08, 3.3557E-04, 1.356737E-02, 1.4620115E-01
6.47131E-08, 6.65870E-03, 1.346198E-02, 1.4632761E-01
6.47193E-08, 1.140105E-02, 1.346198E-02, 1.4653839E-01
6.47256E-08, 1.719726E-02, 1.325121E-02, 1.4666484E-01
6.47318E-08, 2.193961E-02, 1.282967E-02, 1.4691778E-01
6.47381E-08, 2.773582E-02, 1.272428E-02, 1.4704424E-01
6.47443E-08, 3.300510E-02, 1.240813E-02, 1.4708640E-01
6.47506E-08, 3.774745E-02, 1.209197E-02, 1.4712855E-01
6.47568E-08, 4.248980E-02, 1.177581E-02, 1.4721285E-01
6.47631E-08, 4.723215E-02, 1.167043E-02, 1.4721285E-01
6.47693E-08, 4.881293E-02, 1.114350E-02, 1.4721285E-01
6.47756E-08, 5.197450E-02, 1.103811E-02, 1.4721285E-01
6.47818E-08, 5.302835E-02, 1.072196E-02, 1.4717071E-01
6.47881E-08, 5.460914E-02, 1.051119E-02, 1.4704424E-01
6.47943E-08, 5.355528E-02, 1.051119E-02, 1.4695993E-01
6.48006E-08, 5.250143E-02, 1.051119E-02, 1.4683346E-01
6.48068E-08, 5.039372E-02, 1.030042E-02, 1.4670700E-01
6.48131E-08, 4.723215E-02, 1.019503E-02, 1.4658055E-01
6.48193E-08, 4.407058E-02, 1.030042E-02, 1.4636977E-01
6.48256E-08, 3.880130E-02, 1.030042E-02, 1.4624330E-01
6.48318E-08, 3.300510E-02, 1.040580E-02, 1.4599039E-01
6.48381E-08, 2.615503E-02, 1.051119E-02, 1.4582177E-01
6.48443E-08, 1.983190E-02, 1.061657E-02, 1.4556885E-01
6.48506E-08, 1.298183E-02, 1.093273E-02, 1.4540023E-01
6.48568E-08, 6.13177E-03, 1.103811E-02, 1.4518945E-01
6.48631E-08, -1.77215E-03, 1.114350E-02, 1.4493653E-01
6.48693E-08, -9.67606E-03, 1.135427E-02, 1.4476791E-01
6.48756E-08, -1.863384E-02, 1.124889E-02, 1.4451498E-01
6.48818E-08, -2.653776E-02, 1.145966E-02, 1.4430422E-01
6.48881E-08, -3.391474E-02, 1.145966E-02, 1.4409344E-01
6.48943E-08, -4.129174E-02, 1.145966E-02, 1.4388268E-01
6.49006E-08, -4.866873E-02, 1.145966E-02, 1.4367190E-01
6.49068E-08, -5.499186E-02, 1.135427E-02, 1.4350328E-01
6.49131E-08, -6.026114E-02, 1.103811E-02, 1.4329252E-01
6.49193E-08, -6.500349E-02, 1.061657E-02, 1.4312389E-01
6.49256E-08, -6.974584E-02, 1.051119E-02, 1.4299743E-01
6.49318E-08, -7.290741E-02, 9.66810E-03, 1.4282882E-01
6.49381E-08, -7.606898E-02, 9.24656E-03, 1.4274451E-01
6.49443E-08, -7.764976E-02, 8.61425E-03, 1.4253373E-01
6.49506E-08, -7.817668E-02, 7.87655E-03, 1.4240727E-01
6.49568E-08, -7.817668E-02, 6.92808E-03, 1.4232296E-01
6.49631E-08, -7.606898E-02, 5.97961E-03, 1.4215435E-01
6.49693E-08, -7.554205E-02, 5.03114E-03, 1.4211220E-01
6.49756E-08, -7.290741E-02, 3.97728E-03, 1.4207004E-01
6.49818E-08, -7.027277E-02, 2.81804E-03, 1.4194357E-01
6.49881E-08, -6.553042E-02, 1.76418E-03, 1.4185926E-01
6.49943E-08, -6.289578E-02, 4.9956E-04, 1.4190142E-01
6.50006E-08, -5.762650E-02, -5.5430E-04, 1.4181711E-01
6.50068E-08, -5.341108E-02, -1.71354E-03, 1.4185926E-01
6.50131E-08, -4.761487E-02, -2.87278E-03, 1.4185926E-01
6.50193E-08, -4.339945E-02, -4.13741E-03, 1.4190142E-01
6.50256E-08, -3.865710E-02, -5.08588E-03, 1.4190142E-01
6.50318E-08, -3.286089E-02, -6.03435E-03, 1.4190142E-01
6.50381E-08, -2.864547E-02, -7.08820E-03, 1.4202788E-01
6.50443E-08, -2.337619E-02, -8.03667E-03, 1.4211220E-01
6.50506E-08, -1.916077E-02, -8.77437E-03, 1.4211220E-01
6.50568E-08, -1.494534E-02, -9.61746E-03, 1.4219651E-01
6.50631E-08, -1.178377E-02, -1.014439E-02, 1.4228082E-01
6.50693E-08, -8.09528E-03, -1.098747E-02, 1.4249158E-01
6.50756E-08, -4.40678E-03, -1.140901E-02, 1.4249158E-01
6.50818E-08, -2.29907E-03, -1.204133E-02, 1.4257589E-01
6.50881E-08, 8.6249E-04, -1.225210E-02, 1.4261805E-01
6.50943E-08, 2.44328E-03, -1.267364E-02, 1.4274451E-01
6.51006E-08, 4.02406E-03, -1.298980E-02, 1.4274451E-01
6.51068E-08, 5.07792E-03, -1.298980E-02, 1.4282882E-01
6.51131E-08, 6.65870E-03, -1.330595E-02, 1.4291312E-01
6.51193E-08, 7.18563E-03, -1.351672E-02, 1.4287096E-01
6.51256E-08, 8.23948E-03, -1.362211E-02, 1.4287096E-01
6.51318E-08, 7.71256E-03, -1.383288E-02, 1.4291312E-01
6.51381E-08, 9.29334E-03, -1.393827E-02, 1.4287096E-01
6.51443E-08, 8.23948E-03, -1.414904E-02, 1.4282882E-01
6.51506E-08, 9.29334E-03, -1.414904E-02, 1.4266020E-01
6.51568E-08, 9.82027E-03, -1.435981E-02, 1.4261805E-01
6.51631E-08, 9.29334E-03, -1.446519E-02, 1.4253373E-01
6.51693E-08, 1.034720E-02, -1.467597E-02, 1.4244942E-01
6.51756E-08, 1.034720E-02, -1.478135E-02, 1.4223866E-01
6.51818E-08, 9.82027E-03, -1.488674E-02, 1.4207004E-01
6.51881E-08, 1.140105E-02, -1.499212E-02, 1.4190142E-01
6.51943E-08, 1.140105E-02, -1.530828E-02, 1.4169066E-01
6.52006E-08, 1.298183E-02, -1.541366E-02, 1.4152204E-01
6.52068E-08, 1.350876E-02, -1.551905E-02, 1.4139557E-01
6.52131E-08, 1.508955E-02, -1.562444E-02, 1.4118481E-01
6.52193E-08, 1.561647E-02, -1.562444E-02, 1.4105834E-01
6.52256E-08, 1.667033E-02, -1.562444E-02, 1.4084756E-01
6.52318E-08, 1.719726E-02, -1.572982E-02, 1.4076325E-01
6.52381E-08, 1.772419E-02, -1.572982E-02, 1.4063680E-01
6.52443E-08, 1.825111E-02, -1.562444E-02, 1.4051034E-01
6.52506E-08, 1.930497E-02, -1.520289E-02, 1.4046818E-01
6.52568E-08, 2.088575E-02, -1.520289E-02, 1.4042602E-01
6.52631E-08, 2.141268E-02, -1.467597E-02, 1.4038387E-01
6.52693E-08, 2.141268E-02, -1.435981E-02, 1.4046818E-01
6.52756E-08, 2.193961E-02, -1.383288E-02, 1.4055249E-01
6.52818E-08, 2.193961E-02, -1.320057E-02, 1.4063680E-01
6.52881E-08, 2.246654E-02, -1.267364E-02, 1.4072110E-01
6.52943E-08, 2.141268E-02, -1.193594E-02, 1.4088972E-01
6.53006E-08, 2.035883E-02, -1.109286E-02, 1.4114265E-01
6.53068E-08, 2.035883E-02, -1.014439E-02, 1.4135341E-01
6.53131E-08, 1.983190E-02, -9.09053E-03, 1.4160635E-01
6.53193E-08, 1.825111E-02, -8.24745E-03, 1.4194357E-01
6.53256E-08, 1.719726E-02, -6.87743E-03, 1.4223866E-01
6.53318E-08, 1.614340E-02, -5.92896E-03, 1.4261805E-01
6.53381E-08, 1.508955E-02, -4.98049E-03, 1.4299743E-01
6.53443E-08, 1.350876E-02, -3.82125E-03, 1.4329252E-01
6.53506E-08, 1.245491E-02, -2.66201E-03, 1.4371406E-01
6.53568E-08, 1.192798E-02, -1.71354E-03, 1.4409344E-01
6.53631E-08, 1.087412E-02, -6.5968E-04, 1.4443068E-01
6.53693E-08, 9.29334E-03, 4.9956E-04, 1.4476791E-01
6.53756E-08, 8.23948E-03, 1.34264E-03, 1.4510514E-01
6.53818E-08, 6.65870E-03, 2.29111E-03, 1.4552669E-01
6.53881E-08, 7.18563E-03, 3.02881E-03, 1.4573745E-01
6.53943E-08, 5.60485E-03, 3.66112E-03, 1.4599039E-01
6.54006E-08, 5.60485E-03, 4.29344E-03, 1.4620115E-01
6.54068E-08, 5.60485E-03, 4.92575E-03, 1.4636977E-01
6.54131E-08, 5.60485E-03, 5.55806E-03, 1.4658055E-01
6.54193E-08, 5.60485E-03, 5.76884E-03, 1.4670700E-01
6.54256E-08, 5.60485E-03, 6.08499E-03, 1.4679131E-01
6.54318E-08, 5.60485E-03, 6.08499E-03, 1.4687562E-01
6.54381E-08, 6.65870E-03, 6.08499E-03, 1.4683346E-01
6.54443E-08, 6.65870E-03, 6.19038E-03, 1.4674915E-01
6.54506E-08, 7.18563E-03, 6.08499E-03, 1.4670700E-01
6.54568E-08, 7.71256E-03, 5.97961E-03, 1.4666484E-01
6.54631E-08, 7.18563E-03, 5.55806E-03, 1.4641193E-01
6.54693E-08, 7.71256E-03, 5.13652E-03, 1.4632761E-01
6.54756E-08, 8.23948E-03, 4.82037E-03, 1.4620115E-01
6.54818E-08, 7.18563E-03, 4.39882E-03, 1.4594823E-01
6.54881E-08, 6.65870E-03, 3.87190E-03, 1.4561099E-01
6.54943E-08, 6.65870E-03, 3.55574E-03, 1.4544238E-01
6.55006E-08, 5.07792E-03, 3.13420E-03, 1.4518945E-01
6.55068E-08, 3.49713E-03, 2.60727E-03, 1.4497869E-01
6.55131E-08, 4.02406E-03, 2.29111E-03, 1.4468360E-01
6.55193E-08, 8.6249E-04, 1.65880E-03, 1.4447284E-01
6.55256E-08, -1.9136E-04, 1.34264E-03, 1.4430422E-01
6.55318E-08, -2.29907E-03, 1.02648E-03, 1.4409344E-01
6.55381E-08, -4.40678E-03, 6.0494E-04, 1.4392483E-01
6.55443E-08, -8.09528E-03, 3.9417E-04, 1.4375621E-01
6.55506E-08, -9.67606E-03, 1.8340E-04, 1.4354543E-01
6.55568E-08, -1.389149E-02, -2.3814E-04, 1.4350328E-01
6.55631E-08, -1.652613E-02, -1.3276E-04, 1.4337683E-01
6.55693E-08, -1.916077E-02, -3.4353E-04, 1.4329252E-01
6.55756E-08, -2.284926E-02, -5.5430E-04, 1.4329252E-01
6.55818E-08, -2.653776E-02, -5.5430E-04, 1.4325036E-01
6.55881E-08, -2.864547E-02, -7.6507E-04, 1.4329252E-01
6.55943E-08, -3.286089E-02, -8.7046E-04, 1.4333467E-01
6.56006E-08, -3.549553E-02, -7.6507E-04, 1.4329252E-01
6.56068E-08, -3.707631E-02, -8.7046E-04, 1.4333467E-01
6.56131E-08, -3.918403E-02, -8.7046E-04, 1.4341897E-01
6.56193E-08, -4.129174E-02, -9.7584E-04, 1.4354543E-01
6.56256E-08, -4.287252E-02, -9.7584E-04, 1.4367190E-01
6.56318E-08, -4.445330E-02, -9.7584E-04, 1.4375621E-01
6.56381E-08, -4.603409E-02, -1.29200E-03, 1.4392483E-01
6.56443E-08, -4.603409E-02, -1.29200E-03, 1.4400913E-01
6.56506E-08, -4.550716E-02, -1.60815E-03, 1.4400913E-01
6.56568E-08, -4.603409E-02, -2.02970E-03, 1.4413559E-01
6.56631E-08, -4.550716E-02, -2.24047E-03, 1.4413559E-01
6.56693E-08, -4.392638E-02, -2.66201E-03, 1.4426206E-01
6.56756E-08, -4.234559E-02, -3.08355E-03, 1.4430422E-01
6.56818E-08, -4.023788E-02, -3.50509E-03, 1.4430422E-01
6.56881E-08, -3.918403E-02, -4.03202E-03, 1.4430422E-01
6.56943E-08, -3.602246E-02, -4.66434E-03, 1.4430422E-01
6.57006E-08, -3.338782E-02, -5.29665E-03, 1.4426206E-01
6.57068E-08, -3.022625E-02, -6.03435E-03, 1.4417775E-01
6.57131E-08, -2.759161E-02, -6.77205E-03, 1.4405128E-01
6.57193E-08, -2.443004E-02, -7.40436E-03, 1.4384052E-01
6.57256E-08, -2.126848E-02, -7.82590E-03, 1.4375621E-01
6.57318E-08, -1.810691E-02, -8.77437E-03, 1.4362974E-01
6.57381E-08, -1.441841E-02, -9.51207E-03, 1.4350328E-01
6.57443E-08, -1.072992E-02, -1.056593E-02, 1.4329252E-01
6.57506E-08, -6.51450E-03, -1.109286E-02, 1.4308174E-01
6.57568E-08, -2.82600E-03, -1.193594E-02, 1.4291312E-01
6.57631E-08, -7.1829E-04, -1.256825E-02, 1.4270236E-01
6.57693E-08, 2.97021E-03, -1.341134E-02, 1.4253373E-01
6.57756E-08, 5.60485E-03, -1.404365E-02, 1.4236511E-01
6.57818E-08, 9.29334E-03, -1.435981E-02, 1.4228082E-01
6.57881E-08, 1.245491E-02, -1.488674E-02, 1.4202788E-01
6.57943E-08, 1.456262E-02, -1.541366E-02, 1.4198573E-01
6.58006E-08, 1.825111E-02, -1.572982E-02, 1.4185926E-01
6.58068E-08, 1.930497E-02, -1.604598E-02, 1.4173281E-01
6.58131E-08, 2.299346E-02, -1.636213E-02, 1.4169066E-01
6.58193E-08, 2.457425E-02, -1.646752E-02, 1.4160635E-01
6.58256E-08, 2.615503E-02, -1.646752E-02, 1.4160635E-01
6.58318E-08, 2.931660E-02, -1.667829E-02, 1.4173281E-01
6.58381E-08, 2.931660E-02, -1.667829E-02, 1.4173281E-01
6.58443E-08, 3.142431E-02, -1.657291E-02, 1.4181711E-01
6.58506E-08, 3.405895E-02, -1.636213E-02, 1.4198573E-01
6.58568E-08, 3.405895E-02, -1.636213E-02, 1.4219651E-01
6.58631E-08, 3.669359E-02, -1.583521E-02, 1.4232296E-01
6.58693E-08, 3.722052E-02, -1.562444E-02, 1.4257589E-01
6.58756E-08, 3.827437E-02, -1.520289E-02, 1.4282882E-01
6.58818E-08, 3.985516E-02, -1.488674E-02, 1.4312389E-01
6.58881E-08, 4.090901E-02, -1.435981E-02, 1.4333467E-01
6.58943E-08, 4.143594E-02, -1.404365E-02, 1.4362974E-01
6.59006E-08, 4.143594E-02, -1.362211E-02, 1.4392483E-01
6.59068E-08, 4.196287E-02, -1.309518E-02, 1.4417775E-01
6.59131E-08, 4.248980E-02, -1.267364E-02, 1.4443068E-01
6.59193E-08, 4.301672E-02, -1.225210E-02, 1.4472575E-01
6.59256E-08, 4.301672E-02, -1.172517E-02, 1.4489438E-01
6.59318E-08, 4.301672E-02, -1.140901E-02, 1.4510514E-01
6.59381E-08, 4.248980E-02, -1.119824E-02, 1.4531592E-01
6.59443E-08, 4.196287E-02, -1.046054E-02, 1.4540023E-01
6.59506E-08, 4.090901E-02, -1.024977E-02, 1.4548454E-01
6.59568E-08, 3.985516E-02, -9.82823E-03, 1.4548454E-01
6.59631E-08, 3.932823E-02, -9.51207E-03, 1.4552669E-01
6.59693E-08, 3.774745E-02, -9.19592E-03, 1.4535807E-01
6.59756E-08, 3.563973E-02, -9.19592E-03, 1.4535807E-01
6.59818E-08, 3.405895E-02, -8.87976E-03, 1.4514729E-01
6.59881E-08, 3.247816E-02, -8.45822E-03, 1.4485222E-01
6.59943E-08, 2.984353E-02, -8.45822E-03, 1.4451498E-01
6.60006E-08, 2.720889E-02, -8.24745E-03, 1.4421991E-01
6.60068E-08, 2.510118E-02, -8.14206E-03, 1.4384052E-01
6.60131E-08, 2.246654E-02, -8.03667E-03, 1.4341897E-01
6.60193E-08, 1.930497E-02, -7.93129E-03, 1.4295527E-01
6.60256E-08, 1.772419E-02, -7.72052E-03, 1.4240727E-01
6.60318E-08, 1.508955E-02, -7.82590E-03, 1.4194357E-01
6.60381E-08, 1.192798E-02, -7.82590E-03, 1.4135341E-01
6.60443E-08, 1.034720E-02, -7.72052E-03, 1.4072110E-01
6.60506E-08, 7.71256E-03, -7.61513E-03, 1.4021525E-01
6.60568E-08, 5.07792E-03, -7.50975E-03, 1.3962509E-01
6.60631E-08, 4.02406E-03, -7.61513E-03, 1.3907708E-01
6.60693E-08, 1.38942E-03, -7.50975E-03, 1.3861339E-01
6.60756E-08, -1.9136E-04, -7.50975E-03, 1.3810754E-01
6.60818E-08, -2.29907E-03, -7.50975E-03, 1.3764384E-01
6.60881E-08, -2.29907E-03, -7.50975E-03, 1.3718015E-01
6.60943E-08, -4.40678E-03, -7.50975E-03, 1.3688506E-01
6.61006E-08, -4.93371E-03, -7.50975E-03, 1.3650568E-01
6.61068E-08, -4.93371E-03, -7.61513E-03, 1.3629492E-01
6.61131E-08, -4.93371E-03, -7.61513E-03, 1.3608414E-01
6.61193E-08, -5.46064E-03, -7.61513E-03, 1.3595767E-01
6.61256E-08, -5.46064E-03, -7.82590E-03, 1.3591552E-01
6.61318E-08, -4.40678E-03, -7.82590E-03, 1.3595767E-01
6.61381E-08, -3.87986E-03, -7.93129E-03, 1.3612629E-01
6.61443E-08, -3.87986E-03, -8.14206E-03, 1.3621061E-01
6.61506E-08, -1.77215E-03, -8.35283E-03, 1.3642137E-01
6.61568E-08, -1.77215E-03, -8.66899E-03, 1.3675861E-01
6.61631E-08, -7.1829E-04, -8.66899E-03, 1.3701153E-01
6.61693E-08, 3.3557E-04, -9.19592E-03, 1.3739093E-01
6.61756E-08, 3.3557E-04, -9.40669E-03, 1.3785462E-01
6.61818E-08, 2.44328E-03, -9.93362E-03, 1.3831832E-01
6.61881E-08, 3.49713E-03, -1.035516E-02, 1.3873985E-01
6.61943E-08, 3.49713E-03, -1.077670E-02, 1.3924570E-01
6.62006E-08, 5.07792E-03, -1.098747E-02, 1.3970940E-01
6.62068E-08, 4.55099E-03, -1.172517E-02, 1.4017309E-01
6.62131E-08, 5.60485E-03, -1.204133E-02, 1.4063680E-01
6.62193E-08, 4.55099E-03, -1.256825E-02, 1.4110050E-01
6.62256E-08, 5.07792E-03, -1.320057E-02, 1.4152204E-01
6.62318E-08, 5.07792E-03, -1.372750E-02, 1.4190142E-01
6.62381E-08, 3.49713E-03, -1.414904E-02, 1.4228082E-01
6.62443E-08, 2.44328E-03, -1.467597E-02, 1.4253373E-01
6.62506E-08, 1.91635E-03, -1.499212E-02, 1.4282882E-01
6.62568E-08, 3.3557E-04, -1.541366E-02, 1.4303958E-01
6.62631E-08, -1.24522E-03, -1.562444E-02, 1.4316605E-01
6.62693E-08, -2.82600E-03, -1.604598E-02, 1.4325036E-01
6.62756E-08, -4.93371E-03, -1.615136E-02, 1.4333467E-01
6.62818E-08, -7.04142E-03, -1.636213E-02, 1.4333467E-01
6.62881E-08, -9.14914E-03, -1.657291E-02, 1.4325036E-01
6.62943E-08, -1.178377E-02, -1.636213E-02, 1.4320821E-01
6.63006E-08, -1.389149E-02, -1.636213E-02, 1.4308174E-01
6.63068E-08, -1.757998E-02, -1.636213E-02, 1.4295527E-01
6.63131E-08, -1.863384E-02, -1.594059E-02, 1.4270236E-01
6.63193E-08, -2.232233E-02, -1.541366E-02, 1.4257589E-01
6.63256E-08, -2.390312E-02, -1.488674E-02, 1.4236511E-01
6.63318E-08, -2.653776E-02, -1.446519E-02, 1.4215435E-01
6.63381E-08, -2.864547E-02, -1.341134E-02, 1.4198573E-01
6.63443E-08, -3.128011E-02, -1.277903E-02, 1.4177495E-01
6.63506E-08, -3.286089E-02, -1.172517E-02, 1.4164850E-01
6.63568E-08, -3.549553E-02, -1.067131E-02, 1.4152204E-01
6.63631E-08, -3.707631E-02, -9.40669E-03, 1.4139557E-01
6.63693E-08, -3.865710E-02, -8.24745E-03, 1.4131126E-01
6.63756E-08, -4.076481E-02, -6.77205E-03, 1.4118481E-01
6.63818E-08, -4.234559E-02, -5.71819E-03, 1.4118481E-01
6.63881E-08, -4.287252E-02, -4.13741E-03, 1.4118481E-01
6.63943E-08, -4.445330E-02, -2.76740E-03, 1.4122696E-01
6.64006E-08, -4.498023E-02, -1.81893E-03, 1.4131126E-01
6.64068E-08, -4.550716E-02, -4.4891E-04, 1.4143772E-01
6.64131E-08, -4.603409E-02, 1.13187E-03, 1.4169066E-01
6.64193E-08, -4.656101E-02, 2.39650E-03, 1.4181711E-01
6.64256E-08, -4.656101E-02, 3.55574E-03, 1.4202788E-01
6.64318E-08, -4.603409E-02, 4.82037E-03, 1.4232296E-01
6.64381E-08, -4.603409E-02, 5.76884E-03, 1.4257589E-01
6.64443E-08, -4.550716E-02, 6.71731E-03, 1.4282882E-01
6.64506E-08, -4.445330E-02, 7.45500E-03, 1.4303958E-01
6.64568E-08, -4.392638E-02, 7.87655E-03, 1.4333467E-01
6.64631E-08, -4.234559E-02, 8.40348E-03, 1.4358759E-01
6.64693E-08, -4.129174E-02, 8.82502E-03, 1.4379837E-01
6.64756E-08, -3.918403E-02, 8.93040E-03, 1.4392483E-01
6.64818E-08, -3.813017E-02, 8.93040E-03, 1.4421991E-01
6.64881E-08, -3.549553E-02, 8.93040E-03, 1.4421991E-01
6.64943E-08, -3.444167E-02, 8.61425E-03, 1.4438853E-01
6.65006E-08, -3.180704E-02, 8.29809E-03, 1.4434637E-01
6.65068E-08, -3.022625E-02, 7.66578E-03, 1.4430422E-01
6.65131E-08, -2.811854E-02, 6.92808E-03, 1.4430422E-01
6.65193E-08, -2.601083E-02, 5.97961E-03, 1.4409344E-01
6.65256E-08, -2.284926E-02, 5.03114E-03, 1.4396697E-01
6.65318E-08, -2.074155E-02, 3.87190E-03, 1.4375621E-01
6.65381E-08, -1.863384E-02, 2.50188E-03, 1.4350328E-01
6.65443E-08, -1.705305E-02, 1.44803E-03, 1.4316605E-01
6.65506E-08, -1.389149E-02, 1.8340E-04, 1.4270236E-01
6.65568E-08, -1.336456E-02, -1.50277E-03, 1.4232296E-01
6.65631E-08, -1.072992E-02, -2.55662E-03, 1.4181711E-01
6.65693E-08, -9.67606E-03, -4.03202E-03, 1.4143772E-01
6.65756E-08, -8.62221E-03, -5.61281E-03, 1.4097403E-01
6.65818E-08, -8.62221E-03, -6.87743E-03, 1.4042602E-01
6.65881E-08, -6.51450E-03, -8.03667E-03, 1.3992018E-01
6.65943E-08, -7.56835E-03, -9.30130E-03, 1.3945648E-01
6.66006E-08, -7.56835E-03, -1.035516E-02, 1.3890848E-01
6.66068E-08, -8.09528E-03, -1.130363E-02, 1.3848694E-01
6.66131E-08, -1.020299E-02, -1.214671E-02, 1.3802323E-01
6.66193E-08, -1.125685E-02, -1.277903E-02, 1.3760169E-01
6.66256E-08, -1.336456E-02, -1.351672E-02, 1.3726446E-01
6.66318E-08, -1.494534E-02, -1.404365E-02, 1.3701153E-01
6.66381E-08, -1.757998E-02, -1.425442E-02, 1.3667430E-01
6.66443E-08, -2.126848E-02, -1.435981E-02, 1.3650568E-01
6.66506E-08, -2.443004E-02, -1.435981E-02, 1.3621061E-01
6.66568E-08, -2.864547E-02, -1.435981E-02, 1.3616845E-01
6.66631E-08, -3.128011E-02, -1.404365E-02, 1.3608414E-01
6.66693E-08, -3.707631E-02, -1.362211E-02, 1.3616845E-01
6.66756E-08, -4.076481E-02, -1.330595E-02, 1.3616845E-01
6.66818E-08, -4.550716E-02, -1.277903E-02, 1.3629492E-01
6.66881E-08, -4.972258E-02, -1.193594E-02, 1.3642137E-01
6.66943E-08, -5.446493E-02, -1.109286E-02, 1.3658999E-01
6.67006E-08, -5.920728E-02, -1.035516E-02, 1.3684292E-01
6.67068E-08, -6.342271E-02, -9.51207E-03, 1.3705368E-01
6.67131E-08, -6.711120E-02, -8.66899E-03, 1.3730662E-01
6.67193E-08, -7.027277E-02, -7.50975E-03, 1.3768600E-01
6.67256E-08, -7.343434E-02, -6.77205E-03, 1.3798107E-01
6.67318E-08, -7.659590E-02, -5.92896E-03, 1.3831832E-01
6.67381E-08, -8.028440E-02, -5.08588E-03, 1.3873985E-01
6.67443E-08, -8.186518E-02, -4.24279E-03, 1.3899279E-01
6.67506E-08, -8.291904E-02, -3.39971E-03, 1.3937217E-01
6.67568E-08, -8.344597E-02, -2.76740E-03, 1.3970940E-01
6.67631E-08, -8.397289E-02, -2.24047E-03, 1.3996233E-01
6.67693E-08, -8.397289E-02, -1.50277E-03, 1.4025740E-01
6.67756E-08, -8.397289E-02, -1.18661E-03, 1.4051034E-01
6.67818E-08, -8.291904E-02, -6.5968E-04, 1.4072110E-01
6.67881E-08, -7.975747E-02, -3.4353E-04, 1.4088972E-01
6.67943E-08, -7.870361E-02, -4.4891E-04, 1.4105834E-01
6.68006E-08, -7.606898E-02, -1.3276E-04, 1.4114265E-01
6.68068E-08, -7.290741E-02, -2.737E-05, 1.4126910E-01
6.68131E-08, -6.921891E-02, -2.737E-05, 1.4126910E-01
6.68193E-08, -6.658427E-02, -1.3276E-04, 1.4139557E-01
6.68256E-08, -6.184192E-02, -3.4353E-04, 1.4135341E-01
6.68318E-08, -5.920728E-02, -5.5430E-04, 1.4135341E-01
6.68381E-08, -5.499186E-02, -8.7046E-04, 1.4135341E-01
6.68443E-08, -5.183030E-02, -9.7584E-04, 1.4126910E-01
6.68506E-08, -4.761487E-02, -1.18661E-03, 1.4118481E-01
6.68568E-08, -4.339945E-02, -1.39738E-03, 1.4118481E-01
6.68631E-08, -4.023788E-02, -1.71354E-03, 1.4110050E-01
6.68693E-08, -3.865710E-02, -2.13508E-03, 1.4101619E-01
6.68756E-08, -3.602246E-02, -2.34585E-03, 1.4105834E-01
6.68818E-08, -3.286089E-02, -2.34585E-03, 1.4093187E-01
6.68881E-08, -3.128011E-02, -2.45124E-03, 1.4088972E-01
6.68943E-08, -2.969932E-02, -2.76740E-03, 1.4084756E-01
6.69006E-08, -2.811854E-02, -2.76740E-03, 1.4093187E-01
6.69068E-08, -2.811854E-02, -2.87278E-03, 1.4088972E-01
6.69131E-08, -2.811854E-02, -2.66201E-03, 1.4101619E-01
6.69193E-08, -2.811854E-02, -2.66201E-03, 1.4101619E-01
6.69256E-08, -2.864547E-02, -2.45124E-03, 1.4110050E-01
6.69318E-08, -3.022625E-02, -2.45124E-03, 1.4118481E-01
6.69381E-08, -3.180704E-02, -2.34585E-03, 1.4126910E-01
6.69443E-08, -3.338782E-02, -2.02970E-03, 1.4143772E-01
6.69506E-08, -3.602246E-02, -1.81893E-03, 1.4156419E-01
6.69568E-08, -3.707631E-02, -1.71354E-03, 1.4169066E-01
6.69631E-08, -4.023788E-02, -1.29200E-03, 1.4185926E-01
6.69693E-08, -4.392638E-02, -1.18661E-03, 1.4198573E-01
6.69756E-08, -4.708794E-02, -9.7584E-04, 1.4215435E-01
6.69818E-08, -4.972258E-02, -8.7046E-04, 1.4232296E-01
6.69881E-08, -5.235722E-02, -4.4891E-04, 1.4240727E-01
6.69943E-08, -5.499186E-02, -3.4353E-04, 1.4253373E-01
6.70006E-08, -5.868036E-02, -3.4353E-04, 1.4257589E-01
6.70068E-08, -6.026114E-02, -1.3276E-04, 1.4270236E-01
6.70131E-08, -6.342271E-02, -2.737E-05, 1.4270236E-01
6.70193E-08, -6.605735E-02, -2.737E-05, 1.4282882E-01
6.70256E-08, -6.763813E-02, -2.737E-05, 1.4278667E-01
6.70318E-08, -6.921891E-02, -2.737E-05, 1.4266020E-01
6.70381E-08, -7.185356E-02, -1.3276E-04, 1.4266020E-01
6.70443E-08, -7.185356E-02, -2.737E-05, 1.4253373E-01
6.70506E-08, -7.238048E-02, -1.3276E-04, 1.4240727E-01
6.70568E-08, -7.238048E-02, -5.5430E-04, 1.4228082E-01
6.70631E-08, -7.343434E-02, -4.4891E-04, 1.4215435E-01
6.70693E-08, -7.290741E-02, -6.5968E-04, 1.4190142E-01
6.70756E-08, -7.185356E-02, -7.6507E-04, 1.4173281E-01
6.70818E-08, -7.238048E-02, -7.6507E-04, 1.4152204E-01
6.70881E-08, -7.027277E-02, -8.7046E-04, 1.4122696E-01
6.70943E-08, -6.974584E-02, -6.5968E-04, 1.4105834E-01
6.71006E-08, -6.816506E-02, -5.5430E-04, 1.4084756E-01
6.71068E-08, -6.605735E-02, -5.5430E-04, 1.4055249E-01
6.71131E-08, -6.553042E-02, -3.4353E-04, 1.4029956E-01
6.71193E-08, -6.289578E-02, -2.3814E-04, 1.4013095E-01
6.71256E-08, -6.131500E-02, 1.8340E-04, 1.3987802E-01
6.71318E-08, -6.026114E-02, 4.9956E-04, 1.3962509E-01
6.71381E-08, -5.868036E-02, 8.1571E-04, 1.3945648E-01
6.71443E-08, -5.657265E-02, 1.34264E-03, 1.3928786E-01
6.71506E-08, -5.499186E-02, 1.97495E-03, 1.3911924E-01
6.71568E-08, -5.499186E-02, 2.60727E-03, 1.3899279E-01
6.71631E-08, -5.393801E-02, 3.23958E-03, 1.3890848E-01
6.71693E-08, -5.235722E-02, 3.87190E-03, 1.3886632E-01
6.71756E-08, -5.130336E-02, 4.60959E-03, 1.3873985E-01
6.71818E-08, -5.130336E-02, 5.13652E-03, 1.3882416E-01
6.71881E-08, -4.919565E-02, 5.97961E-03, 1.3882416E-01
6.71943E-08, -4.919565E-02, 6.61192E-03, 1.3878201E-01
6.72006E-08, -4.919565E-02, 7.24423E-03, 1.3882416E-01
6.72068E-08, -4.866873E-02, 7.66578E-03, 1.3899279E-01
6.72131E-08, -4.814180E-02, 8.50886E-03, 1.3907708E-01
6.72193E-08, -4.866873E-02, 8.82502E-03, 1.3916139E-01
6.72256E-08, -4.866873E-02, 9.24656E-03, 1.3928786E-01
6.72318E-08, -4.814180E-02, 9.45733E-03, 1.3941433E-01
6.72381E-08, -4.814180E-02, 9.87887E-03, 1.3958295E-01
6.72443E-08, -4.761487E-02, 9.87887E-03, 1.3975155E-01
6.72506E-08, -4.866873E-02, 9.77349E-03, 1.3992018E-01
6.72568E-08, -4.761487E-02, 9.45733E-03, 1.4013095E-01
6.72631E-08, -4.708794E-02, 9.03579E-03, 1.4017309E-01
6.72693E-08, -4.656101E-02, 8.50886E-03, 1.4038387E-01
6.72756E-08, -4.603409E-02, 7.98193E-03, 1.4051034E-01
6.72818E-08, -4.656101E-02, 7.13885E-03, 1.4063680E-01
6.72881E-08, -4.445330E-02, 6.19038E-03, 1.4080541E-01
6.72943E-08, -4.445330E-02, 5.03114E-03, 1.4080541E-01
6.73006E-08, -4.339945E-02, 3.66112E-03, 1.4088972E-01
6.73068E-08, -4.287252E-02, 2.39650E-03, 1.4097403E-01
6.73131E-08, -4.181866E-02, 8.1571E-04, 1.4105834E-01
6.73193E-08, -4.023788E-02, -5.5430E-04, 1.4105834E-01
6.73256E-08, -3.918403E-02, -2.13508E-03, 1.4114265E-01
6.73318E-08, -3.918403E-02, -3.92664E-03, 1.4110050E-01
6.73381E-08, -3.813017E-02, -5.61281E-03, 1.4110050E-01
6.73443E-08, -3.707631E-02, -7.19359E-03, 1.4101619E-01
6.73506E-08, -3.602246E-02, -8.87976E-03, 1.4093187E-01
6.73568E-08, -3.602246E-02, -1.056593E-02, 1.4093187E-01
6.73631E-08, -3.496860E-02, -1.214671E-02, 1.4072110E-01
6.73693E-08, -3.549553E-02, -1.372750E-02, 1.4067896E-01
6.73756E-08, -3.549553E-02, -1.509751E-02, 1.4055249E-01
6.73818E-08, -3.549553E-02, -1.657291E-02, 1.4038387E-01
6.73881E-08, -3.496860E-02, -1.773215E-02, 1.4025740E-01
6.73943E-08, -3.654939E-02, -1.899678E-02, 1.4008880E-01
6.74006E-08, -3.760324E-02, -1.994525E-02, 1.3992018E-01
6.74068E-08, -3.813017E-02, -2.078833E-02, 1.3970940E-01
6.74131E-08, -3.865710E-02, -2.152603E-02, 1.3945648E-01
6.74193E-08, -4.076481E-02, -2.194757E-02, 1.3924570E-01
6.74256E-08, -4.181866E-02, -2.236911E-02, 1.3903494E-01
6.74318E-08, -4.339945E-02, -2.257988E-02, 1.3882416E-01
6.74381E-08, -4.445330E-02, -2.279066E-02, 1.3865554E-01
6.74443E-08, -4.498023E-02, -2.247450E-02, 1.3844478E-01
6.74506E-08, -4.656101E-02, -2.226373E-02, 1.3823400E-01
6.74568E-08, -4.708794E-02, -2.194757E-02, 1.3802323E-01
6.74631E-08, -4.814180E-02, -2.152603E-02, 1.3781247E-01
6.74693E-08, -4.919565E-02, -2.089372E-02, 1.3764384E-01
6.74756E-08, -4.866873E-02, -2.026140E-02, 1.3755953E-01
6.74818E-08, -4.919565E-02, -1.931293E-02, 1.3739093E-01
6.74881E-08, -4.814180E-02, -1.836446E-02, 1.3726446E-01
6.74943E-08, -4.814180E-02, -1.752138E-02, 1.3713799E-01
6.75006E-08, -4.656101E-02, -1.678368E-02, 1.3709584E-01
6.75068E-08, -4.656101E-02, -1.572982E-02, 1.3696937E-01
6.75131E-08, -4.392638E-02, -1.467597E-02, 1.3692722E-01
6.75193E-08, -4.181866E-02, -1.351672E-02, 1.3701153E-01
6.75256E-08, -3.971095E-02, -1.277903E-02, 1.3692722E-01
6.75318E-08, -3.654939E-02, -1.193594E-02, 1.3705368E-01
6.75381E-08, -3.391474E-02, -1.119824E-02, 1.3713799E-01
6.75443E-08, -3.022625E-02, -1.035516E-02, 1.3726446E-01
6.75506E-08, -2.653776E-02, -9.40669E-03, 1.3743307E-01
6.75568E-08, -2.284926E-02, -8.77437E-03, 1.3755953E-01
6.75631E-08, -1.916077E-02, -8.24745E-03, 1.3777031E-01
6.75693E-08, -1.547227E-02, -7.82590E-03, 1.3798107E-01
6.75756E-08, -1.231070E-02, -7.29898E-03, 1.3823400E-01
6.75818E-08, -9.14914E-03, -6.77205E-03, 1.3840263E-01
6.75881E-08, -4.40678E-03, -6.45589E-03, 1.3865554E-01
6.75943E-08, -1.77215E-03, -6.35051E-03, 1.3895063E-01
6.76006E-08, 8.6249E-04, -6.24512E-03, 1.3916139E-01
6.76068E-08, 4.55099E-03, -6.13973E-03, 1.3945648E-01
6.76131E-08, 6.65870E-03, -5.92896E-03, 1.3970940E-01
6.76193E-08, 8.23948E-03, -6.03435E-03, 1.3996233E-01
6.76256E-08, 1.087412E-02, -6.03435E-03, 1.4017309E-01
6.76318E-08, 1.140105E-02, -5.92896E-03, 1.4042602E-01
6.76381E-08, 1.140105E-02, -5.92896E-03, 1.4059465E-01
6.76443E-08, 1.192798E-02, -5.82358E-03, 1.4076325E-01
6.76506E-08, 1.192798E-02, -5.71819E-03, 1.4093187E-01
6.76568E-08, 1.087412E-02, -5.61281E-03, 1.4105834E-01
6.76631E-08, 1.087412E-02, -5.50742E-03, 1.4118481E-01
6.76693E-08, 9.29334E-03, -5.40204E-03, 1.4122696E-01
6.76756E-08, 6.65870E-03, -4.98049E-03, 1.4131126E-01
6.76818E-08, 5.60485E-03, -4.76972E-03, 1.4126910E-01
6.76881E-08, 3.49713E-03, -4.34818E-03, 1.4131126E-01
6.76943E-08, -1.9136E-04, -4.03202E-03, 1.4135341E-01
6.77006E-08, -2.82600E-03, -3.50509E-03, 1.4131126E-01
6.77068E-08, -5.46064E-03, -2.97817E-03, 1.4118481E-01
6.77131E-08, -8.09528E-03, -2.24047E-03, 1.4114265E-01
6.77193E-08, -1.125685E-02, -1.71354E-03, 1.4105834E-01
6.77256E-08, -1.283763E-02, -8.7046E-04, 1.4088972E-01
6.77318E-08, -1.599920E-02, -2.737E-05, 1.4080541E-01
6.77381E-08, -1.916077E-02, 6.0494E-04, 1.4067896E-01
6.77443E-08, -2.074155E-02, 1.65880E-03, 1.4055249E-01
6.77506E-08, -2.284926E-02, 2.29111E-03, 1.4046818E-01
6.77568E-08, -2.443004E-02, 3.23958E-03, 1.4038387E-01
6.77631E-08, -2.601083E-02, 4.18805E-03, 1.4021525E-01
6.77693E-08, -2.759161E-02, 4.92575E-03, 1.4013095E-01
6.77756E-08, -2.864547E-02, 5.76884E-03, 1.4004664E-01
6.77818E-08, -2.917239E-02, 6.50653E-03, 1.4004664E-01
6.77881E-08, -2.917239E-02, 7.13885E-03, 1.3992018E-01
6.77943E-08, -3.075318E-02, 7.56039E-03, 1.3992018E-01
6.78006E-08, -2.969932E-02, 8.08732E-03, 1.3987802E-01
6.78068E-08, -3.128011E-02, 8.40348E-03, 1.3987802E-01
6.78131E-08, -2.969932E-02, 8.71963E-03, 1.3987802E-01
6.78193E-08, -3.075318E-02, 9.14117E-03, 1.3992018E-01
6.78256E-08, -3.022625E-02, 9.14117E-03, 1.4000449E-01
6.78318E-08, -3.022625E-02, 9.03579E-03, 1.4004664E-01
6.78381E-08, -2.969932E-02, 8.93040E-03, 1.4008880E-01
6.78443E-08, -2.969932E-02, 8.61425E-03, 1.4008880E-01
6.78506E-08, -2.917239E-02, 8.19270E-03, 1.4017309E-01
6.78568E-08, -2.811854E-02, 7.77116E-03, 1.4017309E-01
6.78631E-08, -2.917239E-02, 7.13885E-03, 1.4025740E-01
6.78693E-08, -2.917239E-02, 6.50653E-03, 1.4025740E-01
6.78756E-08, -2.969932E-02, 5.76884E-03, 1.4025740E-01
6.78818E-08, -2.917239E-02, 4.82037E-03, 1.4025740E-01
6.78881E-08, -2.969932E-02, 3.97728E-03, 1.4021525E-01
6.78943E-08, -3.075318E-02, 2.92343E-03, 1.4017309E-01
6.79006E-08, -3.128011E-02, 1.97495E-03, 1.4008880E-01
6.79068E-08, -3.075318E-02, 9.2110E-04, 1.4000449E-01
6.79131E-08, -3.075318E-02, -1.3276E-04, 1.3983586E-01
6.79193E-08, -3.286089E-02, -1.29200E-03, 1.3970940E-01
6.79256E-08, -3.180704E-02, -2.24047E-03, 1.3949864E-01
6.79318E-08, -3.338782E-02, -3.39971E-03, 1.3933001E-01
6.79381E-08, -3.391474E-02, -4.55895E-03, 1.3907708E-01
6.79443E-08, -3.444167E-02, -5.40204E-03, 1.3882416E-01
6.79506E-08, -3.444167E-02, -6.13973E-03, 1.3857123E-01
6.79568E-08, -3.444167E-02, -7.29898E-03, 1.3831832E-01
6.79631E-08, -3.391474E-02, -7.93129E-03, 1.3806538E-01
6.79693E-08, -3.496860E-02, -8.66899E-03, 1.3772815E-01
6.79756E-08, -3.444167E-02, -9.51207E-03, 1.3747522E-01
6.79818E-08, -3.338782E-02, -1.003900E-02, 1.3722230E-01
6.79881E-08, -3.233396E-02, -1.067131E-02, 1.3701153E-01
6.79943E-08, -3.128011E-02, -1.098747E-02, 1.3675861E-01
6.80006E-08, -2.969932E-02, -1.119824E-02, 1.3658999E-01
6.80068E-08, -2.864547E-02, -1.151440E-02, 1.3637921E-01
6.80131E-08, -2.653776E-02, -1.183056E-02, 1.3621061E-01
6.80193E-08, -2.548390E-02, -1.204133E-02, 1.3608414E-01
6.80256E-08, -2.284926E-02, -1.193594E-02, 1.3595767E-01
6.80318E-08, -2.179541E-02, -1.204133E-02, 1.3591552E-01
6.80381E-08, -2.021462E-02, -1.183056E-02, 1.3583121E-01
6.80443E-08, -1.757998E-02, -1.204133E-02, 1.3583121E-01
6.80506E-08, -1.494534E-02, -1.193594E-02, 1.3587336E-01
6.80568E-08, -1.283763E-02, -1.172517E-02, 1.3587336E-01
6.80631E-08, -1.020299E-02, -1.140901E-02, 1.3595767E-01
6.80693E-08, -7.56835E-03, -1.130363E-02, 1.3608414E-01
6.80756E-08, -5.98757E-03, -1.119824E-02, 1.3621061E-01
6.80818E-08, -4.40678E-03, -1.088209E-02, 1.3629492E-01
6.80881E-08, -1.77215E-03, -1.056593E-02, 1.3642137E-01
6.80943E-08, -1.9136E-04, -1.056593E-02, 1.3663214E-01
6.81006E-08, 2.44328E-03, -1.003900E-02, 1.3675861E-01
6.81068E-08, 3.49713E-03, -9.93362E-03, 1.3696937E-01
6.81131E-08, 5.60485E-03, -9.51207E-03, 1.3701153E-01
6.81193E-08, 6.65870E-03, -9.30130E-03, 1.3709584E-01
6.81256E-08, 8.23948E-03, -9.09053E-03, 1.3722230E-01
6.81318E-08, 9.29334E-03, -8.66899E-03, 1.3734877E-01
6.81381E-08, 1.034720E-02, -8.45822E-03, 1.3734877E-01
6.81443E-08, 1.140105E-02, -8.14206E-03, 1.3739093E-01
6.81506E-08, 1.298183E-02, -7.93129E-03, 1.3743307E-01
6.81568E-08, 1.403569E-02, -7.72052E-03, 1.3739093E-01
6.81631E-08, 1.403569E-02, -7.29898E-03, 1.3726446E-01
6.81693E-08, 1.508955E-02, -7.08820E-03, 1.3722230E-01
6.81756E-08, 1.561647E-02, -6.56128E-03, 1.3709584E-01
6.81818E-08, 1.667033E-02, -6.35051E-03, 1.3696937E-01
6.81881E-08, 1.719726E-02, -6.03435E-03, 1.3671646E-01
6.81943E-08, 1.772419E-02, -5.82358E-03, 1.3654783E-01
6.82006E-08, 1.877804E-02, -5.40204E-03, 1.3629492E-01
6.82068E-08, 1.877804E-02, -5.29665E-03, 1.3612629E-01
6.82131E-08, 1.930497E-02, -4.98049E-03, 1.3583121E-01
6.82193E-08, 1.930497E-02, -4.98049E-03, 1.3562045E-01
6.82256E-08, 1.983190E-02, -4.55895E-03, 1.3528320E-01
6.82318E-08, 1.877804E-02, -4.34818E-03, 1.3511460E-01
6.82381E-08, 1.877804E-02, -4.24279E-03, 1.3477735E-01
6.82443E-08, 1.930497E-02, -4.24279E-03, 1.3469306E-01
6.82506E-08, 1.930497E-02, -4.03202E-03, 1.3435581E-01
6.82568E-08, 1.825111E-02, -4.03202E-03, 1.3418719E-01
6.82631E-08, 1.825111E-02, -4.13741E-03, 1.3406074E-01
6.82693E-08, 1.667033E-02, -4.13741E-03, 1.3384996E-01
6.82756E-08, 1.508955E-02, -4.24279E-03, 1.3376565E-01
6.82818E-08, 1.403569E-02, -4.66434E-03, 1.3368134E-01
6.82881E-08, 1.350876E-02, -4.66434E-03, 1.3363919E-01
6.82943E-08, 1.192798E-02, -5.08588E-03, 1.3363919E-01
6.83006E-08, 1.192798E-02, -5.40204E-03, 1.3368134E-01
6.83068E-08, 8.76641E-03, -5.71819E-03, 1.3380781E-01
6.83131E-08, 7.71256E-03, -6.24512E-03, 1.3380781E-01
6.83193E-08, 5.60485E-03, -6.77205E-03, 1.3389212E-01
6.83256E-08, 5.07792E-03, -7.29898E-03, 1.3406074E-01
6.83318E-08, 2.97021E-03, -7.93129E-03, 1.3422935E-01
6.83381E-08, 1.91635E-03, -8.77437E-03, 1.3439797E-01
6.83443E-08, 3.3557E-04, -9.40669E-03, 1.3460875E-01
6.83506E-08, -7.1829E-04, -1.003900E-02, 1.3486166E-01
6.83568E-08, -1.77215E-03, -1.067131E-02, 1.3498813E-01
6.83631E-08, -1.77215E-03, -1.130363E-02, 1.3519891E-01
6.83693E-08, -2.29907E-03, -1.214671E-02, 1.3532536E-01
6.83756E-08, -3.87986E-03, -1.277903E-02, 1.3553613E-01
6.83818E-08, -3.87986E-03, -1.330595E-02, 1.3570476E-01
6.83881E-08, -2.82600E-03, -1.372750E-02, 1.3583121E-01
6.83943E-08, -2.82600E-03, -1.425442E-02, 1.3599983E-01
6.84006E-08, -2.82600E-03, -1.457058E-02, 1.3604198E-01
6.84068E-08, -1.77215E-03, -1.499212E-02, 1.3616845E-01
6.84131E-08, 3.3557E-04, -1.509751E-02, 1.3612629E-01
6.84193E-08, -1.9136E-04, -1.509751E-02, 1.3608414E-01
6.84256E-08, 2.44328E-03, -1.509751E-02, 1.3608414E-01
6.84318E-08, 4.02406E-03, -1.488674E-02, 1.3599983E-01
6.84381E-08, 5.60485E-03, -1.478135E-02, 1.3587336E-01
6.84443E-08, 7.18563E-03, -1.435981E-02, 1.3574691E-01
6.84506E-08, 8.23948E-03, -1.383288E-02, 1.3562045E-01
6.84568E-08, 1.034720E-02, -1.309518E-02, 1.3536751E-01
6.84631E-08, 1.245491E-02, -1.256825E-02, 1.3524106E-01
6.84693E-08, 1.245491E-02, -1.183056E-02, 1.3494597E-01
6.84756E-08, 1.350876E-02, -1.077670E-02, 1.3473520E-01
6.84818E-08, 1.508955E-02, -9.82823E-03, 1.3448228E-01
6.84881E-08, 1.614340E-02, -8.77437E-03, 1.3427150E-01
6.84943E-08, 1.614340E-02, -7.50975E-03, 1.3397643E-01
6.85006E-08, 1.561647E-02, -6.45589E-03, 1.3380781E-01
6.85068E-08, 1.508955E-02, -5.29665E-03, 1.3359705E-01
6.85131E-08, 1.456262E-02, -3.92664E-03, 1.3338627E-01
6.85193E-08, 1.350876E-02, -2.87278E-03, 1.3325980E-01
6.85256E-08, 1.350876E-02, -1.71354E-03, 1.3309118E-01
6.85318E-08, 1.034720E-02, -6.5968E-04, 1.3296473E-01
6.85381E-08, 9.29334E-03, 3.9417E-04, 1.3292257E-01
6.85443E-08, 7.18563E-03, 1.34264E-03, 1.3288042E-01
6.85506E-08, 5.60485E-03, 2.39650E-03, 1.3283826E-01
6.85568E-08, 2.97021E-03, 3.02881E-03, 1.3288042E-01
6.85631E-08, 1.38942E-03, 3.55574E-03, 1.3296473E-01
6.85693E-08, -2.29907E-03, 4.08267E-03, 1.3300689E-01
6.85756E-08, -4.40678E-03, 4.39882E-03, 1.3321765E-01
6.85818E-08, -8.09528E-03, 4.60959E-03, 1.3338627E-01
6.85881E-08, -9.67606E-03, 4.50421E-03, 1.3355489E-01
6.85943E-08, -1.178377E-02, 4.29344E-03, 1.3376565E-01
6.86006E-08, -1.441841E-02, 4.08267E-03, 1.3393427E-01
6.86068E-08, -1.652613E-02, 3.66112E-03, 1.3422935E-01
6.86131E-08, -1.810691E-02, 2.92343E-03, 1.3444012E-01
6.86193E-08, -2.021462E-02, 2.39650E-03, 1.3469306E-01
6.86256E-08, -2.126848E-02, 1.55341E-03, 1.3498813E-01
6.86318E-08, -2.179541E-02, 4.9956E-04, 1.3528320E-01
6.86381E-08, -2.337619E-02, -3.4353E-04, 1.3549398E-01
6.86443E-08, -2.284926E-02, -1.60815E-03, 1.3570476E-01
6.86506E-08, -2.495697E-02, -2.55662E-03, 1.3591552E-01
6.86568E-08, -2.495697E-02, -3.82125E-03, 1.3612629E-01
6.86631E-08, -2.495697E-02, -4.87511E-03, 1.3625276E-01
6.86693E-08, -2.495697E-02, -6.24512E-03, 1.3642137E-01
6.86756E-08, -2.495697E-02, -7.29898E-03, 1.3650568E-01
6.86818E-08, -2.548390E-02, -8.45822E-03, 1.3658999E-01
6.86881E-08, -2.495697E-02, -9.61746E-03, 1.3658999E-01
6.86943E-08, -2.548390E-02, -1.067131E-02, 1.3658999E-01
6.87006E-08, -2.548390E-02, -1.172517E-02, 1.3654783E-01
6.87068E-08, -2.495697E-02, -1.246287E-02, 1.3646352E-01
6.87131E-08, -2.653776E-02, -1.320057E-02, 1.3633707E-01
6.87193E-08, -2.653776E-02, -1.372750E-02, 1.3621061E-01
6.87256E-08, -2.706468E-02, -1.435981E-02, 1.3608414E-01
6.87318E-08, -2.706468E-02, -1.478135E-02, 1.3587336E-01
6.87381E-08, -2.917239E-02, -1.520289E-02, 1.3566260E-01
6.87443E-08, -2.969932E-02, -1.520289E-02, 1.3540967E-01
6.87506E-08, -3.075318E-02, -1.541366E-02, 1.3519891E-01
6.87568E-08, -3.180704E-02, -1.530828E-02, 1.3490382E-01
6.87631E-08, -3.338782E-02, -1.499212E-02, 1.3469306E-01
6.87693E-08, -3.496860E-02, -1.478135E-02, 1.3444012E-01
6.87756E-08, -3.602246E-02, -1.457058E-02, 1.3427150E-01
6.87818E-08, -3.654939E-02, -1.404365E-02, 1.3397643E-01
6.87881E-08, -3.707631E-02, -1.341134E-02, 1.3376565E-01
6.87943E-08, -3.971095E-02, -1.288441E-02, 1.3363919E-01
6.88006E-08, -3.918403E-02, -1.246287E-02, 1.3342842E-01
6.88068E-08, -3.971095E-02, -1.183056E-02, 1.3330196E-01
6.88131E-08, -4.076481E-02, -1.119824E-02, 1.3321765E-01
6.88193E-08, -3.971095E-02, -1.067131E-02, 1.3313334E-01
6.88256E-08, -3.813017E-02, -9.93362E-03, 1.3300689E-01
6.88318E-08, -3.760324E-02, -9.51207E-03, 1.3304904E-01
6.88381E-08, -3.602246E-02, -9.09053E-03, 1.3300689E-01
6.88443E-08, -3.444167E-02, -8.45822E-03, 1.3317549E-01
6.88506E-08, -3.128011E-02, -8.14206E-03, 1.3317549E-01
6.88568E-08, -2.917239E-02, -7.82590E-03, 1.3330196E-01
6.88631E-08, -2.443004E-02, -7.61513E-03, 1.3347058E-01
6.88693E-08, -2.179541E-02, -7.29898E-03, 1.3363919E-01
6.88756E-08, -1.810691E-02, -7.19359E-03, 1.3376565E-01
6.88818E-08, -1.389149E-02, -7.08820E-03, 1.3393427E-01
6.88881E-08, -8.62221E-03, -7.19359E-03, 1.3414505E-01
6.88943E-08, -4.93371E-03, -7.19359E-03, 1.3439797E-01
6.89006E-08, -1.24522E-03, -7.19359E-03, 1.3456659E-01
6.89068E-08, 4.02406E-03, -7.50975E-03, 1.3473520E-01
6.89131E-08, 8.76641E-03, -7.82590E-03, 1.3494597E-01
6.89193E-08, 1.245491E-02, -8.24745E-03, 1.3511460E-01
6.89256E-08, 1.667033E-02, -8.45822E-03, 1.3532536E-01
6.89318E-08, 1.983190E-02, -9.09053E-03, 1.3545182E-01
6.89381E-08, 2.352039E-02, -9.61746E-03, 1.3553613E-01
6.89443E-08, 2.562810E-02, -1.024977E-02, 1.3557829E-01
6.89506E-08, 2.826274E-02, -1.067131E-02, 1.3562045E-01
6.89568E-08, 3.089738E-02, -1.130363E-02, 1.3566260E-01
6.89631E-08, 3.300510E-02, -1.183056E-02, 1.3553613E-01
6.89693E-08, 3.247816E-02, -1.246287E-02, 1.3557829E-01
6.89756E-08, 3.353202E-02, -1.298980E-02, 1.3549398E-01
6.89818E-08, 3.405895E-02, -1.362211E-02, 1.3545182E-01
6.89881E-08, 3.511281E-02, -1.414904E-02, 1.3519891E-01
6.89943E-08, 3.353202E-02, -1.478135E-02, 1.3507244E-01
6.90006E-08, 3.247816E-02, -1.520289E-02, 1.3481951E-01
6.90068E-08, 3.089738E-02, -1.572982E-02, 1.3465090E-01
6.90131E-08, 3.142431E-02, -1.625675E-02, 1.3439797E-01
6.90193E-08, 2.931660E-02, -1.667829E-02, 1.3418719E-01
6.90256E-08, 2.773582E-02, -1.699445E-02, 1.3393427E-01
6.90318E-08, 2.615503E-02, -1.709983E-02, 1.3359705E-01
6.90381E-08, 2.404732E-02, -1.752138E-02, 1.3334411E-01
6.90443E-08, 2.299346E-02, -1.762676E-02, 1.3313334E-01
6.90506E-08, 2.141268E-02, -1.762676E-02, 1.3288042E-01
6.90568E-08, 1.983190E-02, -1.773215E-02, 1.3271180E-01
6.90631E-08, 1.930497E-02, -1.741599E-02, 1.3250104E-01
6.90693E-08, 1.825111E-02, -1.741599E-02, 1.3241673E-01
6.90756E-08, 1.667033E-02, -1.699445E-02, 1.3229026E-01
6.90818E-08, 1.667033E-02, -1.657291E-02, 1.3216379E-01
6.90881E-08, 1.614340E-02, -1.604598E-02, 1.3203733E-01
6.90943E-08, 1.508955E-02, -1.551905E-02, 1.3207948E-01
6.91006E-08, 1.561647E-02, -1.488674E-02, 1.3207948E-01
6.91068E-08, 1.508955E-02, -1.435981E-02, 1.3212164E-01
6.91131E-08, 1.667033E-02, -1.330595E-02, 1.3224810E-01
6.91193E-08, 1.614340E-02, -1.256825E-02, 1.3224810E-01
6.91256E-08, 1.561647E-02, -1.161978E-02, 1.3241673E-01
6.91318E-08, 1.614340E-02, -1.056593E-02, 1.3258533E-01
6.91381E-08, 1.561647E-02, -9.72284E-03, 1.3288042E-01
6.91443E-08, 1.561647E-02, -8.66899E-03, 1.3304904E-01
6.91506E-08, 1.561647E-02, -7.61513E-03, 1.3313334E-01
6.91568E-08, 1.456262E-02, -6.56128E-03, 1.3342842E-01
6.91631E-08, 1.403569E-02, -5.29665E-03, 1.3372350E-01
6.91693E-08, 1.140105E-02, -4.34818E-03, 1.3384996E-01
6.91756E-08, 9.82027E-03, -3.50509E-03, 1.3406074E-01
6.91818E-08, 7.18563E-03, -2.34585E-03, 1.3427150E-01
6.91881E-08, 6.13177E-03, -1.50277E-03, 1.3448228E-01
6.91943E-08, 2.44328E-03, -4.4891E-04, 1.3465090E-01
6.92006E-08, -1.9136E-04, 3.9417E-04, 1.3477735E-01
6.92068E-08, -4.40678E-03, 9.2110E-04, 1.3486166E-01
6.92131E-08, -7.56835E-03, 1.65880E-03, 1.3498813E-01
6.92193E-08, -1.020299E-02, 2.29111E-03, 1.3498813E-01
6.92256E-08, -1.389149E-02, 2.71265E-03, 1.3494597E-01
6.92318E-08, -1.705305E-02, 3.13420E-03, 1.3490382E-01
6.92381E-08, -2.126848E-02, 3.34497E-03, 1.3481951E-01
6.92443E-08, -2.443004E-02, 3.55574E-03, 1.3469306E-01
6.92506E-08, -2.759161E-02, 3.66112E-03, 1.3448228E-01
6.92568E-08, -2.969932E-02, 3.76651E-03, 1.3435581E-01
6.92631E-08, -3.233396E-02, 3.76651E-03, 1.3414505E-01
6.92693E-08, -3.444167E-02, 3.55574E-03, 1.3384996E-01
6.92756E-08, -3.496860E-02, 3.45035E-03, 1.3363919E-01
6.92818E-08, -3.602246E-02, 3.23958E-03, 1.3338627E-01
6.92881E-08, -3.549553E-02, 2.92343E-03, 1.3304904E-01
6.92943E-08, -3.549553E-02, 2.39650E-03, 1.3275395E-01
6.93006E-08, -3.338782E-02, 2.29111E-03, 1.3241673E-01
6.93068E-08, -3.128011E-02, 1.65880E-03, 1.3220595E-01
6.93131E-08, -2.917239E-02, 1.34264E-03, 1.3182656E-01
6.93193E-08, -2.601083E-02, 9.2110E-04, 1.3148932E-01
6.93256E-08, -2.126848E-02, 4.9956E-04, 1.3119425E-01
6.93318E-08, -1.757998E-02, 7.801E-05, 1.3094132E-01
6.93381E-08, -1.283763E-02, -2.3814E-04, 1.3064624E-01
6.93443E-08, -7.04142E-03, -5.5430E-04, 1.3047762E-01
6.93506E-08, -1.77215E-03, -7.6507E-04, 1.3026686E-01
6.93568E-08, 2.97021E-03, -1.08123E-03, 1.3009824E-01
6.93631E-08, 8.23948E-03, -1.29200E-03, 1.2988746E-01
6.93693E-08, 1.350876E-02, -1.60815E-03, 1.2984531E-01
6.93756E-08, 1.772419E-02, -1.71354E-03, 1.2976101E-01
6.93818E-08, 2.246654E-02, -1.71354E-03, 1.2963454E-01
6.93881E-08, 2.668196E-02, -1.71354E-03, 1.2955023E-01
6.93943E-08, 2.931660E-02, -1.92431E-03, 1.2959239E-01
6.94006E-08, 3.195124E-02, -1.71354E-03, 1.2955023E-01
6.94068E-08, 3.353202E-02, -2.02970E-03, 1.2955023E-01
6.94131E-08, 3.405895E-02, -1.60815E-03, 1.2955023E-01
6.94193E-08, 3.353202E-02, -1.60815E-03, 1.2959239E-01
6.94256E-08, 3.300510E-02, -1.60815E-03, 1.2967670E-01
6.94318E-08, 3.142431E-02, -1.50277E-03, 1.2971886E-01
6.94381E-08, 2.773582E-02, -1.18661E-03, 1.2971886E-01
6.94443E-08, 2.352039E-02, -9.7584E-04, 1.2971886E-01
6.94506E-08, 1.930497E-02, -8.7046E-04, 1.2976101E-01
6.94568E-08, 1.350876E-02, -7.6507E-04, 1.2980317E-01
6.94631E-08, 7.18563E-03, -3.4353E-04, 1.2976101E-01
6.94693E-08, 3.3557E-04, -2.3814E-04, 1.2976101E-01
6.94756E-08, -7.04142E-03, -2.737E-05, 1.2976101E-01
6.94818E-08, -1.494534E-02, 3.9417E-04, 1.2984531E-01
6.94881E-08, -2.232233E-02, 7.1033E-04, 1.2971886E-01
6.94943E-08, -3.075318E-02, 1.02648E-03, 1.2967670E-01
6.95006E-08, -3.813017E-02, 1.44803E-03, 1.2959239E-01
6.95068E-08, -4.603409E-02, 1.55341E-03, 1.2955023E-01
6.95131E-08, -5.288415E-02, 2.08034E-03, 1.2942377E-01
6.95193E-08, -5.920728E-02, 2.50188E-03, 1.2938161E-01
6.95256E-08, -6.500349E-02, 2.81804E-03, 1.2929730E-01
6.95318E-08, -7.027277E-02, 3.34497E-03, 1.2921301E-01
6.95381E-08, -7.448819E-02, 3.97728E-03, 1.2921301E-01
6.95443E-08, -7.659590E-02, 4.29344E-03, 1.2912869E-01
6.95506E-08, -7.817668E-02, 4.92575E-03, 1.2908654E-01
6.95568E-08, -7.975747E-02, 5.34729E-03, 1.2908654E-01
6.95631E-08, -7.923055E-02, 6.08499E-03, 1.2904438E-01
6.95693E-08, -7.764976E-02, 6.50653E-03, 1.2912869E-01
6.95756E-08, -7.501512E-02, 7.03346E-03, 1.2908654E-01
6.95818E-08, -7.079970E-02, 7.34962E-03, 1.2912869E-01
6.95881E-08, -6.605735E-02, 8.19270E-03, 1.2925516E-01
6.95943E-08, -6.026114E-02, 8.71963E-03, 1.2942377E-01
6.96006E-08, -5.288415E-02, 9.24656E-03, 1.2946592E-01
6.96068E-08, -4.550716E-02, 9.35195E-03, 1.2963454E-01
6.96131E-08, -3.654939E-02, 9.77349E-03, 1.2984531E-01
6.96193E-08, -2.759161E-02, 1.019503E-02, 1.3005608E-01
6.96256E-08, -1.810691E-02, 1.019503E-02, 1.3026686E-01
6.96318E-08, -9.67606E-03, 1.030042E-02, 1.3051978E-01
6.96381E-08, 8.6249E-04, 1.051119E-02, 1.3073055E-01
6.96443E-08, 9.29334E-03, 1.051119E-02, 1.3098347E-01
6.96506E-08, 1.930497E-02, 1.040580E-02, 1.3127856E-01
6.96568E-08, 2.668196E-02, 1.008964E-02, 1.3153148E-01
6.96631E-08, 3.511281E-02, 9.98426E-03, 1.3178441E-01
6.96693E-08, 4.143594E-02, 9.66810E-03, 1.3199519E-01
6.96756E-08, 4.828600E-02, 9.14117E-03, 1.3224810E-01
6.96818E-08, 5.302835E-02, 8.50886E-03, 1.3250104E-01
6.96881E-08, 5.671685E-02, 8.08732E-03, 1.3266964E-01
6.96943E-08, 6.040534E-02, 7.24423E-03, 1.3292257E-01
6.97006E-08, 6.198613E-02, 6.61192E-03, 1.3309118E-01
6.97068E-08, 6.303998E-02, 5.87422E-03, 1.3321765E-01
6.97131E-08, 6.251305E-02, 5.13652E-03, 1.3334411E-01
6.97193E-08, 6.145920E-02, 4.29344E-03, 1.3342842E-01
6.97256E-08, 5.935149E-02, 3.45035E-03, 1.3351274E-01
6.97318E-08, 5.566299E-02, 2.60727E-03, 1.3355489E-01
6.97381E-08, 5.039372E-02, 1.86957E-03, 1.3359705E-01
6.97443E-08, 4.512443E-02, 1.23726E-03, 1.3351274E-01
6.97506E-08, 3.985516E-02, 3.9417E-04, 1.3347058E-01
6.97568E-08, 3.300510E-02, -4.4891E-04, 1.3338627E-01
6.97631E-08, 2.615503E-02, -7.6507E-04, 1.3330196E-01
6.97693E-08, 1.877804E-02, -1.39738E-03, 1.3317549E-01
6.97756E-08, 1.192798E-02, -1.92431E-03, 1.3317549E-01
6.97818E-08, 4.55099E-03, -2.24047E-03, 1.3292257E-01
6.97881E-08, -1.24522E-03, -2.34585E-03, 1.3275395E-01
6.97943E-08, -8.62221E-03, -2.66201E-03, 1.3266964E-01
6.98006E-08, -1.389149E-02, -2.76740E-03, 1.3245888E-01
6.98068E-08, -2.021462E-02, -2.87278E-03, 1.3229026E-01
6.98131E-08, -2.337619E-02, -2.66201E-03, 1.3212164E-01
6.98193E-08, -2.759161E-02, -2.34585E-03, 1.3195303E-01
6.98256E-08, -3.022625E-02, -2.45124E-03, 1.3182656E-01
6.98318E-08, -3.286089E-02, -2.02970E-03, 1.3174225E-01
6.98381E-08, -3.286089E-02, -1.81893E-03, 1.3165794E-01
6.98443E-08, -3.286089E-02, -1.39738E-03, 1.3148932E-01
6.98506E-08, -3.180704E-02, -8.7046E-04, 1.3132071E-01
6.98568E-08, -2.969932E-02, -6.5968E-04, 1.3132071E-01
6.98631E-08, -2.653776E-02, -2.3814E-04, 1.3119425E-01
6.98693E-08, -2.284926E-02, 7.801E-05, 1.3115209E-01
6.98756E-08, -1.705305E-02, 4.9956E-04, 1.3110994E-01
6.98818E-08, -1.336456E-02, 8.1571E-04, 1.3110994E-01
6.98881E-08, -6.51450E-03, 9.2110E-04, 1.3106778E-01
6.98943E-08, 3.3557E-04, 1.02648E-03, 1.3106778E-01
6.99006E-08, 6.65870E-03, 1.23726E-03, 1.3102563E-01
6.99068E-08, 1.350876E-02, 9.2110E-04, 1.3110994E-01
6.99131E-08, 2.088575E-02, 9.2110E-04, 1.3106778E-01
6.99193E-08, 2.720889E-02, 8.1571E-04, 1.3110994E-01
6.99256E-08, 3.511281E-02, 3.9417E-04, 1.3115209E-01
6.99318E-08, 4.090901E-02, -1.3276E-04, 1.3123640E-01
6.99381E-08, 4.723215E-02, -6.5968E-04, 1.3132071E-01
6.99443E-08, 5.355528E-02, -1.18661E-03, 1.3140503E-01
6.99506E-08, 5.777070E-02, -1.92431E-03, 1.3136287E-01
6.99568E-08, 6.303998E-02, -2.66201E-03, 1.3157363E-01
6.99631E-08, 6.514770E-02, -3.61048E-03, 1.3153148E-01
6.99693E-08, 6.830926E-02, -4.55895E-03, 1.3170010E-01
6.99756E-08, 6.936312E-02, -5.40204E-03, 1.3170010E-01
6.99818E-08, 7.041697E-02, -6.45589E-03, 1.3174225E-01
6.99881E-08, 7.041697E-02, -7.72052E-03, 1.3170010E-01
6.99943E-08, 6.936312E-02, -8.56360E-03, 1.3186872E-01
7.00006E-08, 6.883619E-02, -9.61746E-03, 1.3191088E-01
7.00068E-08, 6.567463E-02, -1.056593E-02, 1.3186872E-01
7.00131E-08, 6.303998E-02, -1.151440E-02, 1.3195303E-01
7.00193E-08, 5.829763E-02, -1.246287E-02, 1.3195303E-01
7.00256E-08, 5.460914E-02, -1.309518E-02, 1.3203733E-01
7.00318E-08, 4.933986E-02, -1.383288E-02, 1.3203733E-01
7.00381E-08, 4.354365E-02, -1.435981E-02, 1.3207948E-01
7.00443E-08, 3.880130E-02, -1.478135E-02, 1.3203733E-01
7.00506E-08, 3.353202E-02, -1.499212E-02, 1.3216379E-01
7.00568E-08, 2.773582E-02, -1.520289E-02, 1.3203733E-01
7.00631E-08, 2.246654E-02, -1.499212E-02, 1.3203733E-01
7.00693E-08, 1.614340E-02, -1.509751E-02, 1.3207948E-01
7.00756E-08, 1.140105E-02, -1.457058E-02, 1.3207948E-01
7.00818E-08, 6.65870E-03, -1.404365E-02, 1.3199519E-01
7.00881E-08, 2.44328E-03, -1.341134E-02, 1.3191088E-01
7.00943E-08, -2.29907E-03, -1.235748E-02, 1.3195303E-01
7.01006E-08, -4.93371E-03, -1.119824E-02, 1.3195303E-01
7.01068E-08, -8.09528E-03, -1.003900E-02, 1.3182656E-01
7.01131E-08, -9.67606E-03, -8.77437E-03, 1.3182656E-01
7.01193E-08, -1.125685E-02, -7.19359E-03, 1.3174225E-01
7.01256E-08, -1.178377E-02, -5.61281E-03, 1.3170010E-01
7.01318E-08, -1.178377E-02, -4.03202E-03, 1.3170010E-01
7.01381E-08, -1.178377E-02, -2.13508E-03, 1.3165794E-01
7.01443E-08, -1.020299E-02, -3.4353E-04, 1.3161579E-01
7.01506E-08, -8.09528E-03, 1.76418E-03, 1.3153148E-01
7.01568E-08, -6.51450E-03, 3.55574E-03, 1.3157363E-01
7.01631E-08, -3.35293E-03, 5.66345E-03, 1.3153148E-01
7.01693E-08, -1.9136E-04, 7.45500E-03, 1.3153148E-01
7.01756E-08, 3.49713E-03, 9.45733E-03, 1.3144718E-01
7.01818E-08, 7.71256E-03, 1.114350E-02, 1.3148932E-01
7.01881E-08, 1.192798E-02, 1.282967E-02, 1.3148932E-01
7.01943E-08, 1.508955E-02, 1.430507E-02, 1.3144718E-01
7.02006E-08, 1.983190E-02, 1.567508E-02, 1.3144718E-01
7.02068E-08, 2.404732E-02, 1.704509E-02, 1.3144718E-01
7.02131E-08, 2.720889E-02, 1.820433E-02, 1.3144718E-01
7.02193E-08, 3.142431E-02, 1.915280E-02, 1.3140503E-01
7.02256E-08, 3.511281E-02, 1.978512E-02, 1.3140503E-01
7.02318E-08, 3.722052E-02, 2.031204E-02, 1.3148932E-01
7.02381E-08, 3.985516E-02, 2.062820E-02, 1.3140503E-01
7.02443E-08, 4.143594E-02, 2.073359E-02, 1.3144718E-01
7.02506E-08, 4.301672E-02, 2.041743E-02, 1.3140503E-01
7.02568E-08, 4.407058E-02, 2.010127E-02, 1.3136287E-01
7.02631E-08, 4.407058E-02, 1.946896E-02, 1.3140503E-01
7.02693E-08, 4.301672E-02, 1.830972E-02, 1.3132071E-01
7.02756E-08, 4.248980E-02, 1.725586E-02, 1.3127856E-01
7.02818E-08, 4.090901E-02, 1.609662E-02, 1.3119425E-01
7.02881E-08, 3.880130E-02, 1.462122E-02, 1.3115209E-01
7.02943E-08, 3.616666E-02, 1.282967E-02, 1.3106778E-01
7.03006E-08, 3.142431E-02, 1.114350E-02, 1.3098347E-01
7.03068E-08, 2.826274E-02, 9.35195E-03, 1.3081487E-01
7.03131E-08, 2.404732E-02, 7.24423E-03, 1.3064624E-01
7.03193E-08, 1.930497E-02, 5.13652E-03, 1.3051978E-01
7.03256E-08, 1.403569E-02, 2.92343E-03, 1.3043547E-01
7.03318E-08, 8.76641E-03, 8.1571E-04, 1.3026686E-01
7.03381E-08, 3.49713E-03, -1.39738E-03, 1.3009824E-01
7.03443E-08, -1.77215E-03, -3.50509E-03, 1.2997177E-01
7.03506E-08, -7.04142E-03, -5.61281E-03, 1.2976101E-01
7.03568E-08, -1.231070E-02, -7.72052E-03, 1.2967670E-01
7.03631E-08, -1.705305E-02, -9.61746E-03, 1.2946592E-01
7.03693E-08, -2.179541E-02, -1.140901E-02, 1.2929730E-01
7.03756E-08, -2.653776E-02, -1.320057E-02, 1.2917085E-01
7.03818E-08, -3.022625E-02, -1.446519E-02, 1.2908654E-01
7.03881E-08, -3.338782E-02, -1.594059E-02, 1.2896007E-01
7.03943E-08, -3.760324E-02, -1.709983E-02, 1.2887576E-01
7.04006E-08, -3.865710E-02, -1.804830E-02, 1.2879145E-01
7.04068E-08, -4.076481E-02, -1.878600E-02, 1.2874930E-01
7.04131E-08, -4.234559E-02, -1.941832E-02, 1.2870716E-01
7.04193E-08, -4.339945E-02, -1.962909E-02, 1.2870716E-01
7.04256E-08, -4.392638E-02, -1.962909E-02, 1.2874930E-01
7.04318E-08, -4.287252E-02, -1.941832E-02, 1.2883361E-01
7.04381E-08, -4.181866E-02, -1.920754E-02, 1.2891792E-01
7.04443E-08, -3.971095E-02, -1.868062E-02, 1.2900223E-01
7.04506E-08, -3.707631E-02, -1.794292E-02, 1.2908654E-01
7.04568E-08, -3.391474E-02, -1.699445E-02, 1.2917085E-01
7.04631E-08, -3.180704E-02, -1.604598E-02, 1.2933946E-01
7.04693E-08, -2.864547E-02, -1.488674E-02, 1.2955023E-01
7.04756E-08, -2.337619E-02, -1.362211E-02, 1.2967670E-01
7.04818E-08, -2.074155E-02, -1.225210E-02, 1.2984531E-01
7.04881E-08, -1.547227E-02, -1.098747E-02, 1.2992962E-01
7.04943E-08, -1.178377E-02, -9.61746E-03, 1.3009824E-01
7.05006E-08, -7.04142E-03, -8.24745E-03, 1.3022470E-01
7.05068E-08, -3.35293E-03, -6.77205E-03, 1.3035117E-01
7.05131E-08, 3.3557E-04, -5.29665E-03, 1.3056193E-01
7.05193E-08, 5.07792E-03, -4.13741E-03, 1.3068840E-01
7.05256E-08, 9.29334E-03, -2.76740E-03, 1.3073055E-01
7.05318E-08, 1.245491E-02, -1.60815E-03, 1.3081487E-01
7.05381E-08, 1.561647E-02, -7.6507E-04, 1.3085702E-01
7.05443E-08, 1.877804E-02, 1.8340E-04, 1.3085702E-01
7.05506E-08, 2.088575E-02, 9.2110E-04, 1.3085702E-01
7.05568E-08, 2.352039E-02, 1.55341E-03, 1.3081487E-01
7.05631E-08, 2.510118E-02, 1.86957E-03, 1.3081487E-01
7.05693E-08, 2.615503E-02, 2.18573E-03, 1.3077271E-01
7.05756E-08, 2.668196E-02, 2.18573E-03, 1.3064624E-01
7.05818E-08, 2.668196E-02, 2.18573E-03, 1.3051978E-01
7.05881E-08, 2.720889E-02, 1.86957E-03, 1.3039331E-01
7.05943E-08, 2.562810E-02, 1.55341E-03, 1.3026686E-01
7.06006E-08, 2.510118E-02, 1.02648E-03, 1.3014039E-01
7.06068E-08, 2.299346E-02, 1.8340E-04, 1.3001393E-01
7.06131E-08, 2.088575E-02, -3.4353E-04, 1.2988746E-01
7.06193E-08, 1.825111E-02, -1.18661E-03, 1.2976101E-01
7.06256E-08, 1.561647E-02, -2.24047E-03, 1.2959239E-01
7.06318E-08, 1.245491E-02, -3.08355E-03, 1.2950808E-01
7.06381E-08, 9.29334E-03, -4.24279E-03, 1.2933946E-01
7.06443E-08, 5.60485E-03, -5.19126E-03, 1.2929730E-01
7.06506E-08, 1.38942E-03, -6.35051E-03, 1.2925516E-01
7.06568E-08, -2.29907E-03, -7.29898E-03, 1.2912869E-01
7.06631E-08, -5.98757E-03, -8.24745E-03, 1.2921301E-01
7.06693E-08, -9.67606E-03, -9.30130E-03, 1.2912869E-01
7.06756E-08, -1.283763E-02, -9.93362E-03, 1.2912869E-01
7.06818E-08, -1.705305E-02, -1.077670E-02, 1.2921301E-01
7.06881E-08, -1.916077E-02, -1.130363E-02, 1.2929730E-01
7.06943E-08, -2.390312E-02, -1.193594E-02, 1.2933946E-01
7.07006E-08, -2.706468E-02, -1.235748E-02, 1.2938161E-01
7.07068E-08, -2.864547E-02, -1.267364E-02, 1.2942377E-01
7.07131E-08, -3.075318E-02, -1.277903E-02, 1.2950808E-01
7.07193E-08, -3.286089E-02, -1.288441E-02, 1.2963454E-01
7.07256E-08, -3.496860E-02, -1.256825E-02, 1.2963454E-01
7.07318E-08, -3.760324E-02, -1.246287E-02, 1.2980317E-01
7.07381E-08, -3.760324E-02, -1.235748E-02, 1.2988746E-01
7.07443E-08, -3.760324E-02, -1.161978E-02, 1.2984531E-01
7.07506E-08, -3.760324E-02, -1.109286E-02, 1.2992962E-01
7.07568E-08, -3.760324E-02, -1.046054E-02, 1.2980317E-01
7.07631E-08, -3.602246E-02, -9.61746E-03, 1.2988746E-01
7.07693E-08, -3.444167E-02, -8.87976E-03, 1.2980317E-01
7.07756E-08, -3.338782E-02, -8.24745E-03, 1.2976101E-01
7.07818E-08, -3.180704E-02, -7.19359E-03, 1.2963454E-01
7.07881E-08, -2.969932E-02, -6.35051E-03, 1.2946592E-01
7.07943E-08, -2.759161E-02, -5.61281E-03, 1.2938161E-01
7.08006E-08, -2.601083E-02, -4.55895E-03, 1.2917085E-01
7.08068E-08, -2.337619E-02, -3.82125E-03, 1.2891792E-01
7.08131E-08, -1.968769E-02, -2.87278E-03, 1.2870716E-01
7.08193E-08, -1.705305E-02, -2.24047E-03, 1.2858069E-01
7.08256E-08, -1.547227E-02, -1.60815E-03, 1.2820129E-01
7.08318E-08, -1.231070E-02, -1.08123E-03, 1.2799053E-01
7.08381E-08, -9.67606E-03, -4.4891E-04, 1.2773760E-01
7.08443E-08, -7.04142E-03, -1.3276E-04, 1.2756899E-01
7.08506E-08, -5.98757E-03, 1.8340E-04, 1.2727390E-01
7.08568E-08, -3.35293E-03, 3.9417E-04, 1.2697883E-01
7.08631E-08, -2.29907E-03, 4.9956E-04, 1.2681021E-01
7.08693E-08, -7.1829E-04, 3.9417E-04, 1.2659943E-01
7.08756E-08, 3.3557E-04, 6.0494E-04, 1.2630436E-01
7.08818E-08, -1.9136E-04, 2.8879E-04, 1.2622005E-01
7.08881E-08, 3.3557E-04, -1.3276E-04, 1.2600929E-01
7.08943E-08, 3.3557E-04, -6.5968E-04, 1.2596713E-01
7.09006E-08, -7.1829E-04, -9.7584E-04, 1.2579851E-01
7.09068E-08, -2.29907E-03, -1.60815E-03, 1.2575635E-01
7.09131E-08, -2.82600E-03, -2.13508E-03, 1.2575635E-01
7.09193E-08, -4.93371E-03, -3.08355E-03, 1.2571420E-01
7.09256E-08, -6.51450E-03, -3.61048E-03, 1.2571420E-01
7.09318E-08, -9.14914E-03, -4.24279E-03, 1.2575635E-01
7.09381E-08, -1.178377E-02, -5.19126E-03, 1.2588282E-01
7.09443E-08, -1.389149E-02, -6.03435E-03, 1.2596713E-01
7.09506E-08, -1.705305E-02, -6.77205E-03, 1.2605143E-01
7.09568E-08, -1.916077E-02, -7.72052E-03, 1.2613574E-01
7.09631E-08, -2.179541E-02, -8.56360E-03, 1.2626220E-01
7.09693E-08, -2.443004E-02, -9.40669E-03, 1.2659943E-01
7.09756E-08, -2.601083E-02, -1.003900E-02, 1.2668374E-01
7.09818E-08, -2.864547E-02, -1.088209E-02, 1.2685236E-01
7.09881E-08, -2.969932E-02, -1.151440E-02, 1.2697883E-01
7.09943E-08, -3.180704E-02, -1.214671E-02, 1.2727390E-01
7.10006E-08, -3.128011E-02, -1.298980E-02, 1.2740037E-01
7.10068E-08, -3.286089E-02, -1.362211E-02, 1.2765330E-01
7.10131E-08, -3.233396E-02, -1.393827E-02, 1.2777975E-01
7.10193E-08, -3.128011E-02, -1.467597E-02, 1.2794837E-01
7.10256E-08, -3.075318E-02, -1.509751E-02, 1.2815915E-01
7.10318E-08, -2.917239E-02, -1.541366E-02, 1.2828560E-01
7.10381E-08, -2.706468E-02, -1.583521E-02, 1.2845422E-01
7.10443E-08, -2.548390E-02, -1.604598E-02, 1.2858069E-01
7.10506E-08, -2.284926E-02, -1.625675E-02, 1.2879145E-01
7.10568E-08, -1.916077E-02, -1.625675E-02, 1.2887576E-01
7.10631E-08, -1.599920E-02, -1.636213E-02, 1.2904438E-01
7.10693E-08, -1.389149E-02, -1.657291E-02, 1.2921301E-01
7.10756E-08, -9.67606E-03, -1.646752E-02, 1.2925516E-01
7.10818E-08, -7.04142E-03, -1.636213E-02, 1.2946592E-01
7.10881E-08, -2.82600E-03, -1.646752E-02, 1.2955023E-01
7.10943E-08, 3.3557E-04, -1.646752E-02, 1.2967670E-01
7.11006E-08, 2.97021E-03, -1.636213E-02, 1.2984531E-01
7.11068E-08, 6.13177E-03, -1.583521E-02, 1.2992962E-01
7.11131E-08, 8.76641E-03, -1.562444E-02, 1.2997177E-01
7.11193E-08, 1.087412E-02, -1.562444E-02, 1.3009824E-01
7.11256E-08, 1.245491E-02, -1.530828E-02, 1.3022470E-01
7.11318E-08, 1.350876E-02, -1.499212E-02, 1.3043547E-01
7.11381E-08, 1.403569E-02, -1.478135E-02, 1.3043547E-01
7.11443E-08, 1.350876E-02, -1.435981E-02, 1.3051978E-01
7.11506E-08, 1.298183E-02, -1.414904E-02, 1.3060409E-01
7.11568E-08, 1.245491E-02, -1.383288E-02, 1.3068840E-01
7.11631E-08, 1.034720E-02, -1.351672E-02, 1.3064624E-01
7.11693E-08, 9.82027E-03, -1.330595E-02, 1.3064624E-01
7.11756E-08, 6.65870E-03, -1.320057E-02, 1.3064624E-01
7.11818E-08, 3.49713E-03, -1.298980E-02, 1.3047762E-01
7.11881E-08, 1.38942E-03, -1.288441E-02, 1.3056193E-01
7.11943E-08, -3.87986E-03, -1.309518E-02, 1.3043547E-01
7.12006E-08, -7.56835E-03, -1.277903E-02, 1.3026686E-01
7.12068E-08, -1.125685E-02, -1.288441E-02, 1.3005608E-01
7.12131E-08, -1.389149E-02, -1.320057E-02, 1.2980317E-01
7.12193E-08, -1.863384E-02, -1.341134E-02, 1.2971886E-01
7.12256E-08, -2.179541E-02, -1.362211E-02, 1.2933946E-01
7.12318E-08, -2.653776E-02, -1.414904E-02, 1.2908654E-01
7.12381E-08, -3.075318E-02, -1.457058E-02, 1.2883361E-01
7.12443E-08, -3.286089E-02, -1.499212E-02, 1.2853853E-01
7.12506E-08, -3.707631E-02, -1.551905E-02, 1.2820129E-01
7.12568E-08, -3.918403E-02, -1.615136E-02, 1.2782191E-01
7.12631E-08, -4.076481E-02, -1.688906E-02, 1.2744252E-01
7.12693E-08, -4.287252E-02, -1.762676E-02, 1.2714744E-01
7.12756E-08, -4.339945E-02, -1.857523E-02, 1.2676805E-01
7.12818E-08, -4.498023E-02, -1.931293E-02, 1.2647298E-01
7.12881E-08, -4.498023E-02, -1.994525E-02, 1.2613574E-01
7.12943E-08, -4.550716E-02, -2.078833E-02, 1.2579851E-01
7.13006E-08, -4.339945E-02, -2.163141E-02, 1.2554558E-01
7.13068E-08, -4.234559E-02, -2.247450E-02, 1.2529266E-01
7.13131E-08, -4.076481E-02, -2.300143E-02, 1.2508188E-01
7.13193E-08, -3.865710E-02, -2.363374E-02, 1.2491327E-01
7.13256E-08, -3.602246E-02, -2.426605E-02, 1.2474465E-01
7.13318E-08, -3.338782E-02, -2.489837E-02, 1.2457603E-01
7.13381E-08, -3.022625E-02, -2.521452E-02, 1.2461819E-01
7.13443E-08, -2.653776E-02, -2.553068E-02, 1.2461819E-01
7.13506E-08, -2.390312E-02, -2.574145E-02, 1.2457603E-01
7.13568E-08, -2.021462E-02, -2.574145E-02, 1.2461819E-01
7.13631E-08, -1.705305E-02, -2.574145E-02, 1.2466034E-01
7.13693E-08, -1.336456E-02, -2.542529E-02, 1.2474465E-01
7.13756E-08, -9.67606E-03, -2.500375E-02, 1.2487111E-01
7.13818E-08, -7.04142E-03, -2.458221E-02, 1.2508188E-01
7.13881E-08, -2.29907E-03, -2.416067E-02, 1.2520835E-01
7.13943E-08, 1.38942E-03, -2.321220E-02, 1.2537697E-01
7.14006E-08, 2.97021E-03, -2.257988E-02, 1.2567204E-01
7.14068E-08, 7.18563E-03, -2.152603E-02, 1.2579851E-01
7.14131E-08, 8.23948E-03, -2.036679E-02, 1.2596713E-01
7.14193E-08, 1.140105E-02, -1.941832E-02, 1.2622005E-01
7.14256E-08, 1.456262E-02, -1.815369E-02, 1.2630436E-01
7.14318E-08, 1.667033E-02, -1.678368E-02, 1.2647298E-01
7.14381E-08, 1.825111E-02, -1.562444E-02, 1.2664159E-01
7.14443E-08, 2.088575E-02, -1.435981E-02, 1.2676805E-01
7.14506E-08, 2.141268E-02, -1.320057E-02, 1.2689452E-01
7.14568E-08, 2.193961E-02, -1.204133E-02, 1.2689452E-01
7.14631E-08, 2.299346E-02, -1.088209E-02, 1.2693667E-01
7.14693E-08, 2.404732E-02, -9.61746E-03, 1.2693667E-01
7.14756E-08, 2.457425E-02, -8.66899E-03, 1.2697883E-01
7.14818E-08, 2.404732E-02, -7.72052E-03, 1.2697883E-01
7.14881E-08, 2.457425E-02, -6.87743E-03, 1.2681021E-01
7.14943E-08, 2.299346E-02, -6.03435E-03, 1.2681021E-01
7.15006E-08, 2.352039E-02, -5.50742E-03, 1.2668374E-01
7.15068E-08, 2.299346E-02, -4.76972E-03, 1.2659943E-01
7.15131E-08, 2.193961E-02, -4.24279E-03, 1.2651514E-01
7.15193E-08, 1.930497E-02, -3.92664E-03, 1.2647298E-01
7.15256E-08, 1.772419E-02, -3.82125E-03, 1.2630436E-01
7.15318E-08, 1.561647E-02, -3.82125E-03, 1.2626220E-01
7.15381E-08, 1.298183E-02, -4.03202E-03, 1.2622005E-01
7.15443E-08, 1.087412E-02, -3.92664E-03, 1.2609358E-01
7.15506E-08, 7.71256E-03, -4.24279E-03, 1.2605143E-01
7.15568E-08, 5.07792E-03, -4.45356E-03, 1.2613574E-01
7.15631E-08, 1.38942E-03, -4.76972E-03, 1.2613574E-01
7.15693E-08, -1.77215E-03, -4.98049E-03, 1.2609358E-01
7.15756E-08, -5.98757E-03, -5.29665E-03, 1.2622005E-01
7.15818E-08, -9.14914E-03, -5.82358E-03, 1.2634651E-01
7.15881E-08, -1.283763E-02, -6.13973E-03, 1.2647298E-01
7.15943E-08, -1.757998E-02, -6.66666E-03, 1.2664159E-01
7.16006E-08, -2.126848E-02, -7.08820E-03, 1.2685236E-01
7.16068E-08, -2.601083E-02, -7.29898E-03, 1.2706314E-01
7.16131E-08, -2.864547E-02, -7.82590E-03, 1.2735821E-01
7.16193E-08, -3.233396E-02, -8.03667E-03, 1.2761115E-01
7.16256E-08, -3.444167E-02, -8.14206E-03, 1.2786406E-01
7.16318E-08, -3.760324E-02, -8.35283E-03, 1.2824345E-01
7.16381E-08, -3.971095E-02, -8.56360E-03, 1.2858069E-01
7.16443E-08, -4.181866E-02, -8.66899E-03, 1.2879145E-01
7.16506E-08, -4.339945E-02, -8.77437E-03, 1.2917085E-01
7.16568E-08, -4.339945E-02, -8.77437E-03, 1.2950808E-01
7.16631E-08, -4.445330E-02, -8.77437E-03, 1.2976101E-01
7.16693E-08, -4.445330E-02, -8.98515E-03, 1.3009824E-01
7.16756E-08, -4.392638E-02, -8.77437E-03, 1.3030902E-01
7.16818E-08, -4.234559E-02, -8.66899E-03, 1.3051978E-01
7.16881E-08, -3.971095E-02, -8.77437E-03, 1.3073055E-01
7.16943E-08, -3.760324E-02, -8.66899E-03, 1.3085702E-01
7.17006E-08, -3.496860E-02, -8.66899E-03, 1.3102563E-01
7.17068E-08, -3.022625E-02, -8.66899E-03, 1.3110994E-01
7.17131E-08, -2.443004E-02, -8.66899E-03, 1.3115209E-01
7.17193E-08, -2.074155E-02, -8.77437E-03, 1.3110994E-01
7.17256E-08, -1.599920E-02, -8.77437E-03, 1.3115209E-01
7.17318E-08, -1.020299E-02, -8.77437E-03, 1.3106778E-01
7.17381E-08, -4.40678E-03, -9.19592E-03, 1.3094132E-01
7.17443E-08, 1.91635E-03, -9.19592E-03, 1.3085702E-01
7.17506E-08, 7.71256E-03, -9.40669E-03, 1.3060409E-01
7.17568E-08, 1.350876E-02, -9.51207E-03, 1.3039331E-01
7.17631E-08, 1.983190E-02, -9.61746E-03, 1.3018255E-01
7.17693E-08, 2.562810E-02, -9.93362E-03, 1.2992962E-01
7.17756E-08, 3.089738E-02, -1.003900E-02, 1.2963454E-01
7.17818E-08, 3.563973E-02, -1.014439E-02, 1.2933946E-01
7.17881E-08, 4.143594E-02, -1.014439E-02, 1.2900223E-01
7.17943E-08, 4.565137E-02, -1.014439E-02, 1.2858069E-01
7.18006E-08, 4.828600E-02, -1.014439E-02, 1.2828560E-01
7.18068E-08, 5.092064E-02, -1.014439E-02, 1.2803268E-01
7.18131E-08, 5.513607E-02, -1.003900E-02, 1.2765330E-01
7.18193E-08, 5.671685E-02, -9.93362E-03, 1.2735821E-01
7.18256E-08, 5.829763E-02, -9.51207E-03, 1.2697883E-01
7.18318E-08, 5.935149E-02, -9.30130E-03, 1.2668374E-01
7.18381E-08, 5.987842E-02, -9.09053E-03, 1.2634651E-01
7.18443E-08, 6.040534E-02, -8.56360E-03, 1.2605143E-01
7.18506E-08, 5.987842E-02, -8.14206E-03, 1.2579851E-01
7.18568E-08, 5.935149E-02, -7.61513E-03, 1.2558773E-01
7.18631E-08, 5.829763E-02, -7.08820E-03, 1.2533481E-01
7.18693E-08, 5.777070E-02, -6.56128E-03, 1.2520835E-01
7.18756E-08, 5.671685E-02, -6.03435E-03, 1.2499758E-01
7.18818E-08, 5.355528E-02, -5.50742E-03, 1.2478681E-01
7.18881E-08, 5.302835E-02, -4.98049E-03, 1.2470250E-01
7.18943E-08, 5.039372E-02, -4.45356E-03, 1.2466034E-01
7.19006E-08, 4.986679E-02, -4.03202E-03, 1.2457603E-01
7.19068E-08, 4.881293E-02, -4.03202E-03, 1.2449173E-01
7.19131E-08, 4.723215E-02, -3.39971E-03, 1.2449173E-01
7.19193E-08, 4.565137E-02, -3.29432E-03, 1.2453388E-01
7.19256E-08, 4.512443E-02, -3.08355E-03, 1.2453388E-01
7.19318E-08, 4.512443E-02, -3.39971E-03, 1.2461819E-01
7.19381E-08, 4.407058E-02, -3.39971E-03, 1.2470250E-01
7.19443E-08, 4.459751E-02, -3.61048E-03, 1.2474465E-01
7.19506E-08, 4.407058E-02, -3.82125E-03, 1.2487111E-01
7.19568E-08, 4.407058E-02, -4.45356E-03, 1.2495542E-01
7.19631E-08, 4.407058E-02, -4.87511E-03, 1.2508188E-01
7.19693E-08, 4.459751E-02, -5.61281E-03, 1.2525050E-01
7.19756E-08, 4.407058E-02, -6.35051E-03, 1.2537697E-01
7.19818E-08, 4.459751E-02, -7.29898E-03, 1.2550342E-01
7.19881E-08, 4.459751E-02, -7.93129E-03, 1.2558773E-01
7.19943E-08, 4.407058E-02, -8.98515E-03, 1.2575635E-01
7.20006E-08, 4.301672E-02, -9.82823E-03, 1.2584066E-01
7.20068E-08, 4.301672E-02, -1.077670E-02, 1.2588282E-01
7.20131E-08, 4.196287E-02, -1.161978E-02, 1.2600929E-01
7.20193E-08, 4.038208E-02, -1.267364E-02, 1.2600929E-01
7.20256E-08, 3.880130E-02, -1.351672E-02, 1.2605143E-01
7.20318E-08, 3.616666E-02, -1.446519E-02, 1.2609358E-01
7.20381E-08, 3.247816E-02, -1.530828E-02, 1.2609358E-01
7.20443E-08, 3.037046E-02, -1.604598E-02, 1.2605143E-01
7.20506E-08, 2.562810E-02, -1.657291E-02, 1.2596713E-01
7.20568E-08, 2.246654E-02, -1.709983E-02, 1.2596713E-01
7.20631E-08, 1.772419E-02, -1.741599E-02, 1.2579851E-01
7.20693E-08, 1.350876E-02, -1.804830E-02, 1.2567204E-01
7.20756E-08, 7.71256E-03, -1.794292E-02, 1.2558773E-01
7.20818E-08, 1.91635E-03, -1.804830E-02, 1.2537697E-01
7.20881E-08, -2.29907E-03, -1.783753E-02, 1.2525050E-01
7.20943E-08, -8.09528E-03, -1.783753E-02, 1.2508188E-01
7.21006E-08, -1.336456E-02, -1.720522E-02, 1.2495542E-01
7.21068E-08, -1.863384E-02, -1.667829E-02, 1.2470250E-01
7.21131E-08, -2.390312E-02, -1.615136E-02, 1.2449173E-01
7.21193E-08, -2.811854E-02, -1.562444E-02, 1.2440742E-01
7.21256E-08, -3.286089E-02, -1.488674E-02, 1.2428095E-01
7.21318E-08, -3.654939E-02, -1.425442E-02, 1.2411234E-01
7.21381E-08, -3.971095E-02, -1.351672E-02, 1.2402803E-01
7.21443E-08, -4.287252E-02, -1.256825E-02, 1.2398588E-01
7.21506E-08, -4.498023E-02, -1.161978E-02, 1.2390157E-01
7.21568E-08, -4.656101E-02, -1.098747E-02, 1.2385941E-01
7.21631E-08, -4.656101E-02, -9.82823E-03, 1.2398588E-01
7.21693E-08, -4.708794E-02, -9.19592E-03, 1.2402803E-01
7.21756E-08, -4.656101E-02, -8.24745E-03, 1.2415449E-01
7.21818E-08, -4.550716E-02, -7.72052E-03, 1.2428095E-01
7.21881E-08, -4.339945E-02, -6.87743E-03, 1.2453388E-01
7.21943E-08, -4.129174E-02, -6.35051E-03, 1.2478681E-01
7.22006E-08, -3.918403E-02, -5.71819E-03, 1.2512404E-01
7.22068E-08, -3.496860E-02, -5.29665E-03, 1.2541912E-01
7.22131E-08, -3.075318E-02, -4.98049E-03, 1.2571420E-01
7.22193E-08, -2.653776E-02, -4.76972E-03, 1.2609358E-01
7.22256E-08, -2.179541E-02, -4.55895E-03, 1.2651514E-01
7.22318E-08, -1.810691E-02, -4.34818E-03, 1.2689452E-01
7.22381E-08, -1.389149E-02, -4.34818E-03, 1.2714744E-01
7.22443E-08, -8.62221E-03, -4.34818E-03, 1.2752683E-01
7.22506E-08, -5.46064E-03, -4.76972E-03, 1.2794837E-01
7.22568E-08, -1.9136E-04, -4.87511E-03, 1.2836991E-01
7.22631E-08, 4.02406E-03, -5.08588E-03, 1.2862284E-01
7.22693E-08, 7.18563E-03, -5.61281E-03, 1.2887576E-01
7.22756E-08, 1.034720E-02, -5.92896E-03, 1.2904438E-01
7.22818E-08, 1.298183E-02, -6.77205E-03, 1.2925516E-01
7.22881E-08, 1.614340E-02, -7.19359E-03, 1.2933946E-01
7.22943E-08, 1.825111E-02, -7.82590E-03, 1.2942377E-01
7.23006E-08, 1.930497E-02, -8.35283E-03, 1.2942377E-01
7.23068E-08, 2.035883E-02, -8.98515E-03, 1.2938161E-01
7.23131E-08, 2.141268E-02, -9.72284E-03, 1.2925516E-01
7.23193E-08, 2.141268E-02, -1.056593E-02, 1.2904438E-01
7.23256E-08, 2.141268E-02, -1.109286E-02, 1.2883361E-01
7.23318E-08, 2.035883E-02, -1.183056E-02, 1.2853853E-01
7.23381E-08, 1.930497E-02, -1.246287E-02, 1.2811700E-01
7.23443E-08, 1.930497E-02, -1.320057E-02, 1.2777975E-01
7.23506E-08, 1.772419E-02, -1.372750E-02, 1.2735821E-01
7.23568E-08, 1.561647E-02, -1.435981E-02, 1.2681021E-01
7.23631E-08, 1.508955E-02, -1.488674E-02, 1.2638867E-01
7.23693E-08, 1.245491E-02, -1.530828E-02, 1.2592497E-01
7.23756E-08, 1.034720E-02, -1.583521E-02, 1.2537697E-01
7.23818E-08, 8.76641E-03, -1.636213E-02, 1.2495542E-01
7.23881E-08, 7.18563E-03, -1.657291E-02, 1.2449173E-01
7.23943E-08, 5.60485E-03, -1.688906E-02, 1.2411234E-01
7.24006E-08, 2.97021E-03, -1.709983E-02, 1.2373295E-01
7.24068E-08, 1.91635E-03, -1.741599E-02, 1.2335356E-01
7.24131E-08, -1.9136E-04, -1.741599E-02, 1.2301633E-01
7.24193E-08, -1.77215E-03, -1.741599E-02, 1.2276340E-01
7.24256E-08, -1.77215E-03, -1.752138E-02, 1.2259479E-01
7.24318E-08, -4.40678E-03, -1.741599E-02, 1.2251048E-01
7.24381E-08, -6.51450E-03, -1.741599E-02, 1.2246832E-01
7.24443E-08, -7.04142E-03, -1.709983E-02, 1.2242617E-01
7.24506E-08, -7.56835E-03, -1.688906E-02, 1.2251048E-01
7.24568E-08, -9.67606E-03, -1.667829E-02, 1.2255263E-01
7.24631E-08, -1.072992E-02, -1.636213E-02, 1.2280556E-01
7.24693E-08, -1.231070E-02, -1.615136E-02, 1.2310064E-01
7.24756E-08, -1.283763E-02, -1.594059E-02, 1.2339572E-01
7.24818E-08, -1.441841E-02, -1.562444E-02, 1.2373295E-01
7.24881E-08, -1.494534E-02, -1.541366E-02, 1.2407018E-01
7.24943E-08, -1.599920E-02, -1.520289E-02, 1.2449173E-01
7.25006E-08, -1.705305E-02, -1.488674E-02, 1.2491327E-01
7.25068E-08, -1.705305E-02, -1.478135E-02, 1.2529266E-01
7.25131E-08, -1.916077E-02, -1.467597E-02, 1.2562989E-01
7.25193E-08, -2.021462E-02, -1.467597E-02, 1.2605143E-01
7.25256E-08, -2.021462E-02, -1.457058E-02, 1.2643082E-01
7.25318E-08, -2.126848E-02, -1.488674E-02, 1.2681021E-01
7.25381E-08, -2.232233E-02, -1.509751E-02, 1.2702098E-01
7.25443E-08, -2.179541E-02, -1.541366E-02, 1.2723175E-01
7.25506E-08, -2.179541E-02, -1.572982E-02, 1.2740037E-01
7.25568E-08, -2.232233E-02, -1.615136E-02, 1.2765330E-01
7.25631E-08, -2.126848E-02, -1.646752E-02, 1.2765330E-01
7.25693E-08, -2.074155E-02, -1.720522E-02, 1.2761115E-01
7.25756E-08, -1.863384E-02, -1.773215E-02, 1.2756899E-01
7.25818E-08, -1.757998E-02, -1.846985E-02, 1.2748468E-01
7.25881E-08, -1.547227E-02, -1.889139E-02, 1.2735821E-01
7.25943E-08, -1.389149E-02, -1.962909E-02, 1.2706314E-01
7.26006E-08, -1.125685E-02, -2.036679E-02, 1.2681021E-01
7.26068E-08, -6.51450E-03, -2.089372E-02, 1.2647298E-01
7.26131E-08, -3.35293E-03, -2.142064E-02, 1.2613574E-01
7.26193E-08, 3.3557E-04, -2.205296E-02, 1.2571420E-01
7.26256E-08, 6.65870E-03, -2.226373E-02, 1.2529266E-01
7.26318E-08, 1.034720E-02, -2.257988E-02, 1.2482896E-01
7.26381E-08, 1.561647E-02, -2.310681E-02, 1.2440742E-01
7.26443E-08, 2.035883E-02, -2.321220E-02, 1.2394372E-01
7.26506E-08, 2.668196E-02, -2.310681E-02, 1.2348002E-01
7.26568E-08, 3.142431E-02, -2.300143E-02, 1.2301633E-01
7.26631E-08, 3.669359E-02, -2.279066E-02, 1.2263694E-01
7.26693E-08, 4.248980E-02, -2.236911E-02, 1.2221540E-01
7.26756E-08, 4.881293E-02, -2.184219E-02, 1.2192032E-01
7.26818E-08, 5.197450E-02, -2.099910E-02, 1.2158308E-01
7.26881E-08, 5.724378E-02, -1.994525E-02, 1.2128800E-01
7.26943E-08, 6.145920E-02, -1.920754E-02, 1.2111939E-01
7.27006E-08, 6.620155E-02, -1.794292E-02, 1.2090862E-01
7.27068E-08, 6.883619E-02, -1.667829E-02, 1.2078215E-01
7.27131E-08, 7.199775E-02, -1.530828E-02, 1.2069785E-01
7.27193E-08, 7.463240E-02, -1.393827E-02, 1.2074000E-01
7.27256E-08, 7.568625E-02, -1.246287E-02, 1.2069785E-01
7.27318E-08, 7.621318E-02, -1.098747E-02, 1.2074000E-01
7.27381E-08, 7.674011E-02, -9.30130E-03, 1.2095077E-01
7.27443E-08, 7.568625E-02, -7.82590E-03, 1.2107723E-01
7.27506E-08, 7.568625E-02, -6.13973E-03, 1.2128800E-01
7.27568E-08, 7.252468E-02, -4.87511E-03, 1.2149878E-01
7.27631E-08, 7.094390E-02, -3.39971E-03, 1.2175170E-01
7.27693E-08, 6.672848E-02, -2.24047E-03, 1.2208894E-01
7.27756E-08, 6.356691E-02, -1.08123E-03, 1.2238401E-01
7.27818E-08, 5.882456E-02, -1.3276E-04, 1.2276340E-01
7.27881E-08, 5.460914E-02, 7.1033E-04, 1.2305848E-01
7.27943E-08, 4.986679E-02, 1.34264E-03, 1.2339572E-01
7.28006E-08, 4.407058E-02, 1.86957E-03, 1.2377510E-01
7.28068E-08, 3.932823E-02, 2.29111E-03, 1.2411234E-01
7.28131E-08, 3.458588E-02, 2.50188E-03, 1.2444957E-01
7.28193E-08, 2.773582E-02, 2.50188E-03, 1.2487111E-01
7.28256E-08, 2.193961E-02, 2.39650E-03, 1.2520835E-01
7.28318E-08, 1.667033E-02, 2.08034E-03, 1.2541912E-01
7.28381E-08, 1.140105E-02, 1.65880E-03, 1.2575635E-01
7.28443E-08, 7.71256E-03, 1.13187E-03, 1.2596713E-01
7.28506E-08, 2.97021E-03, 4.9956E-04, 1.2617789E-01
7.28568E-08, -1.24522E-03, -2.3814E-04, 1.2643082E-01
7.28631E-08, -4.40678E-03, -8.7046E-04, 1.2655729E-01
7.28693E-08, -8.62221E-03, -1.71354E-03, 1.2676805E-01
7.28756E-08, -1.125685E-02, -2.76740E-03, 1.2689452E-01
7.28818E-08, -1.283763E-02, -3.61048E-03, 1.2689452E-01
7.28881E-08, -1.441841E-02, -4.13741E-03, 1.2693667E-01
7.28943E-08, -1.599920E-02, -4.98049E-03, 1.2689452E-01
7.29006E-08, -1.599920E-02, -5.82358E-03, 1.2685236E-01
7.29068E-08, -1.494534E-02, -6.35051E-03, 1.2676805E-01
7.29131E-08, -1.441841E-02, -6.98282E-03, 1.2664159E-01
7.29193E-08, -1.441841E-02, -7.50975E-03, 1.2643082E-01
7.29256E-08, -1.231070E-02, -7.82590E-03, 1.2626220E-01
7.29318E-08, -1.072992E-02, -8.35283E-03, 1.2605143E-01
7.29381E-08, -7.56835E-03, -8.77437E-03, 1.2584066E-01
7.29443E-08, -6.51450E-03, -8.87976E-03, 1.2558773E-01
7.29506E-08, -3.35293E-03, -8.98515E-03, 1.2520835E-01
7.29568E-08, -7.1829E-04, -8.98515E-03, 1.2487111E-01
7.29631E-08, 1.38942E-03, -9.09053E-03, 1.2453388E-01
7.29693E-08, 4.02406E-03, -9.09053E-03, 1.2415449E-01
7.29756E-08, 6.13177E-03, -8.98515E-03, 1.2377510E-01
7.29818E-08, 8.23948E-03, -9.09053E-03, 1.2339572E-01
7.29881E-08, 1.140105E-02, -8.87976E-03, 1.2293202E-01
7.29943E-08, 1.350876E-02, -8.98515E-03, 1.2263694E-01
7.30006E-08, 1.456262E-02, -8.98515E-03, 1.2221540E-01
7.30068E-08, 1.561647E-02, -9.09053E-03, 1.2187816E-01
7.30131E-08, 1.772419E-02, -9.19592E-03, 1.2149878E-01
7.30193E-08, 1.719726E-02, -9.61746E-03, 1.2133016E-01
7.30256E-08, 1.825111E-02, -9.82823E-03, 1.2099293E-01
7.30318E-08, 1.772419E-02, -1.035516E-02, 1.2074000E-01
7.30381E-08, 1.825111E-02, -1.077670E-02, 1.2052923E-01
7.30443E-08, 1.772419E-02, -1.140901E-02, 1.2036061E-01
7.30506E-08, 1.614340E-02, -1.204133E-02, 1.2014984E-01
7.30568E-08, 1.456262E-02, -1.298980E-02, 1.2010769E-01
7.30631E-08, 1.245491E-02, -1.383288E-02, 1.2002338E-01
7.30693E-08, 1.087412E-02, -1.457058E-02, 1.2006553E-01
7.30756E-08, 9.29334E-03, -1.572982E-02, 1.2002338E-01
7.30818E-08, 6.65870E-03, -1.678368E-02, 1.2010769E-01
7.30881E-08, 4.55099E-03, -1.762676E-02, 1.2023415E-01
7.30943E-08, 1.38942E-03, -1.868062E-02, 1.2040277E-01
7.31006E-08, -1.77215E-03, -1.952370E-02, 1.2061354E-01
7.31068E-08, -3.87986E-03, -2.047217E-02, 1.2078215E-01
7.31131E-08, -5.98757E-03, -2.110448E-02, 1.2107723E-01
7.31193E-08, -9.67606E-03, -2.194757E-02, 1.2141447E-01
7.31256E-08, -1.231070E-02, -2.247450E-02, 1.2175170E-01
7.31318E-08, -1.336456E-02, -2.289604E-02, 1.2208894E-01
7.31381E-08, -1.599920E-02, -2.321220E-02, 1.2242617E-01
7.31443E-08, -1.810691E-02, -2.352835E-02, 1.2276340E-01
7.31506E-08, -1.968769E-02, -2.331758E-02, 1.2318494E-01
7.31568E-08, -2.179541E-02, -2.331758E-02, 1.2356433E-01
7.31631E-08, -2.337619E-02, -2.279066E-02, 1.2381726E-01
7.31693E-08, -2.337619E-02, -2.247450E-02, 1.2423880E-01
7.31756E-08, -2.495697E-02, -2.163141E-02, 1.2453388E-01
7.31818E-08, -2.495697E-02, -2.078833E-02, 1.2482896E-01
7.31881E-08, -2.443004E-02, -1.994525E-02, 1.2512404E-01
7.31943E-08, -2.601083E-02, -1.878600E-02, 1.2537697E-01
7.32006E-08, -2.495697E-02, -1.720522E-02, 1.2558773E-01
7.32068E-08, -2.495697E-02, -1.615136E-02, 1.2579851E-01
7.32131E-08, -2.284926E-02, -1.435981E-02, 1.2596713E-01
7.32193E-08, -2.232233E-02, -1.298980E-02, 1.2609358E-01
7.32256E-08, -2.074155E-02, -1.119824E-02, 1.2622005E-01
7.32318E-08, -1.916077E-02, -9.51207E-03, 1.2626220E-01
7.32381E-08, -1.863384E-02, -7.93129E-03, 1.2626220E-01
7.32443E-08, -1.652613E-02, -6.35051E-03, 1.2622005E-01
7.32506E-08, -1.336456E-02, -4.34818E-03, 1.2617789E-01
7.32568E-08, -1.178377E-02, -2.87278E-03, 1.2613574E-01
7.32631E-08, -9.67606E-03, -1.18661E-03, 1.2609358E-01
7.32693E-08, -7.56835E-03, 3.9417E-04, 1.2592497E-01
7.32756E-08, -6.51450E-03, 1.55341E-03, 1.2579851E-01
7.32818E-08, -3.35293E-03, 2.92343E-03, 1.2562989E-01
7.32881E-08, -1.77215E-03, 4.18805E-03, 1.2546128E-01
7.32943E-08, -1.9136E-04, 5.34729E-03, 1.2529266E-01
7.33006E-08, 3.3557E-04, 6.19038E-03, 1.2516619E-01
7.33068E-08, 2.97021E-03, 7.03346E-03, 1.2495542E-01
7.33131E-08, 4.02406E-03, 7.77116E-03, 1.2474465E-01
7.33193E-08, 5.07792E-03, 8.40348E-03, 1.2461819E-01
7.33256E-08, 6.13177E-03, 8.71963E-03, 1.2449173E-01
7.33318E-08, 6.65870E-03, 9.14117E-03, 1.2436526E-01
7.33381E-08, 7.71256E-03, 9.14117E-03, 1.2423880E-01
7.33443E-08, 8.23948E-03, 9.24656E-03, 1.2411234E-01
7.33506E-08, 8.76641E-03, 9.14117E-03, 1.2407018E-01
7.33568E-08, 8.23948E-03, 9.03579E-03, 1.2398588E-01
7.33631E-08, 8.23948E-03, 8.71963E-03, 1.2385941E-01
7.33693E-08, 8.23948E-03, 8.08732E-03, 1.2394372E-01
7.33756E-08, 8.23948E-03, 7.77116E-03, 1.2394372E-01
7.33818E-08, 7.18563E-03, 6.92808E-03, 1.2385941E-01
7.33881E-08, 6.65870E-03, 6.29576E-03, 1.2385941E-01
7.33943E-08, 5.60485E-03, 5.55806E-03, 1.2390157E-01
7.34006E-08, 4.55099E-03, 4.50421E-03, 1.2390157E-01
7.34068E-08, 4.02406E-03, 3.76651E-03, 1.2390157E-01
7.34131E-08, 2.44328E-03, 2.60727E-03, 1.2407018E-01
7.34193E-08, 1.38942E-03, 1.44803E-03, 1.2411234E-01
7.34256E-08, -7.1829E-04, 4.9956E-04, 1.2402803E-01
7.34318E-08, -1.24522E-03, -7.6507E-04, 1.2415449E-01
7.34381E-08, -3.35293E-03, -2.02970E-03, 1.2419665E-01
7.34443E-08, -3.35293E-03, -3.29432E-03, 1.2419665E-01
7.34506E-08, -5.46064E-03, -4.45356E-03, 1.2423880E-01
7.34568E-08, -6.51450E-03, -5.82358E-03, 1.2423880E-01
7.34631E-08, -7.56835E-03, -6.98282E-03, 1.2423880E-01
7.34693E-08, -9.14914E-03, -8.14206E-03, 1.2423880E-01
7.34756E-08, -9.67606E-03, -9.30130E-03, 1.2419665E-01
7.34818E-08, -1.125685E-02, -1.035516E-02, 1.2415449E-01
7.34881E-08, -1.231070E-02, -1.140901E-02, 1.2407018E-01
7.34943E-08, -1.231070E-02, -1.256825E-02, 1.2394372E-01
7.35006E-08, -1.336456E-02, -1.372750E-02, 1.2390157E-01
7.35068E-08, -1.336456E-02, -1.446519E-02, 1.2381726E-01
7.35131E-08, -1.389149E-02, -1.499212E-02, 1.2364864E-01
7.35193E-08, -1.441841E-02, -1.594059E-02, 1.2352218E-01
7.35256E-08, -1.283763E-02, -1.636213E-02, 1.2343787E-01
7.35318E-08, -1.389149E-02, -1.667829E-02, 1.2326925E-01
7.35381E-08, -1.283763E-02, -1.720522E-02, 1.2322710E-01
7.35443E-08, -1.231070E-02, -1.720522E-02, 1.2301633E-01
7.35506E-08, -1.125685E-02, -1.741599E-02, 1.2288987E-01
7.35568E-08, -1.072992E-02, -1.720522E-02, 1.2267909E-01
7.35631E-08, -9.14914E-03, -1.709983E-02, 1.2259479E-01
7.35693E-08, -8.09528E-03, -1.667829E-02, 1.2251048E-01
7.35756E-08, -6.51450E-03, -1.625675E-02, 1.2242617E-01
7.35818E-08, -4.93371E-03, -1.562444E-02, 1.2221540E-01
7.35881E-08, -2.82600E-03, -1.478135E-02, 1.2217324E-01
7.35943E-08, -1.77215E-03, -1.414904E-02, 1.2213109E-01
7.36006E-08, 1.38942E-03, -1.298980E-02, 1.2204678E-01
7.36068E-08, 2.97021E-03, -1.214671E-02, 1.2208894E-01
7.36131E-08, 5.60485E-03, -1.098747E-02, 1.2208894E-01
7.36193E-08, 7.18563E-03, -1.024977E-02, 1.2208894E-01
7.36256E-08, 1.034720E-02, -9.19592E-03, 1.2213109E-01
7.36318E-08, 1.192798E-02, -8.14206E-03, 1.2217324E-01
7.36381E-08, 1.508955E-02, -7.08820E-03, 1.2229971E-01
7.36443E-08, 1.614340E-02, -6.03435E-03, 1.2242617E-01
7.36506E-08, 1.877804E-02, -4.98049E-03, 1.2242617E-01
7.36568E-08, 2.035883E-02, -4.34818E-03, 1.2255263E-01
7.36631E-08, 2.193961E-02, -3.39971E-03, 1.2267909E-01
7.36693E-08, 2.299346E-02, -2.87278E-03, 1.2288987E-01
7.36756E-08, 2.510118E-02, -2.45124E-03, 1.2297417E-01
7.36818E-08, 2.615503E-02, -1.92431E-03, 1.2310064E-01
7.36881E-08, 2.720889E-02, -1.50277E-03, 1.2314279E-01
7.36943E-08, 2.720889E-02, -1.39738E-03, 1.2335356E-01
7.37006E-08, 2.878967E-02, -1.18661E-03, 1.2348002E-01
7.37068E-08, 2.826274E-02, -1.18661E-03, 1.2352218E-01
7.37131E-08, 2.773582E-02, -1.29200E-03, 1.2369080E-01
7.37193E-08, 2.773582E-02, -1.39738E-03, 1.2377510E-01
7.37256E-08, 2.773582E-02, -1.92431E-03, 1.2381726E-01
7.37318E-08, 2.615503E-02, -2.24047E-03, 1.2385941E-01
7.37381E-08, 2.510118E-02, -2.76740E-03, 1.2385941E-01
7.37443E-08, 2.352039E-02, -3.29432E-03, 1.2390157E-01
7.37506E-08, 2.299346E-02, -3.71587E-03, 1.2385941E-01
7.37568E-08, 2.088575E-02, -4.34818E-03, 1.2381726E-01
7.37631E-08, 2.035883E-02, -4.98049E-03, 1.2381726E-01
7.37693E-08, 1.825111E-02, -5.40204E-03, 1.2373295E-01
7.37756E-08, 1.508955E-02, -5.92896E-03, 1.2364864E-01
7.37818E-08, 1.350876E-02, -6.45589E-03, 1.2364864E-01
7.37881E-08, 1.192798E-02, -6.77205E-03, 1.2339572E-01
7.37943E-08, 8.76641E-03, -7.19359E-03, 1.2335356E-01
7.38006E-08, 7.71256E-03, -7.61513E-03, 1.2322710E-01
7.38068E-08, 6.13177E-03, -8.03667E-03, 1.2314279E-01
7.38131E-08, 3.49713E-03, -8.03667E-03, 1.2301633E-01
7.38193E-08, 1.91635E-03, -8.14206E-03, 1.2288987E-01
7.38256E-08, -7.1829E-04, -8.14206E-03, 1.2276340E-01
7.38318E-08, -2.29907E-03, -8.24745E-03, 1.2267909E-01
7.38381E-08, -3.87986E-03, -8.03667E-03, 1.2259479E-01
7.38443E-08, -4.93371E-03, -8.03667E-03, 1.2259479E-01
7.38506E-08, -6.51450E-03, -7.82590E-03, 1.2251048E-01
7.38568E-08, -8.62221E-03, -7.50975E-03, 1.2246832E-01
7.38631E-08, -8.62221E-03, -7.29898E-03, 1.2242617E-01
7.38693E-08, -1.020299E-02, -6.77205E-03, 1.2251048E-01
7.38756E-08, -1.125685E-02, -6.77205E-03, 1.2255263E-01
7.38818E-08, -1.231070E-02, -6.45589E-03, 1.2255263E-01
7.38881E-08, -1.283763E-02, -6.24512E-03, 1.2263694E-01
7.38943E-08, -1.441841E-02, -5.82358E-03, 1.2272125E-01
7.39006E-08, -1.389149E-02, -5.82358E-03, 1.2293202E-01
7.39068E-08, -1.441841E-02, -5.61281E-03, 1.2297417E-01
7.39131E-08, -1.652613E-02, -5.50742E-03, 1.2314279E-01
7.39193E-08, -1.705305E-02, -5.40204E-03, 1.2326925E-01
7.39256E-08, -1.757998E-02, -5.61281E-03, 1.2339572E-01
7.39318E-08, -1.863384E-02, -5.61281E-03, 1.2360649E-01
7.39381E-08, -2.021462E-02, -5.82358E-03, 1.2369080E-01
7.39443E-08, -2.074155E-02, -6.35051E-03, 1.2385941E-01
7.39506E-08, -2.179541E-02, -6.56128E-03, 1.2390157E-01
7.39568E-08, -2.232233E-02, -6.87743E-03, 1.2407018E-01
7.39631E-08, -2.390312E-02, -7.29898E-03, 1.2415449E-01
7.39693E-08, -2.390312E-02, -7.82590E-03, 1.2415449E-01
7.39756E-08, -2.548390E-02, -8.45822E-03, 1.2415449E-01
7.39818E-08, -2.653776E-02, -8.87976E-03, 1.2411234E-01
7.39881E-08, -2.653776E-02, -9.40669E-03, 1.2402803E-01
7.39943E-08, -2.864547E-02, -9.82823E-03, 1.2394372E-01
7.40006E-08, -2.811854E-02, -1.024977E-02, 1.2377510E-01
7.40068E-08, -2.917239E-02, -1.088209E-02, 1.2360649E-01
7.40131E-08, -2.917239E-02, -1.140901E-02, 1.2339572E-01
7.40193E-08, -2.917239E-02, -1.183056E-02, 1.2322710E-01
7.40256E-08, -2.917239E-02, -1.214671E-02, 1.2284771E-01
7.40318E-08, -2.811854E-02, -1.235748E-02, 1.2255263E-01
7.40381E-08, -2.706468E-02, -1.267364E-02, 1.2217324E-01
7.40443E-08, -2.601083E-02, -1.288441E-02, 1.2192032E-01
7.40506E-08, -2.495697E-02, -1.298980E-02, 1.2145662E-01
7.40568E-08, -2.179541E-02, -1.298980E-02, 1.2116154E-01
7.40631E-08, -1.968769E-02, -1.309518E-02, 1.2078215E-01
7.40693E-08, -1.705305E-02, -1.309518E-02, 1.2044492E-01
7.40756E-08, -1.336456E-02, -1.298980E-02, 1.2010769E-01
7.40818E-08, -1.072992E-02, -1.288441E-02, 1.1977045E-01
7.40881E-08, -5.98757E-03, -1.277903E-02, 1.1947537E-01
7.40943E-08, -2.29907E-03, -1.267364E-02, 1.1922245E-01
7.41006E-08, 2.44328E-03, -1.214671E-02, 1.1901168E-01
7.41068E-08, 6.65870E-03, -1.204133E-02, 1.1880091E-01
7.41131E-08, 1.192798E-02, -1.183056E-02, 1.1871660E-01
7.41193E-08, 1.561647E-02, -1.140901E-02, 1.1863229E-01
7.41256E-08, 2.035883E-02, -1.151440E-02, 1.1854798E-01
7.41318E-08, 2.510118E-02, -1.140901E-02, 1.1863229E-01
7.41381E-08, 2.984353E-02, -1.119824E-02, 1.1875875E-01
7.41443E-08, 3.405895E-02, -1.098747E-02, 1.1884306E-01
7.41506E-08, 3.722052E-02, -1.077670E-02, 1.1905383E-01
7.41568E-08, 4.090901E-02, -1.077670E-02, 1.1930676E-01
7.41631E-08, 4.354365E-02, -1.056593E-02, 1.1960184E-01
7.41693E-08, 4.723215E-02, -1.067131E-02, 1.1985476E-01
7.41756E-08, 4.881293E-02, -1.046054E-02, 1.2023415E-01
7.41818E-08, 4.986679E-02, -1.046054E-02, 1.2061354E-01
7.41881E-08, 5.197450E-02, -1.046054E-02, 1.2095077E-01
7.41943E-08, 5.250143E-02, -1.046054E-02, 1.2137231E-01
7.42006E-08, 5.144757E-02, -1.035516E-02, 1.2179386E-01
7.42068E-08, 5.039372E-02, -1.024977E-02, 1.2217324E-01
7.42131E-08, 4.933986E-02, -9.82823E-03, 1.2251048E-01
7.42193E-08, 4.775907E-02, -9.72284E-03, 1.2288987E-01
7.42256E-08, 4.565137E-02, -9.30130E-03, 1.2318494E-01
7.42318E-08, 4.196287E-02, -8.98515E-03, 1.2343787E-01
7.42381E-08, 3.880130E-02, -8.56360E-03, 1.2369080E-01
7.42443E-08, 3.511281E-02, -7.93129E-03, 1.2390157E-01
7.42506E-08, 3.195124E-02, -6.87743E-03, 1.2398588E-01
7.42568E-08, 2.773582E-02, -6.35051E-03, 1.2411234E-01
7.42631E-08, 2.457425E-02, -5.29665E-03, 1.2407018E-01
7.42693E-08, 2.035883E-02, -4.24279E-03, 1.2402803E-01
7.42756E-08, 1.614340E-02, -3.18894E-03, 1.2398588E-01
7.42818E-08, 1.350876E-02, -2.13508E-03, 1.2373295E-01
7.42881E-08, 9.29334E-03, -6.5968E-04, 1.2352218E-01
7.42943E-08, 6.13177E-03, 4.9956E-04, 1.2322710E-01
7.43006E-08, 4.02406E-03, 1.86957E-03, 1.2293202E-01
7.43068E-08, 2.44328E-03, 3.02881E-03, 1.2246832E-01
7.43131E-08, 3.3557E-04, 4.71498E-03, 1.2217324E-01
7.43193E-08, -7.1829E-04, 5.87422E-03, 1.2166739E-01
7.43256E-08, -1.24522E-03, 7.13885E-03, 1.2120370E-01
7.43318E-08, -7.1829E-04, 8.40348E-03, 1.2082431E-01
7.43381E-08, -7.1829E-04, 9.56272E-03, 1.2031846E-01
7.43443E-08, 8.6249E-04, 1.051119E-02, 1.1989692E-01
7.43506E-08, 2.97021E-03, 1.135427E-02, 1.1947537E-01
7.43568E-08, 5.07792E-03, 1.209197E-02, 1.1909599E-01
7.43631E-08, 7.71256E-03, 1.293505E-02, 1.1863229E-01
7.43693E-08, 1.087412E-02, 1.304044E-02, 1.1825290E-01
7.43756E-08, 1.403569E-02, 1.346198E-02, 1.1804213E-01
7.43818E-08, 1.667033E-02, 1.356737E-02, 1.1778920E-01
7.43881E-08, 2.035883E-02, 1.356737E-02, 1.1753628E-01
7.43943E-08, 2.404732E-02, 1.335660E-02, 1.1736766E-01
7.44006E-08, 2.720889E-02, 1.293505E-02, 1.1728335E-01
7.44068E-08, 3.037046E-02, 1.240813E-02, 1.1724120E-01
7.44131E-08, 3.300510E-02, 1.177581E-02, 1.1724120E-01
7.44193E-08, 3.511281E-02, 1.103811E-02, 1.1728335E-01
7.44256E-08, 3.880130E-02, 9.98426E-03, 1.1740982E-01
7.44318E-08, 3.880130E-02, 8.82502E-03, 1.1757843E-01
7.44381E-08, 3.985516E-02, 7.98193E-03, 1.1783136E-01
7.44443E-08, 4.038208E-02, 6.71731E-03, 1.1808428E-01
7.44506E-08, 3.985516E-02, 5.55806E-03, 1.1842152E-01
7.44568E-08, 3.880130E-02, 4.60959E-03, 1.1871660E-01
7.44631E-08, 3.722052E-02, 3.55574E-03, 1.1905383E-01
7.44693E-08, 3.458588E-02, 2.60727E-03, 1.1939106E-01
7.44756E-08, 3.195124E-02, 1.76418E-03, 1.1985476E-01
7.44818E-08, 2.773582E-02, 1.02648E-03, 1.2023415E-01
7.44881E-08, 2.457425E-02, 3.9417E-04, 1.2052923E-01
7.44943E-08, 1.930497E-02, -1.3276E-04, 1.2090862E-01
7.45006E-08, 1.403569E-02, -5.5430E-04, 1.2128800E-01
7.45068E-08, 8.23948E-03, -4.4891E-04, 1.2166739E-01
7.45131E-08, 2.97021E-03, -5.5430E-04, 1.2187816E-01
7.45193E-08, -3.35293E-03, -4.4891E-04, 1.2208894E-01
7.45256E-08, -8.62221E-03, 1.8340E-04, 1.2238401E-01
7.45318E-08, -1.547227E-02, 7.1033E-04, 1.2267909E-01
7.45381E-08, -2.126848E-02, 1.34264E-03, 1.2276340E-01
7.45443E-08, -2.759161E-02, 2.08034E-03, 1.2297417E-01
7.45506E-08, -3.233396E-02, 3.23958E-03, 1.2297417E-01
7.45568E-08, -3.813017E-02, 4.18805E-03, 1.2305848E-01
7.45631E-08, -4.234559E-02, 5.55806E-03, 1.2310064E-01
7.45693E-08, -4.708794E-02, 6.61192E-03, 1.2314279E-01
7.45756E-08, -5.130336E-02, 7.77116E-03, 1.2314279E-01
7.45818E-08, -5.499186E-02, 8.93040E-03, 1.2301633E-01
7.45881E-08, -5.551879E-02, 1.030042E-02, 1.2284771E-01
7.45943E-08, -5.868036E-02, 1.124889E-02, 1.2276340E-01
7.46006E-08, -5.815343E-02, 1.219736E-02, 1.2255263E-01
7.46068E-08, -5.920728E-02, 1.325121E-02, 1.2242617E-01
7.46131E-08, -5.868036E-02, 1.409430E-02, 1.2229971E-01
7.46193E-08, -5.762650E-02, 1.483199E-02, 1.2200463E-01
7.46256E-08, -5.551879E-02, 1.546431E-02, 1.2179386E-01
7.46318E-08, -5.288415E-02, 1.578047E-02, 1.2166739E-01
7.46381E-08, -4.972258E-02, 1.588585E-02, 1.2145662E-01
7.46443E-08, -4.708794E-02, 1.578047E-02, 1.2124585E-01
7.46506E-08, -4.234559E-02, 1.578047E-02, 1.2103508E-01
7.46568E-08, -3.865710E-02, 1.535892E-02, 1.2078215E-01
7.46631E-08, -3.338782E-02, 1.493738E-02, 1.2057138E-01
7.46693E-08, -2.917239E-02, 1.419968E-02, 1.2036061E-01
7.46756E-08, -2.443004E-02, 1.346198E-02, 1.2014984E-01
7.46818E-08, -1.916077E-02, 1.240813E-02, 1.1993907E-01
7.46881E-08, -1.389149E-02, 1.145966E-02, 1.1968614E-01
7.46943E-08, -9.67606E-03, 1.019503E-02, 1.1955968E-01
7.47006E-08, -4.40678E-03, 9.03579E-03, 1.1926460E-01
7.47068E-08, 3.3557E-04, 7.77116E-03, 1.1913814E-01
7.47131E-08, 6.13177E-03, 6.50653E-03, 1.1901168E-01
7.47193E-08, 8.76641E-03, 5.45268E-03, 1.1875875E-01
7.47256E-08, 1.298183E-02, 4.18805E-03, 1.1859013E-01
7.47318E-08, 1.667033E-02, 2.81804E-03, 1.1846367E-01
7.47381E-08, 1.930497E-02, 1.65880E-03, 1.1833721E-01
7.47443E-08, 2.141268E-02, 7.1033E-04, 1.1816859E-01
7.47506E-08, 2.457425E-02, -2.3814E-04, 1.1804213E-01
7.47568E-08, 2.615503E-02, -1.18661E-03, 1.1791567E-01
7.47631E-08, 2.826274E-02, -1.81893E-03, 1.1778920E-01
7.47693E-08, 2.931660E-02, -2.66201E-03, 1.1770490E-01
7.47756E-08, 3.089738E-02, -3.08355E-03, 1.1762059E-01
7.47818E-08, 3.037046E-02, -3.82125E-03, 1.1757843E-01
7.47881E-08, 3.089738E-02, -3.92664E-03, 1.1740982E-01
7.47943E-08, 3.142431E-02, -4.13741E-03, 1.1740982E-01
7.48006E-08, 3.089738E-02, -4.45356E-03, 1.1728335E-01
7.48068E-08, 3.037046E-02, -4.55895E-03, 1.1728335E-01
7.48131E-08, 3.037046E-02, -4.66434E-03, 1.1728335E-01
7.48193E-08, 3.089738E-02, -4.55895E-03, 1.1724120E-01
7.48256E-08, 2.984353E-02, -4.76972E-03, 1.1724120E-01
7.48318E-08, 2.878967E-02, -4.87511E-03, 1.1728335E-01
7.48381E-08, 2.931660E-02, -4.76972E-03, 1.1732551E-01
7.48443E-08, 2.826274E-02, -4.66434E-03, 1.1732551E-01
7.48506E-08, 2.826274E-02, -4.87511E-03, 1.1724120E-01
7.48568E-08, 2.720889E-02, -4.98049E-03, 1.1736766E-01
7.48631E-08, 2.826274E-02, -4.98049E-03, 1.1745197E-01
7.48693E-08, 2.826274E-02, -5.40204E-03, 1.1745197E-01
7.48756E-08, 2.878967E-02, -5.71819E-03, 1.1753628E-01
7.48818E-08, 2.931660E-02, -6.03435E-03, 1.1757843E-01
7.48881E-08, 2.984353E-02, -6.24512E-03, 1.1753628E-01
7.48943E-08, 3.089738E-02, -6.87743E-03, 1.1757843E-01
7.49006E-08, 3.142431E-02, -7.50975E-03, 1.1757843E-01
7.49068E-08, 3.300510E-02, -8.14206E-03, 1.1766274E-01
7.49131E-08, 3.458588E-02, -8.77437E-03, 1.1753628E-01
7.49193E-08, 3.458588E-02, -9.51207E-03, 1.1757843E-01
7.49256E-08, 3.616666E-02, -1.003900E-02, 1.1757843E-01
7.49318E-08, 3.722052E-02, -1.067131E-02, 1.1749412E-01
7.49381E-08, 3.722052E-02, -1.161978E-02, 1.1749412E-01
7.49443E-08, 3.932823E-02, -1.225210E-02, 1.1736766E-01
7.49506E-08, 3.985516E-02, -1.277903E-02, 1.1736766E-01
7.49568E-08, 4.090901E-02, -1.330595E-02, 1.1728335E-01
7.49631E-08, 4.090901E-02, -1.372750E-02, 1.1715689E-01
7.49693E-08, 4.090901E-02, -1.425442E-02, 1.1711474E-01
7.49756E-08, 4.196287E-02, -1.457058E-02, 1.1698827E-01
7.49818E-08, 4.196287E-02, -1.467597E-02, 1.1690397E-01
7.49881E-08, 4.143594E-02, -1.457058E-02, 1.1673535E-01
7.49943E-08, 4.090901E-02, -1.457058E-02, 1.1669319E-01
7.50006E-08, 3.985516E-02, -1.435981E-02, 1.1660889E-01
7.50068E-08, 3.774745E-02, -1.414904E-02, 1.1656673E-01
7.50131E-08, 3.616666E-02, -1.330595E-02, 1.1644027E-01
7.50193E-08, 3.353202E-02, -1.288441E-02, 1.1648242E-01
7.50256E-08, 3.247816E-02, -1.214671E-02, 1.1639811E-01
7.50318E-08, 2.984353E-02, -1.151440E-02, 1.1639811E-01
7.50381E-08, 2.668196E-02, -1.056593E-02, 1.1644027E-01
7.50443E-08, 2.457425E-02, -9.61746E-03, 1.1644027E-01
7.50506E-08, 2.088575E-02, -8.56360E-03, 1.1656673E-01
7.50568E-08, 1.772419E-02, -7.50975E-03, 1.1660889E-01
7.50631E-08, 1.403569E-02, -6.35051E-03, 1.1669319E-01
7.50693E-08, 1.192798E-02, -5.40204E-03, 1.1681966E-01
7.50756E-08, 8.23948E-03, -4.24279E-03, 1.1703043E-01
7.50818E-08, 4.02406E-03, -3.29432E-03, 1.1719905E-01
7.50881E-08, 2.44328E-03, -2.24047E-03, 1.1740982E-01
7.50943E-08, -1.77215E-03, -1.39738E-03, 1.1753628E-01
7.51006E-08, -3.87986E-03, -3.4353E-04, 1.1770490E-01
7.51068E-08, -6.51450E-03, 2.8879E-04, 1.1795782E-01
7.51131E-08, -9.67606E-03, 9.2110E-04, 1.1808428E-01
7.51193E-08, -1.231070E-02, 1.23726E-03, 1.1837936E-01
7.51256E-08, -1.336456E-02, 1.76418E-03, 1.1859013E-01
7.51318E-08, -1.547227E-02, 2.08034E-03, 1.1875875E-01
7.51381E-08, -1.757998E-02, 2.18573E-03, 1.1896952E-01
7.51443E-08, -1.863384E-02, 2.08034E-03, 1.1909599E-01
7.51506E-08, -1.916077E-02, 2.08034E-03, 1.1922245E-01
7.51568E-08, -2.126848E-02, 1.76418E-03, 1.1934891E-01
7.51631E-08, -2.074155E-02, 1.55341E-03, 1.1951753E-01
7.51693E-08, -2.126848E-02, 1.13187E-03, 1.1955968E-01
7.51756E-08, -2.021462E-02, 4.9956E-04, 1.1968614E-01
7.51818E-08, -2.021462E-02, -2.3814E-04, 1.1968614E-01
7.51881E-08, -1.916077E-02, -6.5968E-04, 1.1972830E-01
7.51943E-08, -1.810691E-02, -1.39738E-03, 1.1972830E-01
7.52006E-08, -1.705305E-02, -2.34585E-03, 1.1968614E-01
7.52068E-08, -1.547227E-02, -3.08355E-03, 1.1960184E-01
7.52131E-08, -1.441841E-02, -3.71587E-03, 1.1964399E-01
7.52193E-08, -1.283763E-02, -4.45356E-03, 1.1947537E-01
7.52256E-08, -1.020299E-02, -5.29665E-03, 1.1934891E-01
7.52318E-08, -8.62221E-03, -5.92896E-03, 1.1930676E-01
7.52381E-08, -7.56835E-03, -6.56128E-03, 1.1918029E-01
7.52443E-08, -4.93371E-03, -7.19359E-03, 1.1905383E-01
7.52506E-08, -3.35293E-03, -7.50975E-03, 1.1896952E-01
7.52568E-08, -7.1829E-04, -8.03667E-03, 1.1880091E-01
7.52631E-08, 1.91635E-03, -8.45822E-03, 1.1871660E-01
7.52693E-08, 2.97021E-03, -8.87976E-03, 1.1859013E-01
7.52756E-08, 5.07792E-03, -8.98515E-03, 1.1850583E-01
7.52818E-08, 7.18563E-03, -9.19592E-03, 1.1842152E-01
7.52881E-08, 8.76641E-03, -9.19592E-03, 1.1837936E-01
7.52943E-08, 1.034720E-02, -9.30130E-03, 1.1833721E-01
7.53006E-08, 1.298183E-02, -9.30130E-03, 1.1825290E-01
7.53068E-08, 1.456262E-02, -9.30130E-03, 1.1825290E-01
7.53131E-08, 1.667033E-02, -9.09053E-03, 1.1821075E-01
7.53193E-08, 1.772419E-02, -8.98515E-03, 1.1825290E-01
7.53256E-08, 1.930497E-02, -8.66899E-03, 1.1833721E-01
7.53318E-08, 1.930497E-02, -8.56360E-03, 1.1833721E-01
7.53381E-08, 2.088575E-02, -8.14206E-03, 1.1846367E-01
7.53443E-08, 2.246654E-02, -7.93129E-03, 1.1850583E-01
7.53506E-08, 2.352039E-02, -7.61513E-03, 1.1859013E-01
7.53568E-08, 2.510118E-02, -7.19359E-03, 1.1863229E-01
7.53631E-08, 2.510118E-02, -6.87743E-03, 1.1880091E-01
7.53693E-08, 2.510118E-02, -6.56128E-03, 1.1896952E-01
7.53756E-08, 2.510118E-02, -6.24512E-03, 1.1905383E-01
7.53818E-08, 2.562810E-02, -5.92896E-03, 1.1918029E-01
7.53881E-08, 2.457425E-02, -5.50742E-03, 1.1913814E-01
7.53943E-08, 2.352039E-02, -5.29665E-03, 1.1922245E-01
7.54006E-08, 2.299346E-02, -4.87511E-03, 1.1943322E-01
7.54068E-08, 2.088575E-02, -4.66434E-03, 1.1943322E-01
7.54131E-08, 2.088575E-02, -4.13741E-03, 1.1947537E-01
7.54193E-08, 1.772419E-02, -3.82125E-03, 1.1951753E-01
7.54256E-08, 1.614340E-02, -3.61048E-03, 1.1951753E-01
7.54318E-08, 1.456262E-02, -3.18894E-03, 1.1951753E-01
7.54381E-08, 1.087412E-02, -2.97817E-03, 1.1955968E-01
7.54443E-08, 8.76641E-03, -2.66201E-03, 1.1947537E-01
7.54506E-08, 5.60485E-03, -2.34585E-03, 1.1939106E-01
7.54568E-08, 2.97021E-03, -2.13508E-03, 1.1930676E-01
7.54631E-08, 3.3557E-04, -1.81893E-03, 1.1913814E-01
7.54693E-08, -2.29907E-03, -1.50277E-03, 1.1913814E-01
7.54756E-08, -4.93371E-03, -1.29200E-03, 1.1896952E-01
7.54818E-08, -8.62221E-03, -1.18661E-03, 1.1880091E-01
7.54881E-08, -1.072992E-02, -9.7584E-04, 1.1854798E-01
7.54943E-08, -1.336456E-02, -9.7584E-04, 1.1829505E-01
7.55006E-08, -1.599920E-02, -6.5968E-04, 1.1812644E-01
7.55068E-08, -1.757998E-02, -7.6507E-04, 1.1787351E-01
7.55131E-08, -1.757998E-02, -5.5430E-04, 1.1774705E-01
7.55193E-08, -2.021462E-02, -7.6507E-04, 1.1749412E-01
7.55256E-08, -2.126848E-02, -7.6507E-04, 1.1724120E-01
7.55318E-08, -2.126848E-02, -9.7584E-04, 1.1694612E-01
7.55381E-08, -2.126848E-02, -9.7584E-04, 1.1677750E-01
7.55443E-08, -2.074155E-02, -1.29200E-03, 1.1660889E-01
7.55506E-08, -2.021462E-02, -1.60815E-03, 1.1631381E-01
7.55568E-08, -1.916077E-02, -1.81893E-03, 1.1614519E-01
7.55631E-08, -1.705305E-02, -2.24047E-03, 1.1589226E-01
7.55693E-08, -1.494534E-02, -2.87278E-03, 1.1572365E-01
7.55756E-08, -1.125685E-02, -3.18894E-03, 1.1555503E-01
7.55818E-08, -8.62221E-03, -4.03202E-03, 1.1538641E-01
7.55881E-08, -4.40678E-03, -4.34818E-03, 1.1521780E-01
7.55943E-08, -7.1829E-04, -5.08588E-03, 1.1509133E-01
7.56006E-08, 2.44328E-03, -5.61281E-03, 1.1500703E-01
7.56068E-08, 7.18563E-03, -6.13973E-03, 1.1492272E-01
7.56131E-08, 1.140105E-02, -6.66666E-03, 1.1483841E-01
7.56193E-08, 1.614340E-02, -7.50975E-03, 1.1483841E-01
7.56256E-08, 2.088575E-02, -8.03667E-03, 1.1471195E-01
7.56318E-08, 2.510118E-02, -8.35283E-03, 1.1475410E-01
7.56381E-08, 3.037046E-02, -8.87976E-03, 1.1471195E-01
7.56443E-08, 3.405895E-02, -9.19592E-03, 1.1471195E-01
7.56506E-08, 3.932823E-02, -9.51207E-03, 1.1471195E-01
7.56568E-08, 4.143594E-02, -9.72284E-03, 1.1471195E-01
7.56631E-08, 4.565137E-02, -9.61746E-03, 1.1475410E-01
7.56693E-08, 4.775907E-02, -9.82823E-03, 1.1488056E-01
7.56756E-08, 5.092064E-02, -9.61746E-03, 1.1496487E-01
7.56818E-08, 5.144757E-02, -9.40669E-03, 1.1488056E-01
7.56881E-08, 5.408221E-02, -8.87976E-03, 1.1492272E-01
7.56943E-08, 5.355528E-02, -8.66899E-03, 1.1500703E-01
7.57006E-08, 5.408221E-02, -7.72052E-03, 1.1513349E-01
7.57068E-08, 5.302835E-02, -7.29898E-03, 1.1509133E-01
7.57131E-08, 5.250143E-02, -6.35051E-03, 1.1513349E-01
7.57193E-08, 5.039372E-02, -5.50742E-03, 1.1509133E-01
7.57256E-08, 4.881293E-02, -4.66434E-03, 1.1517564E-01
7.57318E-08, 4.512443E-02, -3.71587E-03, 1.1513349E-01
7.57381E-08, 4.143594E-02, -2.87278E-03, 1.1517564E-01
7.57443E-08, 3.774745E-02, -1.60815E-03, 1.1509133E-01
7.57506E-08, 3.511281E-02, -5.5430E-04, 1.1504918E-01
7.57568E-08, 2.931660E-02, 4.9956E-04, 1.1513349E-01
7.57631E-08, 2.510118E-02, 1.55341E-03, 1.1500703E-01
7.57693E-08, 2.035883E-02, 2.50188E-03, 1.1504918E-01
7.57756E-08, 1.508955E-02, 3.23958E-03, 1.1496487E-01
7.57818E-08, 9.82027E-03, 4.08267E-03, 1.1496487E-01
7.57881E-08, 5.07792E-03, 4.92575E-03, 1.1492272E-01
7.57943E-08, 3.3557E-04, 5.66345E-03, 1.1488056E-01
7.58006E-08, -4.93371E-03, 6.29576E-03, 1.1488056E-01
7.58068E-08, -9.14914E-03, 6.71731E-03, 1.1483841E-01
7.58131E-08, -1.336456E-02, 7.13885E-03, 1.1475410E-01
7.58193E-08, -1.757998E-02, 7.24423E-03, 1.1483841E-01
7.58256E-08, -1.968769E-02, 7.45500E-03, 1.1479625E-01
7.58318E-08, -2.337619E-02, 7.56039E-03, 1.1475410E-01
7.58381E-08, -2.548390E-02, 7.34962E-03, 1.1479625E-01
7.58443E-08, -2.706468E-02, 7.03346E-03, 1.1483841E-01
7.58506E-08, -2.811854E-02, 6.82269E-03, 1.1488056E-01
7.58568E-08, -2.811854E-02, 6.50653E-03, 1.1488056E-01
7.58631E-08, -2.811854E-02, 6.29576E-03, 1.1492272E-01
7.58693E-08, -2.759161E-02, 5.76884E-03, 1.1504918E-01
7.58756E-08, -2.601083E-02, 5.34729E-03, 1.1504918E-01
7.58818E-08, -2.443004E-02, 4.71498E-03, 1.1513349E-01
7.58881E-08, -2.232233E-02, 4.18805E-03, 1.1513349E-01
7.58943E-08, -1.916077E-02, 3.87190E-03, 1.1521780E-01
7.59006E-08, -1.547227E-02, 3.23958E-03, 1.1534426E-01
7.59068E-08, -1.178377E-02, 2.92343E-03, 1.1538641E-01
7.59131E-08, -8.62221E-03, 2.81804E-03, 1.1551288E-01
7.59193E-08, -4.40678E-03, 2.39650E-03, 1.1551288E-01
7.59256E-08, -1.9136E-04, 2.39650E-03, 1.1555503E-01
7.59318E-08, 4.02406E-03, 2.39650E-03, 1.1559718E-01
7.59381E-08, 8.76641E-03, 2.39650E-03, 1.1568149E-01
7.59443E-08, 1.245491E-02, 2.39650E-03, 1.1572365E-01
7.59506E-08, 1.719726E-02, 2.81804E-03, 1.1568149E-01
7.59568E-08, 2.141268E-02, 2.92343E-03, 1.1568149E-01
7.59631E-08, 2.457425E-02, 3.34497E-03, 1.1572365E-01
7.59693E-08, 2.668196E-02, 3.76651E-03, 1.1563934E-01
7.59756E-08, 2.931660E-02, 4.18805E-03, 1.1559718E-01
7.59818E-08, 3.142431E-02, 4.60959E-03, 1.1555503E-01
7.59881E-08, 3.300510E-02, 5.34729E-03, 1.1538641E-01
7.59943E-08, 3.458588E-02, 5.87422E-03, 1.1530210E-01
7.60006E-08, 3.353202E-02, 6.40115E-03, 1.1521780E-01
7.60068E-08, 3.353202E-02, 7.13885E-03, 1.1509133E-01
7.60131E-08, 3.300510E-02, 7.56039E-03, 1.1500703E-01
7.60193E-08, 3.142431E-02, 7.98193E-03, 1.1488056E-01
7.60256E-08, 2.984353E-02, 8.50886E-03, 1.1479625E-01
7.60318E-08, 2.668196E-02, 8.93040E-03, 1.1466979E-01
7.60381E-08, 2.299346E-02, 9.24656E-03, 1.1454333E-01
7.60443E-08, 2.035883E-02, 9.45733E-03, 1.1441687E-01
7.60506E-08, 1.667033E-02, 9.56272E-03, 1.1429040E-01
7.60568E-08, 1.245491E-02, 9.56272E-03, 1.1429040E-01
7.60631E-08, 7.18563E-03, 9.45733E-03, 1.1416394E-01
7.60693E-08, 2.44328E-03, 9.24656E-03, 1.1416394E-01
7.60756E-08, -2.29907E-03, 9.03579E-03, 1.1407963E-01
7.60818E-08, -7.56835E-03, 8.61425E-03, 1.1416394E-01
7.60881E-08, -1.231070E-02, 8.29809E-03, 1.1407963E-01
7.60943E-08, -1.757998E-02, 7.45500E-03, 1.1416394E-01
7.61006E-08, -2.284926E-02, 6.92808E-03, 1.1429040E-01
7.61068E-08, -2.706468E-02, 6.29576E-03, 1.1433256E-01
7.61131E-08, -3.022625E-02, 5.34729E-03, 1.1441687E-01
7.61193E-08, -3.496860E-02, 4.50421E-03, 1.1458548E-01
7.61256E-08, -3.760324E-02, 3.66112E-03, 1.1466979E-01
7.61318E-08, -4.129174E-02, 2.71265E-03, 1.1488056E-01
7.61381E-08, -4.392638E-02, 1.76418E-03, 1.1500703E-01
7.61443E-08, -4.550716E-02, 1.13187E-03, 1.1521780E-01
7.61506E-08, -4.708794E-02, -2.737E-05, 1.1534426E-01
7.61568E-08, -4.761487E-02, -7.6507E-04, 1.1555503E-01
7.61631E-08, -4.814180E-02, -1.60815E-03, 1.1576580E-01
7.61693E-08, -4.814180E-02, -2.45124E-03, 1.1597657E-01
7.61756E-08, -4.708794E-02, -3.18894E-03, 1.1610304E-01
7.61818E-08, -4.708794E-02, -3.82125E-03, 1.1627165E-01
7.61881E-08, -4.445330E-02, -4.34818E-03, 1.1639811E-01
7.61943E-08, -4.287252E-02, -5.08588E-03, 1.1652458E-01
7.62006E-08, -4.023788E-02, -5.61281E-03, 1.1660889E-01
7.62068E-08, -3.654939E-02, -6.24512E-03, 1.1665104E-01
7.62131E-08, -3.496860E-02, -6.66666E-03, 1.1665104E-01
7.62193E-08, -3.180704E-02, -6.98282E-03, 1.1660889E-01
7.62256E-08, -2.811854E-02, -7.40436E-03, 1.1660889E-01
7.62318E-08, -2.495697E-02, -7.82590E-03, 1.1648242E-01
7.62381E-08, -2.126848E-02, -8.14206E-03, 1.1635596E-01
7.62443E-08, -1.810691E-02, -8.35283E-03, 1.1622950E-01
7.62506E-08, -1.494534E-02, -8.56360E-03, 1.1597657E-01
7.62568E-08, -1.178377E-02, -8.87976E-03, 1.1576580E-01
7.62631E-08, -8.09528E-03, -9.09053E-03, 1.1555503E-01
7.62693E-08, -5.46064E-03, -9.30130E-03, 1.1525995E-01
7.62756E-08, -2.29907E-03, -9.51207E-03, 1.1496487E-01
7.62818E-08, -1.9136E-04, -9.72284E-03, 1.1458548E-01
7.62881E-08, 2.97021E-03, -9.93362E-03, 1.1429040E-01
7.62943E-08, 4.55099E-03, -1.003900E-02, 1.1391102E-01
7.63006E-08, 6.13177E-03, -1.035516E-02, 1.1361594E-01
7.63068E-08, 7.71256E-03, -1.046054E-02, 1.1323655E-01
7.63131E-08, 1.034720E-02, -1.056593E-02, 1.1281501E-01
7.63193E-08, 1.034720E-02, -1.067131E-02, 1.1251993E-01
7.63256E-08, 1.192798E-02, -1.077670E-02, 1.1222485E-01
7.63318E-08, 1.403569E-02, -1.098747E-02, 1.1192977E-01
7.63381E-08, 1.456262E-02, -1.088209E-02, 1.1163469E-01
7.63443E-08, 1.561647E-02, -1.088209E-02, 1.1142392E-01
7.63506E-08, 1.667033E-02, -1.077670E-02, 1.1117099E-01
7.63568E-08, 1.667033E-02, -1.088209E-02, 1.1108668E-01
7.63631E-08, 1.825111E-02, -1.046054E-02, 1.1100237E-01
7.63693E-08, 1.877804E-02, -1.024977E-02, 1.1087591E-01
7.63756E-08, 2.088575E-02, -9.82823E-03, 1.1087591E-01
7.63818E-08, 2.088575E-02, -9.40669E-03, 1.1087591E-01
7.63881E-08, 2.299346E-02, -8.77437E-03, 1.1087591E-01
7.63943E-08, 2.404732E-02, -8.45822E-03, 1.1100237E-01
7.64006E-08, 2.510118E-02, -7.61513E-03, 1.1108668E-01
7.64068E-08, 2.615503E-02, -6.87743E-03, 1.1125530E-01
7.64131E-08, 2.826274E-02, -6.24512E-03, 1.1142392E-01
7.64193E-08, 2.931660E-02, -5.29665E-03, 1.1163469E-01
7.64256E-08, 3.089738E-02, -4.45356E-03, 1.1192977E-01
7.64318E-08, 3.300510E-02, -3.71587E-03, 1.1222485E-01
7.64381E-08, 3.511281E-02, -2.87278E-03, 1.1243562E-01
7.64443E-08, 3.616666E-02, -1.71354E-03, 1.1273070E-01
7.64506E-08, 3.827437E-02, -8.7046E-04, 1.1306793E-01
7.64568E-08, 3.880130E-02, 1.8340E-04, 1.1327870E-01
7.64631E-08, 4.143594E-02, 1.13187E-03, 1.1361594E-01
7.64693E-08, 4.248980E-02, 1.97495E-03, 1.1382671E-01
7.64756E-08, 4.354365E-02, 2.92343E-03, 1.1412179E-01
7.64818E-08, 4.407058E-02, 3.66112E-03, 1.1433256E-01
7.64881E-08, 4.512443E-02, 4.39882E-03, 1.1445902E-01
7.64943E-08, 4.407058E-02, 4.82037E-03, 1.1471195E-01
7.65006E-08, 4.407058E-02, 5.45268E-03, 1.1483841E-01
7.65068E-08, 4.407058E-02, 5.76884E-03, 1.1492272E-01
7.65131E-08, 4.407058E-02, 6.08499E-03, 1.1500703E-01
7.65193E-08, 4.354365E-02, 6.19038E-03, 1.1509133E-01
7.65256E-08, 4.196287E-02, 6.40115E-03, 1.1504918E-01
7.65318E-08, 4.038208E-02, 6.40115E-03, 1.1504918E-01
7.65381E-08, 3.985516E-02, 6.08499E-03, 1.1504918E-01
7.65443E-08, 3.774745E-02, 5.87422E-03, 1.1496487E-01
7.65506E-08, 3.669359E-02, 5.34729E-03, 1.1483841E-01
7.65568E-08, 3.511281E-02, 4.92575E-03, 1.1475410E-01
7.65631E-08, 3.353202E-02, 4.50421E-03, 1.1458548E-01
7.65693E-08, 3.089738E-02, 3.66112E-03, 1.1450117E-01
7.65756E-08, 2.931660E-02, 3.02881E-03, 1.1437471E-01
7.65818E-08, 2.668196E-02, 2.29111E-03, 1.1424825E-01
7.65881E-08, 2.510118E-02, 1.23726E-03, 1.1403748E-01
7.65943E-08, 2.299346E-02, 2.8879E-04, 1.1395317E-01
7.66006E-08, 2.246654E-02, -5.5430E-04, 1.1378455E-01
7.66068E-08, 2.035883E-02, -1.50277E-03, 1.1361594E-01
7.66131E-08, 1.877804E-02, -2.34585E-03, 1.1353163E-01
7.66193E-08, 1.772419E-02, -3.39971E-03, 1.1340516E-01
7.66256E-08, 1.561647E-02, -4.13741E-03, 1.1336301E-01
7.66318E-08, 1.403569E-02, -4.66434E-03, 1.1332086E-01
7.66381E-08, 1.403569E-02, -5.61281E-03, 1.1327870E-01
7.66443E-08, 1.350876E-02, -6.35051E-03, 1.1327870E-01
7.66506E-08, 1.350876E-02, -6.87743E-03, 1.1327870E-01
7.66568E-08, 1.245491E-02, -7.50975E-03, 1.1332086E-01
7.66631E-08, 1.298183E-02, -8.03667E-03, 1.1332086E-01
7.66693E-08, 1.245491E-02, -8.56360E-03, 1.1344732E-01
7.66756E-08, 1.245491E-02, -8.77437E-03, 1.1353163E-01
7.66818E-08, 1.245491E-02, -8.98515E-03, 1.1361594E-01
7.66881E-08, 1.245491E-02, -9.19592E-03, 1.1374240E-01
7.66943E-08, 1.192798E-02, -9.61746E-03, 1.1391102E-01
7.67006E-08, 1.245491E-02, -9.61746E-03, 1.1403748E-01
7.67068E-08, 1.245491E-02, -9.72284E-03, 1.1420610E-01
7.67131E-08, 1.245491E-02, -9.72284E-03, 1.1429040E-01
7.67193E-08, 1.192798E-02, -9.72284E-03, 1.1441687E-01
7.67256E-08, 1.140105E-02, -9.72284E-03, 1.1458548E-01
7.67318E-08, 1.034720E-02, -9.51207E-03, 1.1471195E-01
7.67381E-08, 9.82027E-03, -9.51207E-03, 1.1479625E-01
7.67443E-08, 9.29334E-03, -9.30130E-03, 1.1488056E-01
7.67506E-08, 7.18563E-03, -9.30130E-03, 1.1492272E-01
7.67568E-08, 6.13177E-03, -9.30130E-03, 1.1500703E-01
7.67631E-08, 3.49713E-03, -8.98515E-03, 1.1504918E-01
7.67693E-08, 2.44328E-03, -9.09053E-03, 1.1500703E-01
7.67756E-08, -1.9136E-04, -9.09053E-03, 1.1504918E-01
7.67818E-08, -3.35293E-03, -9.09053E-03, 1.1500703E-01
7.67881E-08, -4.40678E-03, -8.87976E-03, 1.1492272E-01
7.67943E-08, -7.56835E-03, -8.87976E-03, 1.1483841E-01
7.68006E-08, -1.125685E-02, -8.98515E-03, 1.1471195E-01
7.68068E-08, -1.389149E-02, -8.87976E-03, 1.1458548E-01
7.68131E-08, -1.705305E-02, -8.98515E-03, 1.1433256E-01
7.68193E-08, -1.968769E-02, -8.98515E-03, 1.1416394E-01
7.68256E-08, -2.284926E-02, -8.87976E-03, 1.1403748E-01
7.68318E-08, -2.653776E-02, -9.09053E-03, 1.1386886E-01
7.68381E-08, -2.969932E-02, -9.19592E-03, 1.1353163E-01
7.68443E-08, -3.233396E-02, -8.98515E-03, 1.1336301E-01
7.68506E-08, -3.549553E-02, -8.77437E-03, 1.1311009E-01
7.68568E-08, -3.918403E-02, -8.66899E-03, 1.1289931E-01
7.68631E-08, -4.129174E-02, -8.56360E-03, 1.1264639E-01
7.68693E-08, -4.392638E-02, -8.24745E-03, 1.1239346E-01
7.68756E-08, -4.761487E-02, -8.03667E-03, 1.1222485E-01
7.68818E-08, -4.919565E-02, -7.82590E-03, 1.1188761E-01
7.68881E-08, -5.077644E-02, -7.29898E-03, 1.1176115E-01
7.68943E-08, -5.288415E-02, -7.08820E-03, 1.1155038E-01
7.69006E-08, -5.499186E-02, -6.66666E-03, 1.1138176E-01
7.69068E-08, -5.604572E-02, -6.03435E-03, 1.1121315E-01
7.69131E-08, -5.551879E-02, -5.61281E-03, 1.1100237E-01
7.69193E-08, -5.709957E-02, -5.19126E-03, 1.1091807E-01
7.69256E-08, -5.604572E-02, -4.45356E-03, 1.1079160E-01
7.69318E-08, -5.604572E-02, -4.24279E-03, 1.1079160E-01
7.69381E-08, -5.551879E-02, -3.61048E-03, 1.1074945E-01
7.69443E-08, -5.446493E-02, -2.97817E-03, 1.1074945E-01
7.69506E-08, -5.183030E-02, -2.24047E-03, 1.1066514E-01
7.69568E-08, -5.024951E-02, -2.02970E-03, 1.1070729E-01
7.69631E-08, -4.814180E-02, -1.29200E-03, 1.1083376E-01
7.69693E-08, -4.603409E-02, -9.7584E-04, 1.1091807E-01
7.69756E-08, -4.339945E-02, -6.5968E-04, 1.1100237E-01
7.69818E-08, -4.023788E-02, -2.3814E-04, 1.1104453E-01
7.69881E-08, -3.654939E-02, 7.801E-05, 1.1117099E-01
7.69943E-08, -3.338782E-02, 3.9417E-04, 1.1138176E-01
7.70006E-08, -2.917239E-02, 4.9956E-04, 1.1146607E-01
7.70068E-08, -2.548390E-02, 7.1033E-04, 1.1159253E-01
7.70131E-08, -2.074155E-02, 8.1571E-04, 1.1180330E-01
7.70193E-08, -1.705305E-02, 6.0494E-04, 1.1192977E-01
7.70256E-08, -1.336456E-02, 7.1033E-04, 1.1214054E-01
7.70318E-08, -9.67606E-03, 7.1033E-04, 1.1222485E-01
7.70381E-08, -4.93371E-03, 3.9417E-04, 1.1239346E-01
7.70443E-08, -2.29907E-03, 2.8879E-04, 1.1256208E-01
7.70506E-08, 8.6249E-04, 1.8340E-04, 1.1268854E-01
7.70568E-08, 4.55099E-03, -2.3814E-04, 1.1268854E-01
7.70631E-08, 7.71256E-03, -3.4353E-04, 1.1273070E-01
7.70693E-08, 9.82027E-03, -7.6507E-04, 1.1285716E-01
7.70756E-08, 1.192798E-02, -1.08123E-03, 1.1285716E-01
7.70818E-08, 1.298183E-02, -1.39738E-03, 1.1285716E-01
7.70881E-08, 1.456262E-02, -1.50277E-03, 1.1277285E-01
7.70943E-08, 1.456262E-02, -1.81893E-03, 1.1268854E-01
7.71006E-08, 1.508955E-02, -1.81893E-03, 1.1268854E-01
7.71068E-08, 1.561647E-02, -2.13508E-03, 1.1247777E-01
7.71131E-08, 1.456262E-02, -2.34585E-03, 1.1239346E-01
7.71193E-08, 1.245491E-02, -2.34585E-03, 1.1230916E-01
7.71256E-08, 1.034720E-02, -2.34585E-03, 1.1214054E-01
7.71318E-08, 8.23948E-03, -2.76740E-03, 1.1188761E-01
7.71381E-08, 5.60485E-03, -2.76740E-03, 1.1167684E-01
7.71443E-08, 3.49713E-03, -2.66201E-03, 1.1150822E-01
7.71506E-08, 8.6249E-04, -2.66201E-03, 1.1125530E-01
7.71568E-08, -2.82600E-03, -2.76740E-03, 1.1104453E-01
7.71631E-08, -5.46064E-03, -2.87278E-03, 1.1083376E-01
7.71693E-08, -8.62221E-03, -2.97817E-03, 1.1070729E-01
7.71756E-08, -1.125685E-02, -3.08355E-03, 1.1045437E-01
7.71818E-08, -1.494534E-02, -2.97817E-03, 1.1032791E-01
7.71881E-08, -1.705305E-02, -3.29432E-03, 1.1007498E-01
7.71943E-08, -2.021462E-02, -3.61048E-03, 1.0999067E-01
7.72006E-08, -2.232233E-02, -3.71587E-03, 1.0982206E-01
7.72068E-08, -2.390312E-02, -3.92664E-03, 1.0973775E-01
7.72131E-08, -2.495697E-02, -4.24279E-03, 1.0961128E-01
7.72193E-08, -2.653776E-02, -4.66434E-03, 1.0944267E-01
7.72256E-08, -2.706468E-02, -4.98049E-03, 1.0944267E-01
7.72318E-08, -2.759161E-02, -5.40204E-03, 1.0952698E-01
7.72381E-08, -2.653776E-02, -5.82358E-03, 1.0948482E-01
7.72443E-08, -2.601083E-02, -6.45589E-03, 1.0952698E-01
7.72506E-08, -2.390312E-02, -7.08820E-03, 1.0956913E-01
7.72568E-08, -2.232233E-02, -7.82590E-03, 1.0961128E-01
7.72631E-08, -2.021462E-02, -8.35283E-03, 1.0969559E-01
7.72693E-08, -1.810691E-02, -8.98515E-03, 1.0969559E-01
7.72756E-08, -1.441841E-02, -9.82823E-03, 1.0986421E-01
7.72818E-08, -1.231070E-02, -1.067131E-02, 1.0986421E-01
7.72881E-08, -8.62221E-03, -1.109286E-02, 1.0994852E-01
7.72943E-08, -5.98757E-03, -1.172517E-02, 1.1007498E-01
7.73006E-08, -2.29907E-03, -1.246287E-02, 1.1011714E-01
7.73068E-08, 8.6249E-04, -1.298980E-02, 1.1015929E-01
7.73131E-08, 4.02406E-03, -1.383288E-02, 1.1020144E-01
7.73193E-08, 7.18563E-03, -1.404365E-02, 1.1020144E-01
7.73256E-08, 9.82027E-03, -1.446519E-02, 1.1015929E-01
7.73318E-08, 1.192798E-02, -1.499212E-02, 1.1024360E-01
7.73381E-08, 1.350876E-02, -1.530828E-02, 1.1020144E-01
7.73443E-08, 1.561647E-02, -1.562444E-02, 1.1011714E-01
7.73506E-08, 1.667033E-02, -1.583521E-02, 1.1007498E-01
7.73568E-08, 1.772419E-02, -1.583521E-02, 1.0994852E-01
7.73631E-08, 1.825111E-02, -1.594059E-02, 1.0982206E-01
7.73693E-08, 1.772419E-02, -1.604598E-02, 1.0973775E-01
7.73756E-08, 1.719726E-02, -1.594059E-02, 1.0956913E-01
7.73818E-08, 1.667033E-02, -1.594059E-02, 1.0952698E-01
7.73881E-08, 1.614340E-02, -1.562444E-02, 1.0927405E-01
7.73943E-08, 1.403569E-02, -1.572982E-02, 1.0918974E-01
7.74006E-08, 1.245491E-02, -1.551905E-02, 1.0902113E-01
7.74068E-08, 9.82027E-03, -1.509751E-02, 1.0893682E-01
7.74131E-08, 8.76641E-03, -1.467597E-02, 1.0885251E-01
7.74193E-08, 5.60485E-03, -1.446519E-02, 1.0876820E-01
7.74256E-08, 4.02406E-03, -1.404365E-02, 1.0868389E-01
7.74318E-08, 8.6249E-04, -1.383288E-02, 1.0864174E-01
7.74381E-08, -1.24522E-03, -1.341134E-02, 1.0868389E-01
7.74443E-08, -2.82600E-03, -1.298980E-02, 1.0868389E-01
7.74506E-08, -4.93371E-03, -1.267364E-02, 1.0881035E-01
7.74568E-08, -7.04142E-03, -1.214671E-02, 1.0889466E-01
7.74631E-08, -8.09528E-03, -1.161978E-02, 1.0910543E-01
7.74693E-08, -9.67606E-03, -1.140901E-02, 1.0927405E-01
7.74756E-08, -1.020299E-02, -1.077670E-02, 1.0948482E-01
7.74818E-08, -1.178377E-02, -1.035516E-02, 1.0965344E-01
7.74881E-08, -1.125685E-02, -9.72284E-03, 1.0994852E-01
7.74943E-08, -1.283763E-02, -9.40669E-03, 1.1020144E-01
7.75006E-08, -1.231070E-02, -8.87976E-03, 1.1045437E-01
7.75068E-08, -1.231070E-02, -8.14206E-03, 1.1079160E-01
7.75131E-08, -1.178377E-02, -7.29898E-03, 1.1104453E-01
7.75193E-08, -1.125685E-02, -6.77205E-03, 1.1133961E-01
7.75256E-08, -1.072992E-02, -5.92896E-03, 1.1155038E-01
7.75318E-08, -9.67606E-03, -5.29665E-03, 1.1184546E-01
7.75381E-08, -9.14914E-03, -4.45356E-03, 1.1197192E-01
7.75443E-08, -9.14914E-03, -3.61048E-03, 1.1209838E-01
7.75506E-08, -8.62221E-03, -2.66201E-03, 1.1222485E-01
7.75568E-08, -8.09528E-03, -1.71354E-03, 1.1239346E-01
7.75631E-08, -7.56835E-03, -7.6507E-04, 1.1239346E-01
7.75693E-08, -8.62221E-03, 7.801E-05, 1.1239346E-01
7.75756E-08, -8.62221E-03, 1.13187E-03, 1.1235131E-01
7.75818E-08, -9.67606E-03, 2.18573E-03, 1.1222485E-01
7.75881E-08, -9.67606E-03, 3.23958E-03, 1.1197192E-01
7.75943E-08, -1.072992E-02, 4.08267E-03, 1.1176115E-01
7.76006E-08, -1.231070E-02, 5.03114E-03, 1.1142392E-01
7.76068E-08, -1.336456E-02, 5.97961E-03, 1.1104453E-01
7.76131E-08, -1.441841E-02, 6.71731E-03, 1.1074945E-01
7.76193E-08, -1.757998E-02, 7.45500E-03, 1.1028575E-01
7.76256E-08, -1.810691E-02, 8.29809E-03, 1.0990636E-01
7.76318E-08, -2.126848E-02, 8.82502E-03, 1.0948482E-01
7.76381E-08, -2.284926E-02, 9.35195E-03, 1.0893682E-01
7.76443E-08, -2.495697E-02, 9.98426E-03, 1.0847312E-01
7.76506E-08, -2.759161E-02, 1.030042E-02, 1.0805158E-01
7.76568E-08, -2.864547E-02, 1.061657E-02, 1.0758788E-01
7.76631E-08, -3.075318E-02, 1.082734E-02, 1.0720849E-01
7.76693E-08, -3.180704E-02, 1.093273E-02, 1.0678695E-01
7.76756E-08, -3.338782E-02, 1.103811E-02, 1.0644972E-01
7.76818E-08, -3.286089E-02, 1.082734E-02, 1.0611248E-01
7.76881E-08, -3.338782E-02, 1.072196E-02, 1.0581740E-01
7.76943E-08, -3.391474E-02, 1.030042E-02, 1.0560663E-01
7.77006E-08, -3.338782E-02, 9.98426E-03, 1.0552233E-01
7.77068E-08, -3.233396E-02, 9.56272E-03, 1.0543802E-01
7.77131E-08, -3.075318E-02, 9.24656E-03, 1.0543802E-01
7.77193E-08, -2.917239E-02, 8.40348E-03, 1.0556448E-01
7.77256E-08, -2.706468E-02, 7.87655E-03, 1.0569094E-01
7.77318E-08, -2.548390E-02, 7.13885E-03, 1.0581740E-01
7.77381E-08, -2.179541E-02, 6.50653E-03, 1.0607033E-01
7.77443E-08, -1.968769E-02, 5.66345E-03, 1.0636541E-01
7.77506E-08, -1.599920E-02, 5.03114E-03, 1.0670264E-01
7.77568E-08, -1.178377E-02, 4.29344E-03, 1.0712419E-01
7.77631E-08, -8.62221E-03, 3.55574E-03, 1.0754573E-01
7.77693E-08, -4.93371E-03, 2.92343E-03, 1.0792512E-01
7.77756E-08, -1.77215E-03, 2.08034E-03, 1.0834666E-01
7.77818E-08, 1.38942E-03, 1.44803E-03, 1.0885251E-01
7.77881E-08, 5.60485E-03, 9.2110E-04, 1.0923190E-01
7.77943E-08, 8.23948E-03, 2.8879E-04, 1.0961128E-01
7.78006E-08, 1.245491E-02, -3.4353E-04, 1.1007498E-01
7.78068E-08, 1.561647E-02, -9.7584E-04, 1.1041222E-01
7.78131E-08, 1.877804E-02, -1.39738E-03, 1.1079160E-01
7.78193E-08, 2.088575E-02, -1.81893E-03, 1.1112884E-01
7.78256E-08, 2.299346E-02, -2.45124E-03, 1.1133961E-01
7.78318E-08, 2.457425E-02, -2.97817E-03, 1.1163469E-01
7.78381E-08, 2.562810E-02, -3.39971E-03, 1.1188761E-01
7.78443E-08, 2.720889E-02, -3.61048E-03, 1.1197192E-01
7.78506E-08, 2.668196E-02, -3.92664E-03, 1.1201408E-01
7.78568E-08, 2.773582E-02, -4.45356E-03, 1.1209838E-01
7.78631E-08, 2.773582E-02, -4.76972E-03, 1.1205623E-01
7.78693E-08, 2.720889E-02, -5.08588E-03, 1.1201408E-01
7.78756E-08, 2.773582E-02, -5.29665E-03, 1.1192977E-01
7.78818E-08, 2.668196E-02, -5.50742E-03, 1.1184546E-01
7.78881E-08, 2.615503E-02, -5.92896E-03, 1.1163469E-01
7.78943E-08, 2.457425E-02, -6.03435E-03, 1.1155038E-01
7.79006E-08, 2.352039E-02, -6.24512E-03, 1.1138176E-01
7.79068E-08, 2.299346E-02, -6.45589E-03, 1.1108668E-01
7.79131E-08, 2.141268E-02, -6.56128E-03, 1.1087591E-01
7.79193E-08, 2.088575E-02, -6.77205E-03, 1.1066514E-01
7.79256E-08, 1.983190E-02, -6.77205E-03, 1.1049652E-01
7.79318E-08, 1.877804E-02, -6.98282E-03, 1.1032791E-01
7.79381E-08, 1.772419E-02, -7.19359E-03, 1.1015929E-01
7.79443E-08, 1.772419E-02, -6.87743E-03, 1.0999067E-01
7.79506E-08, 1.772419E-02, -6.98282E-03, 1.0982206E-01
7.79568E-08, 1.667033E-02, -6.77205E-03, 1.0977990E-01
7.79631E-08, 1.667033E-02, -6.77205E-03, 1.0956913E-01
7.79693E-08, 1.614340E-02, -6.66666E-03, 1.0948482E-01
7.79756E-08, 1.614340E-02, -6.35051E-03, 1.0948482E-01
7.79818E-08, 1.667033E-02, -6.24512E-03, 1.0931621E-01
7.79881E-08, 1.719726E-02, -6.24512E-03, 1.0931621E-01
7.79943E-08, 1.667033E-02, -5.82358E-03, 1.0927405E-01
7.80006E-08, 1.719726E-02, -5.71819E-03, 1.0931621E-01
7.80068E-08, 1.825111E-02, -5.50742E-03, 1.0918974E-01
7.80131E-08, 1.825111E-02, -4.98049E-03, 1.0918974E-01
7.80193E-08, 1.877804E-02, -4.76972E-03, 1.0923190E-01
7.80256E-08, 1.983190E-02, -4.66434E-03, 1.0906328E-01
7.80318E-08, 1.930497E-02, -4.45356E-03, 1.0902113E-01
7.80381E-08, 1.930497E-02, -4.13741E-03, 1.0893682E-01
7.80443E-08, 1.877804E-02, -3.92664E-03, 1.0889466E-01
7.80506E-08, 1.930497E-02, -3.71587E-03, 1.0872605E-01
7.80568E-08, 1.983190E-02, -3.61048E-03, 1.0855743E-01
7.80631E-08, 1.930497E-02, -3.50509E-03, 1.0843097E-01
7.80693E-08, 1.825111E-02, -3.61048E-03, 1.0826235E-01
7.80756E-08, 1.877804E-02, -3.71587E-03, 1.0805158E-01
7.80818E-08, 1.719726E-02, -3.82125E-03, 1.0788296E-01
7.80881E-08, 1.772419E-02, -3.71587E-03, 1.0763004E-01
7.80943E-08, 1.561647E-02, -4.13741E-03, 1.0746142E-01
7.81006E-08, 1.614340E-02, -4.34818E-03, 1.0725065E-01
7.81068E-08, 1.508955E-02, -4.34818E-03, 1.0695557E-01
7.81131E-08, 1.456262E-02, -4.76972E-03, 1.0678695E-01
7.81193E-08, 1.350876E-02, -4.98049E-03, 1.0661833E-01
7.81256E-08, 1.298183E-02, -5.50742E-03, 1.0644972E-01
7.81318E-08, 1.140105E-02, -5.92896E-03, 1.0632326E-01
7.81381E-08, 1.192798E-02, -6.35051E-03, 1.0619679E-01
7.81443E-08, 1.140105E-02, -6.56128E-03, 1.0615464E-01
7.81506E-08, 1.140105E-02, -7.08820E-03, 1.0607033E-01
7.81568E-08, 1.087412E-02, -7.61513E-03, 1.0607033E-01
7.81631E-08, 1.087412E-02, -8.03667E-03, 1.0611248E-01
7.81693E-08, 1.034720E-02, -8.24745E-03, 1.0632326E-01
7.81756E-08, 1.087412E-02, -8.66899E-03, 1.0636541E-01
7.81818E-08, 1.087412E-02, -8.87976E-03, 1.0657618E-01
7.81881E-08, 1.245491E-02, -9.09053E-03, 1.0678695E-01
7.81943E-08, 1.298183E-02, -9.40669E-03, 1.0712419E-01
7.82006E-08, 1.350876E-02, -9.72284E-03, 1.0737711E-01
7.82068E-08, 1.456262E-02, -9.93362E-03, 1.0775650E-01
7.82131E-08, 1.456262E-02, -1.003900E-02, 1.0817804E-01
7.82193E-08, 1.561647E-02, -1.024977E-02, 1.0859958E-01
7.82256E-08, 1.719726E-02, -1.024977E-02, 1.0889466E-01
7.82318E-08, 1.719726E-02, -1.046054E-02, 1.0940051E-01
7.82381E-08, 1.719726E-02, -1.035516E-02, 1.0977990E-01
7.82443E-08, 1.719726E-02, -1.056593E-02, 1.1015929E-01
7.82506E-08, 1.825111E-02, -1.067131E-02, 1.1049652E-01
7.82568E-08, 1.825111E-02, -1.056593E-02, 1.1087591E-01
7.82631E-08, 1.772419E-02, -1.056593E-02, 1.1112884E-01
7.82693E-08, 1.772419E-02, -1.067131E-02, 1.1138176E-01
7.82756E-08, 1.667033E-02, -1.088209E-02, 1.1155038E-01
7.82818E-08, 1.561647E-02, -1.088209E-02, 1.1171900E-01
7.82881E-08, 1.614340E-02, -1.077670E-02, 1.1176115E-01
7.82943E-08, 1.403569E-02, -1.109286E-02, 1.1180330E-01
7.83006E-08, 1.350876E-02, -1.098747E-02, 1.1171900E-01
7.83068E-08, 1.140105E-02, -1.130363E-02, 1.1155038E-01
7.83131E-08, 9.29334E-03, -1.130363E-02, 1.1133961E-01
7.83193E-08, 7.71256E-03, -1.140901E-02, 1.1121315E-01
7.83256E-08, 6.13177E-03, -1.183056E-02, 1.1087591E-01
7.83318E-08, 4.55099E-03, -1.204133E-02, 1.1045437E-01
7.83381E-08, 3.49713E-03, -1.225210E-02, 1.1003283E-01
7.83443E-08, 1.91635E-03, -1.256825E-02, 1.0965344E-01
7.83506E-08, 8.6249E-04, -1.267364E-02, 1.0910543E-01
7.83568E-08, -1.9136E-04, -1.298980E-02, 1.0859958E-01
7.83631E-08, -1.24522E-03, -1.309518E-02, 1.0800942E-01
7.83693E-08, -1.77215E-03, -1.330595E-02, 1.0754573E-01
7.83756E-08, -2.82600E-03, -1.351672E-02, 1.0695557E-01
7.83818E-08, -2.29907E-03, -1.362211E-02, 1.0644972E-01
7.83881E-08, -7.1829E-04, -1.372750E-02, 1.0598602E-01
7.83943E-08, -1.24522E-03, -1.372750E-02, 1.0552233E-01
7.84006E-08, -1.9136E-04, -1.372750E-02, 1.0497432E-01
7.84068E-08, 1.91635E-03, -1.372750E-02, 1.0459493E-01
7.84131E-08, 2.97021E-03, -1.351672E-02, 1.0425770E-01
7.84193E-08, 6.13177E-03, -1.330595E-02, 1.0400477E-01
7.84256E-08, 8.76641E-03, -1.298980E-02, 1.0370969E-01
7.84318E-08, 1.087412E-02, -1.267364E-02, 1.0354108E-01
7.84381E-08, 1.403569E-02, -1.225210E-02, 1.0345677E-01
7.84443E-08, 1.825111E-02, -1.183056E-02, 1.0337245E-01
7.84506E-08, 2.246654E-02, -1.098747E-02, 1.0337245E-01
7.84568E-08, 2.510118E-02, -1.077670E-02, 1.0349892E-01
7.84631E-08, 2.931660E-02, -9.93362E-03, 1.0366753E-01
7.84693E-08, 3.247816E-02, -9.40669E-03, 1.0379400E-01
7.84756E-08, 3.563973E-02, -8.77437E-03, 1.0408908E-01
7.84818E-08, 3.932823E-02, -8.24745E-03, 1.0442632E-01
7.84881E-08, 4.196287E-02, -7.50975E-03, 1.0472139E-01
7.84943E-08, 4.459751E-02, -6.98282E-03, 1.0514294E-01
7.85006E-08, 4.617829E-02, -6.24512E-03, 1.0552233E-01
7.85068E-08, 4.933986E-02, -5.40204E-03, 1.0594387E-01
7.85131E-08, 5.039372E-02, -4.87511E-03, 1.0628110E-01
7.85193E-08, 5.197450E-02, -4.34818E-03, 1.0674480E-01
7.85256E-08, 5.144757E-02, -3.82125E-03, 1.0716633E-01
7.85318E-08, 5.144757E-02, -3.50509E-03, 1.0763004E-01
7.85381E-08, 5.092064E-02, -3.08355E-03, 1.0796727E-01
7.85443E-08, 5.039372E-02, -2.55662E-03, 1.0830450E-01
7.85506E-08, 4.881293E-02, -2.24047E-03, 1.0872605E-01
7.85568E-08, 4.617829E-02, -2.02970E-03, 1.0906328E-01
7.85631E-08, 4.354365E-02, -1.81893E-03, 1.0931621E-01
7.85693E-08, 3.985516E-02, -1.71354E-03, 1.0956913E-01
7.85756E-08, 3.722052E-02, -1.50277E-03, 1.0982206E-01
7.85818E-08, 3.353202E-02, -1.39738E-03, 1.1003283E-01
7.85881E-08, 2.878967E-02, -1.50277E-03, 1.1003283E-01
7.85943E-08, 2.457425E-02, -1.50277E-03, 1.1024360E-01
7.86006E-08, 1.877804E-02, -1.71354E-03, 1.1037006E-01
7.86068E-08, 1.508955E-02, -1.81893E-03, 1.1037006E-01
7.86131E-08, 1.087412E-02, -1.81893E-03, 1.1028575E-01
7.86193E-08, 5.07792E-03, -2.34585E-03, 1.1041222E-01
7.86256E-08, -1.9136E-04, -2.45124E-03, 1.1028575E-01
7.86318E-08, -5.46064E-03, -2.76740E-03, 1.1032791E-01
7.86381E-08, -9.67606E-03, -2.97817E-03, 1.1028575E-01
7.86443E-08, -1.389149E-02, -3.29432E-03, 1.1015929E-01
7.86506E-08, -1.757998E-02, -3.39971E-03, 1.0999067E-01
7.86568E-08, -2.179541E-02, -3.82125E-03, 1.0994852E-01
7.86631E-08, -2.495697E-02, -4.03202E-03, 1.0977990E-01
7.86693E-08, -2.811854E-02, -4.55895E-03, 1.0973775E-01
7.86756E-08, -3.075318E-02, -4.87511E-03, 1.0961128E-01
7.86818E-08, -3.233396E-02, -5.08588E-03, 1.0956913E-01
7.86881E-08, -3.391474E-02, -5.19126E-03, 1.0940051E-01
7.86943E-08, -3.602246E-02, -5.61281E-03, 1.0940051E-01
7.87006E-08, -3.813017E-02, -5.82358E-03, 1.0927405E-01
7.87068E-08, -3.813017E-02, -6.03435E-03, 1.0923190E-01
7.87131E-08, -3.918403E-02, -6.24512E-03, 1.0918974E-01
7.87193E-08, -3.918403E-02, -6.66666E-03, 1.0923190E-01
7.87256E-08, -3.813017E-02, -6.77205E-03, 1.0914759E-01
7.87318E-08, -3.760324E-02, -6.87743E-03, 1.0918974E-01
7.87381E-08, -3.707631E-02, -7.29898E-03, 1.0923190E-01
7.87443E-08, -3.654939E-02, -7.29898E-03, 1.0923190E-01
7.87506E-08, -3.496860E-02, -7.29898E-03, 1.0927405E-01
7.87568E-08, -3.338782E-02, -7.50975E-03, 1.0927405E-01
7.87631E-08, -3.128011E-02, -7.72052E-03, 1.0931621E-01
7.87693E-08, -3.022625E-02, -7.72052E-03, 1.0940051E-01
7.87756E-08, -2.811854E-02, -7.72052E-03, 1.0944267E-01
7.87818E-08, -2.653776E-02, -7.72052E-03, 1.0948482E-01
7.87881E-08, -2.443004E-02, -7.40436E-03, 1.0952698E-01
7.87943E-08, -2.284926E-02, -7.40436E-03, 1.0956913E-01
7.88006E-08, -2.074155E-02, -7.19359E-03, 1.0956913E-01
7.88068E-08, -1.863384E-02, -6.87743E-03, 1.0973775E-01
7.88131E-08, -1.652613E-02, -6.66666E-03, 1.0965344E-01
7.88193E-08, -1.441841E-02, -6.13973E-03, 1.0969559E-01
7.88256E-08, -1.178377E-02, -5.82358E-03, 1.0969559E-01
7.88318E-08, -9.67606E-03, -5.19126E-03, 1.0973775E-01
7.88381E-08, -6.51450E-03, -4.87511E-03, 1.0969559E-01
7.88443E-08, -4.93371E-03, -4.13741E-03, 1.0969559E-01
7.88506E-08, -1.77215E-03, -3.71587E-03, 1.0965344E-01
7.88568E-08, 8.6249E-04, -3.08355E-03, 1.0965344E-01
7.88631E-08, 4.02406E-03, -2.34585E-03, 1.0952698E-01
7.88693E-08, 6.13177E-03, -2.02970E-03, 1.0948482E-01
7.88756E-08, 1.034720E-02, -1.39738E-03, 1.0944267E-01
7.88818E-08, 1.298183E-02, -8.7046E-04, 1.0935836E-01
7.88881E-08, 1.561647E-02, -1.3276E-04, 1.0918974E-01
7.88943E-08, 1.930497E-02, -2.737E-05, 1.0914759E-01
7.89006E-08, 2.299346E-02, 8.1571E-04, 1.0902113E-01
7.89068E-08, 2.562810E-02, 1.23726E-03, 1.0885251E-01
7.89131E-08, 2.931660E-02, 1.65880E-03, 1.0859958E-01
7.89193E-08, 3.195124E-02, 1.86957E-03, 1.0847312E-01
7.89256E-08, 3.563973E-02, 2.08034E-03, 1.0822020E-01
7.89318E-08, 3.774745E-02, 2.29111E-03, 1.0805158E-01
7.89381E-08, 4.196287E-02, 2.39650E-03, 1.0779865E-01
7.89443E-08, 4.354365E-02, 2.39650E-03, 1.0758788E-01
7.89506E-08, 4.565137E-02, 2.29111E-03, 1.0729280E-01
7.89568E-08, 4.828600E-02, 2.18573E-03, 1.0703988E-01
7.89631E-08, 4.986679E-02, 2.08034E-03, 1.0682911E-01
7.89693E-08, 5.144757E-02, 1.76418E-03, 1.0653403E-01
7.89756E-08, 5.197450E-02, 1.44803E-03, 1.0632326E-01
7.89818E-08, 5.250143E-02, 9.2110E-04, 1.0611248E-01
7.89881E-08, 5.302835E-02, 7.1033E-04, 1.0577525E-01
7.89943E-08, 5.250143E-02, 7.801E-05, 1.0556448E-01
7.90006E-08, 5.144757E-02, -4.4891E-04, 1.0522725E-01
7.90068E-08, 4.986679E-02, -7.6507E-04, 1.0501647E-01
7.90131E-08, 4.828600E-02, -1.18661E-03, 1.0489001E-01
7.90193E-08, 4.565137E-02, -1.81893E-03, 1.0463709E-01
7.90256E-08, 4.301672E-02, -2.02970E-03, 1.0442632E-01
7.90318E-08, 4.090901E-02, -2.66201E-03, 1.0434201E-01
7.90381E-08, 3.827437E-02, -2.97817E-03, 1.0421554E-01
7.90443E-08, 3.458588E-02, -3.29432E-03, 1.0408908E-01
7.90506E-08, 3.142431E-02, -3.61048E-03, 1.0404693E-01
7.90568E-08, 2.720889E-02, -3.82125E-03, 1.0400477E-01
7.90631E-08, 2.404732E-02, -4.03202E-03, 1.0404693E-01
7.90693E-08, 2.035883E-02, -4.24279E-03, 1.0408908E-01
7.90756E-08, 1.719726E-02, -4.34818E-03, 1.0413124E-01
7.90818E-08, 1.350876E-02, -4.45356E-03, 1.0421554E-01
7.90881E-08, 1.192798E-02, -4.45356E-03, 1.0429985E-01
7.90943E-08, 7.71256E-03, -4.55895E-03, 1.0455278E-01
7.91006E-08, 5.07792E-03, -4.34818E-03, 1.0463709E-01
7.91068E-08, 3.49713E-03, -4.24279E-03, 1.0493217E-01
7.91131E-08, 8.6249E-04, -4.24279E-03, 1.0514294E-01
7.91193E-08, -1.9136E-04, -4.24279E-03, 1.0535371E-01
7.91256E-08, -1.77215E-03, -4.13741E-03, 1.0569094E-01
7.91318E-08, -2.29907E-03, -4.24279E-03, 1.0594387E-01
7.91381E-08, -3.87986E-03, -4.13741E-03, 1.0628110E-01
7.91443E-08, -3.87986E-03, -4.03202E-03, 1.0653403E-01
7.91506E-08, -3.87986E-03, -4.24279E-03, 1.0682911E-01
7.91568E-08, -2.82600E-03, -4.34818E-03, 1.0720849E-01
7.91631E-08, -1.24522E-03, -4.45356E-03, 1.0750357E-01
7.91693E-08, -2.29907E-03, -4.55895E-03, 1.0779865E-01
7.91756E-08, -1.24522E-03, -4.98049E-03, 1.0813589E-01
7.91818E-08, -1.9136E-04, -5.08588E-03, 1.0838881E-01
7.91881E-08, 1.91635E-03, -5.29665E-03, 1.0868389E-01
7.91943E-08, 2.97021E-03, -5.92896E-03, 1.0885251E-01
7.92006E-08, 2.97021E-03, -6.24512E-03, 1.0914759E-01
7.92068E-08, 5.07792E-03, -6.45589E-03, 1.0931621E-01
7.92131E-08, 6.13177E-03, -6.87743E-03, 1.0956913E-01
7.92193E-08, 6.13177E-03, -7.50975E-03, 1.0969559E-01
7.92256E-08, 7.18563E-03, -7.93129E-03, 1.0982206E-01
7.92318E-08, 7.18563E-03, -8.45822E-03, 1.0994852E-01
7.92381E-08, 7.71256E-03, -8.87976E-03, 1.1007498E-01
7.92443E-08, 7.71256E-03, -9.09053E-03, 1.1011714E-01
7.92506E-08, 6.65870E-03, -9.51207E-03, 1.1015929E-01
7.92568E-08, 6.65870E-03, -9.82823E-03, 1.1024360E-01
7.92631E-08, 5.07792E-03, -9.93362E-03, 1.1024360E-01
7.92693E-08, 4.02406E-03, -1.046054E-02, 1.1024360E-01
7.92756E-08, 2.97021E-03, -1.046054E-02, 1.1015929E-01
7.92818E-08, 1.38942E-03, -1.056593E-02, 1.1024360E-01
7.92881E-08, 3.3557E-04, -1.046054E-02, 1.1007498E-01
7.92943E-08, -1.77215E-03, -1.046054E-02, 1.1007498E-01
7.93006E-08, -3.35293E-03, -1.024977E-02, 1.1003283E-01
7.93068E-08, -4.40678E-03, -9.93362E-03, 1.0990636E-01
7.93131E-08, -5.46064E-03, -9.72284E-03, 1.0982206E-01
7.93193E-08, -7.04142E-03, -9.61746E-03, 1.0969559E-01
7.93256E-08, -8.62221E-03, -9.09053E-03, 1.0956913E-01
7.93318E-08, -9.14914E-03, -8.66899E-03, 1.0948482E-01
7.93381E-08, -9.67606E-03, -8.24745E-03, 1.0940051E-01
7.93443E-08, -9.67606E-03, -7.82590E-03, 1.0931621E-01
7.93506E-08, -9.67606E-03, -7.29898E-03, 1.0910543E-01
7.93568E-08, -8.62221E-03, -6.87743E-03, 1.0906328E-01
7.93631E-08, -9.14914E-03, -6.66666E-03, 1.0893682E-01
7.93693E-08, -8.62221E-03, -6.13973E-03, 1.0872605E-01
7.93756E-08, -7.56835E-03, -6.03435E-03, 1.0855743E-01
7.93818E-08, -6.51450E-03, -5.71819E-03, 1.0843097E-01
7.93881E-08, -4.93371E-03, -5.40204E-03, 1.0822020E-01
7.93943E-08, -3.87986E-03, -5.40204E-03, 1.0817804E-01
7.94006E-08, -1.77215E-03, -5.19126E-03, 1.0800942E-01
7.94068E-08, 3.3557E-04, -5.29665E-03, 1.0784081E-01
7.94131E-08, 2.44328E-03, -5.29665E-03, 1.0771434E-01
7.94193E-08, 4.55099E-03, -5.40204E-03, 1.0763004E-01
7.94256E-08, 6.13177E-03, -5.61281E-03, 1.0746142E-01
7.94318E-08, 8.23948E-03, -5.71819E-03, 1.0737711E-01
7.94381E-08, 9.82027E-03, -6.13973E-03, 1.0725065E-01
7.94443E-08, 1.245491E-02, -6.35051E-03, 1.0708203E-01
7.94506E-08, 1.298183E-02, -6.66666E-03, 1.0703988E-01
7.94568E-08, 1.403569E-02, -6.98282E-03, 1.0699772E-01
7.94631E-08, 1.561647E-02, -7.61513E-03, 1.0687126E-01
7.94693E-08, 1.561647E-02, -7.93129E-03, 1.0678695E-01
7.94756E-08, 1.667033E-02, -8.45822E-03, 1.0674480E-01
7.94818E-08, 1.772419E-02, -8.77437E-03, 1.0674480E-01
7.94881E-08, 1.719726E-02, -8.98515E-03, 1.0670264E-01
7.94943E-08, 1.719726E-02, -9.61746E-03, 1.0678695E-01
7.95006E-08, 1.719726E-02, -9.82823E-03, 1.0678695E-01
7.95068E-08, 1.719726E-02, -1.014439E-02, 1.0678695E-01
7.95131E-08, 1.561647E-02, -1.024977E-02, 1.0687126E-01
7.95193E-08, 1.614340E-02, -1.056593E-02, 1.0699772E-01
7.95256E-08, 1.508955E-02, -1.056593E-02, 1.0699772E-01
7.95318E-08, 1.456262E-02, -1.056593E-02, 1.0712419E-01
7.95381E-08, 1.403569E-02, -1.067131E-02, 1.0720849E-01
7.95443E-08, 1.245491E-02, -1.067131E-02, 1.0737711E-01
7.95506E-08, 1.192798E-02, -1.056593E-02, 1.0750357E-01
7.95568E-08, 1.140105E-02, -1.035516E-02, 1.0754573E-01
7.95631E-08, 1.140105E-02, -1.014439E-02, 1.0767219E-01
7.95693E-08, 1.192798E-02, -1.003900E-02, 1.0771434E-01
7.95756E-08, 1.034720E-02, -9.93362E-03, 1.0788296E-01
7.95818E-08, 1.087412E-02, -9.72284E-03, 1.0796727E-01
7.95881E-08, 1.192798E-02, -9.40669E-03, 1.0800942E-01
7.95943E-08, 1.192798E-02, -9.19592E-03, 1.0813589E-01
7.96006E-08, 1.350876E-02, -9.19592E-03, 1.0809373E-01
7.96068E-08, 1.298183E-02, -8.87976E-03, 1.0809373E-01
7.96131E-08, 1.456262E-02, -8.77437E-03, 1.0813589E-01
7.96193E-08, 1.456262E-02, -8.77437E-03, 1.0805158E-01
7.96256E-08, 1.667033E-02, -8.35283E-03, 1.0796727E-01
7.96318E-08, 1.719726E-02, -8.45822E-03, 1.0792512E-01
7.96381E-08, 1.877804E-02, -8.35283E-03, 1.0779865E-01
7.96443E-08, 1.930497E-02, -8.45822E-03, 1.0763004E-01
7.96506E-08, 1.983190E-02, -8.35283E-03, 1.0750357E-01
7.96568E-08, 1.983190E-02, -8.35283E-03, 1.0733496E-01
7.96631E-08, 2.035883E-02, -8.56360E-03, 1.0712419E-01
7.96693E-08, 2.141268E-02, -8.56360E-03, 1.0695557E-01
7.96756E-08, 2.088575E-02, -8.66899E-03, 1.0670264E-01
7.96818E-08, 1.983190E-02, -8.66899E-03, 1.0653403E-01
7.96881E-08, 1.983190E-02, -8.77437E-03, 1.0619679E-01
7.96943E-08, 1.825111E-02, -8.98515E-03, 1.0602818E-01
7.97006E-08, 1.772419E-02, -8.98515E-03, 1.0573310E-01
7.97068E-08, 1.508955E-02, -9.19592E-03, 1.0556448E-01
7.97131E-08, 1.403569E-02, -9.09053E-03, 1.0526939E-01
7.97193E-08, 1.192798E-02, -9.19592E-03, 1.0505863E-01
7.97256E-08, 9.82027E-03, -9.09053E-03, 1.0484786E-01
7.97318E-08, 6.13177E-03, -9.09053E-03, 1.0472139E-01
7.97381E-08, 4.02406E-03, -8.98515E-03, 1.0455278E-01
7.97443E-08, 1.38942E-03, -8.98515E-03, 1.0429985E-01
7.97506E-08, -1.77215E-03, -8.98515E-03, 1.0417338E-01
7.97568E-08, -4.93371E-03, -8.77437E-03, 1.0413124E-01
7.97631E-08, -8.09528E-03, -8.66899E-03, 1.0400477E-01
7.97693E-08, -1.020299E-02, -8.66899E-03, 1.0396262E-01
7.97756E-08, -1.283763E-02, -8.35283E-03, 1.0392046E-01
7.97818E-08, -1.599920E-02, -8.35283E-03, 1.0383616E-01
7.97881E-08, -1.810691E-02, -8.14206E-03, 1.0383616E-01
7.97943E-08, -2.021462E-02, -8.24745E-03, 1.0383616E-01
7.98006E-08, -2.179541E-02, -8.03667E-03, 1.0383616E-01
7.98068E-08, -2.443004E-02, -8.03667E-03, 1.0387831E-01
7.98131E-08, -2.443004E-02, -8.14206E-03, 1.0400477E-01
7.98193E-08, -2.601083E-02, -8.45822E-03, 1.0400477E-01
7.98256E-08, -2.653776E-02, -8.56360E-03, 1.0400477E-01
7.98318E-08, -2.601083E-02, -8.98515E-03, 1.0413124E-01
7.98381E-08, -2.706468E-02, -9.40669E-03, 1.0417338E-01
7.98443E-08, -2.706468E-02, -9.61746E-03, 1.0421554E-01
7.98506E-08, -2.601083E-02, -1.003900E-02, 1.0429985E-01
7.98568E-08, -2.601083E-02, -1.067131E-02, 1.0434201E-01
7.98631E-08, -2.390312E-02, -1.130363E-02, 1.0438416E-01
7.98693E-08, -2.443004E-02, -1.204133E-02, 1.0446846E-01
7.98756E-08, -2.337619E-02, -1.256825E-02, 1.0446846E-01
7.98818E-08, -2.126848E-02, -1.341134E-02, 1.0459493E-01
7.98881E-08, -1.916077E-02, -1.404365E-02, 1.0459493E-01
7.98943E-08, -1.863384E-02, -1.488674E-02, 1.0463709E-01
7.99006E-08, -1.705305E-02, -1.562444E-02, 1.0467924E-01
7.99068E-08, -1.547227E-02, -1.625675E-02, 1.0472139E-01
7.99131E-08, -1.441841E-02, -1.678368E-02, 1.0480570E-01
7.99193E-08, -1.283763E-02, -1.752138E-02, 1.0484786E-01
7.99256E-08, -1.231070E-02, -1.804830E-02, 1.0489001E-01
7.99318E-08, -1.125685E-02, -1.846985E-02, 1.0489001E-01
7.99381E-08, -1.020299E-02, -1.868062E-02, 1.0497432E-01
7.99443E-08, -1.020299E-02, -1.889139E-02, 1.0505863E-01
7.99506E-08, -1.020299E-02, -1.899678E-02, 1.0505863E-01
7.99568E-08, -9.67606E-03, -1.899678E-02, 1.0514294E-01
7.99631E-08, -9.14914E-03, -1.868062E-02, 1.0526939E-01
7.99693E-08, -9.14914E-03, -1.846985E-02, 1.0531155E-01
7.99756E-08, -9.67606E-03, -1.825907E-02, 1.0552233E-01
7.99818E-08, -9.14914E-03, -1.741599E-02, 1.0560663E-01
7.99881E-08, -8.62221E-03, -1.657291E-02, 1.0564879E-01
7.99943E-08, -9.67606E-03, -1.583521E-02, 1.0577525E-01
8.00006E-08, -9.67606E-03, -1.488674E-02, 1.0590171E-01
8.00068E-08, -1.020299E-02, -1.383288E-02, 1.0607033E-01
8.00131E-08, -9.67606E-03, -1.267364E-02, 1.0607033E-01
8.00193E-08, -9.67606E-03, -1.161978E-02, 1.0628110E-01
8.00256E-08, -9.67606E-03, -1.024977E-02, 1.0632326E-01
8.00318E-08, -9.67606E-03, -9.19592E-03, 1.0640756E-01
8.00381E-08, -9.67606E-03, -7.82590E-03, 1.0657618E-01
8.00443E-08, -9.14914E-03, -6.87743E-03, 1.0666049E-01
8.00506E-08, -8.09528E-03, -5.71819E-03, 1.0666049E-01
8.00568E-08, -8.09528E-03, -4.45356E-03, 1.0674480E-01
8.00631E-08, -6.51450E-03, -3.50509E-03, 1.0678695E-01
8.00693E-08, -7.04142E-03, -2.66201E-03, 1.0687126E-01
8.00756E-08, -4.93371E-03, -1.81893E-03, 1.0687126E-01
8.00818E-08, -3.87986E-03, -1.18661E-03, 1.0682911E-01
8.00881E-08, -2.29907E-03, -4.4891E-04, 1.0678695E-01
8.00943E-08, -1.77215E-03, -2.737E-05, 1.0678695E-01
8.01006E-08, 3.3557E-04, 1.8340E-04, 1.0670264E-01
8.01068E-08, 1.38942E-03, 2.8879E-04, 1.0661833E-01
8.01131E-08, 1.91635E-03, 3.9417E-04, 1.0649187E-01
8.01193E-08, 4.02406E-03, 7.801E-05, 1.0640756E-01
8.01256E-08, 4.55099E-03, -1.3276E-04, 1.0623895E-01
8.01318E-08, 5.60485E-03, -7.6507E-04, 1.0615464E-01
8.01381E-08, 6.65870E-03, -1.18661E-03, 1.0598602E-01
8.01443E-08, 7.71256E-03, -2.02970E-03, 1.0590171E-01
8.01506E-08, 8.23948E-03, -2.55662E-03, 1.0564879E-01
8.01568E-08, 9.29334E-03, -3.29432E-03, 1.0556448E-01
8.01631E-08, 1.087412E-02, -4.24279E-03, 1.0543802E-01
8.01693E-08, 1.034720E-02, -5.29665E-03, 1.0531155E-01
8.01756E-08, 1.087412E-02, -6.03435E-03, 1.0514294E-01
8.01818E-08, 1.192798E-02, -7.08820E-03, 1.0510078E-01
8.01881E-08, 1.245491E-02, -7.82590E-03, 1.0493217E-01
8.01943E-08, 1.087412E-02, -8.77437E-03, 1.0489001E-01
8.02006E-08, 1.140105E-02, -9.61746E-03, 1.0472139E-01
8.02068E-08, 1.245491E-02, -1.035516E-02, 1.0467924E-01
8.02131E-08, 1.192798E-02, -1.119824E-02, 1.0455278E-01
8.02193E-08, 1.245491E-02, -1.183056E-02, 1.0455278E-01
8.02256E-08, 1.245491E-02, -1.235748E-02, 1.0451062E-01
8.02318E-08, 1.245491E-02, -1.288441E-02, 1.0442632E-01
8.02381E-08, 1.298183E-02, -1.362211E-02, 1.0446846E-01
8.02443E-08, 1.245491E-02, -1.383288E-02, 1.0442632E-01
8.02506E-08, 1.350876E-02, -1.383288E-02, 1.0446846E-01
8.02568E-08, 1.350876E-02, -1.414904E-02, 1.0451062E-01
8.02631E-08, 1.508955E-02, -1.414904E-02, 1.0451062E-01
8.02693E-08, 1.456262E-02, -1.404365E-02, 1.0451062E-01
8.02756E-08, 1.561647E-02, -1.404365E-02, 1.0455278E-01
8.02818E-08, 1.561647E-02, -1.393827E-02, 1.0455278E-01
8.02881E-08, 1.825111E-02, -1.362211E-02, 1.0455278E-01
8.02943E-08, 1.772419E-02, -1.330595E-02, 1.0459493E-01
8.03006E-08, 1.825111E-02, -1.309518E-02, 1.0463709E-01
8.03068E-08, 1.930497E-02, -1.298980E-02, 1.0467924E-01
8.03131E-08, 1.983190E-02, -1.246287E-02, 1.0463709E-01
8.03193E-08, 2.035883E-02, -1.204133E-02, 1.0467924E-01
8.03256E-08, 2.088575E-02, -1.161978E-02, 1.0476355E-01
8.03318E-08, 2.246654E-02, -1.140901E-02, 1.0472139E-01
8.03381E-08, 2.299346E-02, -1.109286E-02, 1.0472139E-01
8.03443E-08, 2.352039E-02, -1.067131E-02, 1.0476355E-01
8.03506E-08, 2.246654E-02, -1.046054E-02, 1.0467924E-01
8.03568E-08, 2.299346E-02, -1.014439E-02, 1.0476355E-01
8.03631E-08, 2.246654E-02, -9.72284E-03, 1.0476355E-01
8.03693E-08, 2.193961E-02, -9.72284E-03, 1.0476355E-01
8.03756E-08, 2.088575E-02, -9.40669E-03, 1.0480570E-01
8.03818E-08, 1.930497E-02, -9.61746E-03, 1.0480570E-01
8.03881E-08, 1.825111E-02, -9.40669E-03, 1.0480570E-01
8.03943E-08, 1.561647E-02, -9.30130E-03, 1.0480570E-01
8.04006E-08, 1.456262E-02, -9.40669E-03, 1.0484786E-01
8.04068E-08, 1.245491E-02, -9.51207E-03, 1.0489001E-01
8.04131E-08, 9.82027E-03, -9.61746E-03, 1.0489001E-01
8.04193E-08, 6.65870E-03, -9.72284E-03, 1.0497432E-01
8.04256E-08, 4.55099E-03, -1.003900E-02, 1.0497432E-01
8.04318E-08, 8.6249E-04, -1.024977E-02, 1.0501647E-01
8.04381E-08, -1.77215E-03, -1.067131E-02, 1.0501647E-01
8.04443E-08, -4.93371E-03, -1.067131E-02, 1.0514294E-01
8.04506E-08, -8.09528E-03, -1.109286E-02, 1.0510078E-01
8.04568E-08, -1.072992E-02, -1.151440E-02, 1.0514294E-01
8.04631E-08, -1.283763E-02, -1.151440E-02, 1.0518509E-01
8.04693E-08, -1.652613E-02, -1.214671E-02, 1.0518509E-01
8.04756E-08, -1.916077E-02, -1.256825E-02, 1.0514294E-01
8.04818E-08, -2.232233E-02, -1.267364E-02, 1.0522725E-01
8.04881E-08, -2.337619E-02, -1.298980E-02, 1.0510078E-01
8.04943E-08, -2.548390E-02, -1.330595E-02, 1.0510078E-01
8.05006E-08, -2.864547E-02, -1.362211E-02, 1.0501647E-01
8.05068E-08, -2.917239E-02, -1.372750E-02, 1.0493217E-01
8.05131E-08, -3.075318E-02, -1.393827E-02, 1.0480570E-01
8.05193E-08, -3.233396E-02, -1.414904E-02, 1.0472139E-01
8.05256E-08, -3.233396E-02, -1.414904E-02, 1.0455278E-01
8.05318E-08, -3.391474E-02, -1.414904E-02, 1.0446846E-01
8.05381E-08, -3.444167E-02, -1.404365E-02, 1.0434201E-01
8.05443E-08, -3.286089E-02, -1.383288E-02, 1.0417338E-01
8.05506E-08, -3.391474E-02, -1.351672E-02, 1.0400477E-01
8.05568E-08, -3.338782E-02, -1.341134E-02, 1.0383616E-01
8.05631E-08, -3.286089E-02, -1.277903E-02, 1.0366753E-01
8.05693E-08, -3.233396E-02, -1.235748E-02, 1.0349892E-01
8.05756E-08, -3.180704E-02, -1.183056E-02, 1.0337245E-01
8.05818E-08, -3.128011E-02, -1.119824E-02, 1.0320384E-01
8.05881E-08, -2.969932E-02, -1.024977E-02, 1.0307738E-01
8.05943E-08, -2.969932E-02, -9.19592E-03, 1.0295092E-01
8.06006E-08, -2.917239E-02, -8.14206E-03, 1.0286660E-01
8.06068E-08, -2.864547E-02, -7.19359E-03, 1.0278230E-01
8.06131E-08, -2.653776E-02, -5.92896E-03, 1.0269799E-01
8.06193E-08, -2.601083E-02, -4.66434E-03, 1.0265584E-01
8.06256E-08, -2.548390E-02, -3.50509E-03, 1.0261368E-01
8.06318E-08, -2.548390E-02, -1.92431E-03, 1.0265584E-01
8.06381E-08, -2.337619E-02, -4.4891E-04, 1.0269799E-01
8.06443E-08, -2.443004E-02, 9.2110E-04, 1.0274015E-01
8.06506E-08, -2.390312E-02, 2.39650E-03, 1.0286660E-01
8.06568E-08, -2.337619E-02, 3.87190E-03, 1.0290876E-01
8.06631E-08, -2.390312E-02, 5.45268E-03, 1.0303523E-01
8.06693E-08, -2.390312E-02, 6.71731E-03, 1.0324600E-01
8.06756E-08, -2.443004E-02, 7.87655E-03, 1.0345677E-01
8.06818E-08, -2.443004E-02, 9.14117E-03, 1.0362539E-01
8.06881E-08, -2.443004E-02, 1.051119E-02, 1.0383616E-01
8.06943E-08, -2.548390E-02, 1.145966E-02, 1.0408908E-01
8.07006E-08, -2.601083E-02, 1.230274E-02, 1.0438416E-01
8.07068E-08, -2.548390E-02, 1.293505E-02, 1.0459493E-01
8.07131E-08, -2.601083E-02, 1.367275E-02, 1.0484786E-01
8.07193E-08, -2.653776E-02, 1.409430E-02, 1.0522725E-01
8.07256E-08, -2.759161E-02, 1.430507E-02, 1.0548017E-01
8.07318E-08, -2.811854E-02, 1.430507E-02, 1.0577525E-01
8.07381E-08, -2.759161E-02, 1.409430E-02, 1.0607033E-01
8.07443E-08, -2.811854E-02, 1.377814E-02, 1.0628110E-01
8.07506E-08, -2.917239E-02, 1.335660E-02, 1.0653403E-01
8.07568E-08, -2.811854E-02, 1.293505E-02, 1.0678695E-01
8.07631E-08, -2.917239E-02, 1.198658E-02, 1.0703988E-01
8.07693E-08, -2.917239E-02, 1.082734E-02, 1.0733496E-01
8.07756E-08, -2.917239E-02, 9.66810E-03, 1.0750357E-01
8.07818E-08, -2.864547E-02, 8.40348E-03, 1.0771434E-01
8.07881E-08, -2.759161E-02, 7.03346E-03, 1.0796727E-01
8.07943E-08, -2.759161E-02, 5.24191E-03, 1.0813589E-01
8.08006E-08, -2.706468E-02, 3.76651E-03, 1.0822020E-01
8.08068E-08, -2.653776E-02, 1.76418E-03, 1.0834666E-01
8.08131E-08, -2.548390E-02, 2.8879E-04, 1.0843097E-01
8.08193E-08, -2.495697E-02, -1.71354E-03, 1.0847312E-01
8.08256E-08, -2.443004E-02, -3.61048E-03, 1.0851527E-01
8.08318E-08, -2.284926E-02, -5.29665E-03, 1.0859958E-01
8.08381E-08, -2.232233E-02, -7.19359E-03, 1.0864174E-01
8.08443E-08, -2.232233E-02, -8.77437E-03, 1.0859958E-01
8.08506E-08, -2.021462E-02, -1.035516E-02, 1.0859958E-01
8.08568E-08, -1.916077E-02, -1.172517E-02, 1.0855743E-01
8.08631E-08, -1.757998E-02, -1.320057E-02, 1.0843097E-01
8.08693E-08, -1.652613E-02, -1.467597E-02, 1.0838881E-01
8.08756E-08, -1.494534E-02, -1.572982E-02, 1.0809373E-01
8.08818E-08, -1.336456E-02, -1.688906E-02, 1.0796727E-01
8.08881E-08, -1.125685E-02, -1.752138E-02, 1.0779865E-01
8.08943E-08, -9.67606E-03, -1.815369E-02, 1.0758788E-01
8.09006E-08, -8.62221E-03, -1.857523E-02, 1.0741927E-01
8.09068E-08, -7.04142E-03, -1.910216E-02, 1.0712419E-01
8.09131E-08, -5.46064E-03, -1.920754E-02, 1.0687126E-01
8.09193E-08, -3.87986E-03, -1.920754E-02, 1.0661833E-01
8.09256E-08, -7.1829E-04, -1.899678E-02, 1.0628110E-01
8.09318E-08, -1.9136E-04, -1.846985E-02, 1.0590171E-01
8.09381E-08, 1.91635E-03, -1.815369E-02, 1.0560663E-01
8.09443E-08, 4.02406E-03, -1.720522E-02, 1.0522725E-01
8.09506E-08, 6.13177E-03, -1.636213E-02, 1.0493217E-01
8.09568E-08, 7.71256E-03, -1.551905E-02, 1.0463709E-01
8.09631E-08, 1.034720E-02, -1.435981E-02, 1.0434201E-01
8.09693E-08, 1.140105E-02, -1.320057E-02, 1.0396262E-01
8.09756E-08, 1.350876E-02, -1.214671E-02, 1.0375185E-01
8.09818E-08, 1.456262E-02, -1.098747E-02, 1.0341461E-01
8.09881E-08, 1.719726E-02, -9.51207E-03, 1.0320384E-01
8.09943E-08, 1.930497E-02, -8.24745E-03, 1.0295092E-01
8.10006E-08, 2.141268E-02, -6.77205E-03, 1.0274015E-01
8.10068E-08, 2.299346E-02, -5.61281E-03, 1.0252938E-01
8.10131E-08, 2.352039E-02, -4.13741E-03, 1.0236076E-01
8.10193E-08, 2.510118E-02, -2.66201E-03, 1.0223430E-01
8.10256E-08, 2.668196E-02, -1.71354E-03, 1.0214999E-01
8.10318E-08, 2.720889E-02, -5.5430E-04, 1.0210783E-01
8.10381E-08, 2.826274E-02, 3.9417E-04, 1.0202352E-01
8.10443E-08, 2.878967E-02, 1.55341E-03, 1.0202352E-01
8.10506E-08, 3.089738E-02, 2.29111E-03, 1.0202352E-01
8.10568E-08, 3.037046E-02, 3.13420E-03, 1.0210783E-01
8.10631E-08, 3.089738E-02, 3.76651E-03, 1.0210783E-01
8.10693E-08, 3.037046E-02, 4.18805E-03, 1.0219214E-01
8.10756E-08, 3.142431E-02, 4.50421E-03, 1.0219214E-01
8.10818E-08, 3.089738E-02, 4.71498E-03, 1.0236076E-01
8.10881E-08, 3.142431E-02, 4.92575E-03, 1.0240291E-01
8.10943E-08, 2.984353E-02, 4.82037E-03, 1.0257152E-01
8.11006E-08, 3.037046E-02, 4.39882E-03, 1.0265584E-01
8.11068E-08, 2.931660E-02, 3.97728E-03, 1.0274015E-01
8.11131E-08, 2.878967E-02, 3.66112E-03, 1.0274015E-01
8.11193E-08, 2.826274E-02, 3.02881E-03, 1.0274015E-01
8.11256E-08, 2.668196E-02, 2.29111E-03, 1.0274015E-01
8.11318E-08, 2.510118E-02, 1.55341E-03, 1.0278230E-01
8.11381E-08, 2.404732E-02, 6.0494E-04, 1.0278230E-01
8.11443E-08, 2.299346E-02, -6.5968E-04, 1.0274015E-01
8.11506E-08, 2.193961E-02, -1.39738E-03, 1.0257152E-01
8.11568E-08, 2.088575E-02, -2.55662E-03, 1.0248722E-01
8.11631E-08, 1.877804E-02, -3.50509E-03, 1.0236076E-01
8.11693E-08, 1.772419E-02, -4.55895E-03, 1.0227644E-01
8.11756E-08, 1.561647E-02, -5.71819E-03, 1.0210783E-01
8.11818E-08, 1.403569E-02, -6.77205E-03, 1.0189706E-01
8.11881E-08, 1.298183E-02, -7.61513E-03, 1.0168629E-01
8.11943E-08, 1.087412E-02, -8.56360E-03, 1.0143337E-01
8.12006E-08, 1.034720E-02, -9.30130E-03, 1.0122259E-01
8.12068E-08, 8.76641E-03, -1.003900E-02, 1.0105398E-01
8.12131E-08, 7.18563E-03, -1.056593E-02, 1.0075890E-01
8.12193E-08, 6.13177E-03, -1.088209E-02, 1.0054813E-01
8.12256E-08, 6.65870E-03, -1.130363E-02, 1.0037950E-01
8.12318E-08, 4.55099E-03, -1.151440E-02, 1.0025305E-01
8.12381E-08, 4.02406E-03, -1.151440E-02, 1.0012658E-01
8.12443E-08, 1.91635E-03, -1.130363E-02, 9.995797E-02
8.12506E-08, 1.91635E-03, -1.130363E-02, 9.983150E-02
8.12568E-08, 1.91635E-03, -1.077670E-02, 9.983150E-02
8.12631E-08, 8.6249E-04, -1.035516E-02, 9.974720E-02
8.12693E-08, 1.38942E-03, -9.72284E-03, 9.978935E-02
8.12756E-08, -7.1829E-04, -9.19592E-03, 9.987365E-02
8.12818E-08, -1.9136E-04, -8.35283E-03, 9.991581E-02
8.12881E-08, 8.6249E-04, -7.50975E-03, 1.0008443E-01
8.12943E-08, 3.3557E-04, -6.56128E-03, 1.0016873E-01
8.13006E-08, 1.38942E-03, -5.61281E-03, 1.0042166E-01
8.13068E-08, 8.6249E-04, -4.87511E-03, 1.0067458E-01
8.13131E-08, 1.38942E-03, -3.71587E-03, 1.0088536E-01
8.13193E-08, 1.38942E-03, -2.87278E-03, 1.0118044E-01
8.13256E-08, 1.91635E-03, -2.02970E-03, 1.0143337E-01
8.13318E-08, 3.49713E-03, -1.29200E-03, 1.0168629E-01
8.13381E-08, 2.97021E-03, -3.4353E-04, 1.0198137E-01
8.13443E-08, 4.02406E-03, 1.8340E-04, 1.0227644E-01
8.13506E-08, 4.55099E-03, 8.1571E-04, 1.0257152E-01
8.13568E-08, 5.60485E-03, 1.34264E-03, 1.0282445E-01
8.13631E-08, 5.60485E-03, 1.65880E-03, 1.0303523E-01
8.13693E-08, 6.65870E-03, 1.76418E-03, 1.0320384E-01
8.13756E-08, 6.13177E-03, 1.97495E-03, 1.0345677E-01
8.13818E-08, 6.13177E-03, 1.65880E-03, 1.0362539E-01
8.13881E-08, 6.65870E-03, 1.76418E-03, 1.0370969E-01
8.13943E-08, 6.13177E-03, 1.55341E-03, 1.0379400E-01
8.14006E-08, 6.13177E-03, 1.23726E-03, 1.0387831E-01
8.14068E-08, 5.60485E-03, 7.1033E-04, 1.0387831E-01
8.14131E-08, 5.60485E-03, 7.801E-05, 1.0383616E-01
8.14193E-08, 3.49713E-03, -5.5430E-04, 1.0379400E-01
8.14256E-08, 3.49713E-03, -1.18661E-03, 1.0370969E-01
8.14318E-08, 2.44328E-03, -2.02970E-03, 1.0366753E-01
8.14381E-08, 3.3557E-04, -2.76740E-03, 1.0341461E-01
8.14443E-08, -1.9136E-04, -3.61048E-03, 1.0324600E-01
8.14506E-08, -1.24522E-03, -4.34818E-03, 1.0303523E-01
8.14568E-08, -3.35293E-03, -4.98049E-03, 1.0286660E-01
8.14631E-08, -4.40678E-03, -5.71819E-03, 1.0265584E-01
8.14693E-08, -6.51450E-03, -6.45589E-03, 1.0240291E-01
8.14756E-08, -7.04142E-03, -7.19359E-03, 1.0219214E-01
8.14818E-08, -8.09528E-03, -7.72052E-03, 1.0198137E-01
8.14881E-08, -9.67606E-03, -8.14206E-03, 1.0181275E-01
8.14943E-08, -1.072992E-02, -8.45822E-03, 1.0155983E-01
8.15006E-08, -1.231070E-02, -8.77437E-03, 1.0134906E-01
8.15068E-08, -1.178377E-02, -8.98515E-03, 1.0122259E-01
8.15131E-08, -1.231070E-02, -9.09053E-03, 1.0113829E-01
8.15193E-08, -1.283763E-02, -9.09053E-03, 1.0101182E-01
8.15256E-08, -1.178377E-02, -9.09053E-03, 1.0084321E-01
8.15318E-08, -1.231070E-02, -8.66899E-03, 1.0080105E-01
8.15381E-08, -1.020299E-02, -8.45822E-03, 1.0080105E-01
8.15443E-08, -8.62221E-03, -8.14206E-03, 1.0075890E-01
8.15506E-08, -8.62221E-03, -7.50975E-03, 1.0075890E-01
8.15568E-08, -5.46064E-03, -7.19359E-03, 1.0075890E-01
8.15631E-08, -3.35293E-03, -6.45589E-03, 1.0084321E-01
8.15693E-08, -1.24522E-03, -5.82358E-03, 1.0092751E-01
8.15756E-08, 2.44328E-03, -5.29665E-03, 1.0096966E-01
8.15818E-08, 5.07792E-03, -4.55895E-03, 1.0105398E-01
8.15881E-08, 9.82027E-03, -3.92664E-03, 1.0118044E-01
8.15943E-08, 1.245491E-02, -3.18894E-03, 1.0126474E-01
8.16006E-08, 1.667033E-02, -2.55662E-03, 1.0139121E-01
8.16068E-08, 2.088575E-02, -2.13508E-03, 1.0147551E-01
8.16131E-08, 2.510118E-02, -1.29200E-03, 1.0155983E-01
8.16193E-08, 2.984353E-02, -7.6507E-04, 1.0164414E-01
8.16256E-08, 3.405895E-02, -3.4353E-04, 1.0177059E-01
8.16318E-08, 3.774745E-02, -2.3814E-04, 1.0189706E-01
8.16381E-08, 4.143594E-02, 1.8340E-04, 1.0193922E-01
8.16443E-08, 4.565137E-02, 4.9956E-04, 1.0198137E-01
8.16506E-08, 4.986679E-02, 8.1571E-04, 1.0198137E-01
8.16568E-08, 5.197450E-02, 9.2110E-04, 1.0202352E-01
8.16631E-08, 5.566299E-02, 1.13187E-03, 1.0198137E-01
8.16693E-08, 5.829763E-02, 1.13187E-03, 1.0198137E-01
8.16756E-08, 5.987842E-02, 1.13187E-03, 1.0198137E-01
8.16818E-08, 6.145920E-02, 9.2110E-04, 1.0181275E-01
8.16881E-08, 6.303998E-02, 9.2110E-04, 1.0172844E-01
8.16943E-08, 6.409384E-02, 7.1033E-04, 1.0168629E-01
8.17006E-08, 6.567463E-02, 7.1033E-04, 1.0151767E-01
8.17068E-08, 6.462077E-02, 4.9956E-04, 1.0143337E-01
8.17131E-08, 6.462077E-02, 2.8879E-04, 1.0126474E-01
8.17193E-08, 6.356691E-02, 7.801E-05, 1.0105398E-01
8.17256E-08, 6.251305E-02, -1.3276E-04, 1.0092751E-01
8.17318E-08, 6.093227E-02, -3.4353E-04, 1.0071674E-01
8.17381E-08, 5.987842E-02, -5.5430E-04, 1.0050597E-01
8.17443E-08, 5.671685E-02, -8.7046E-04, 1.0033736E-01
8.17506E-08, 5.460914E-02, -9.7584E-04, 1.0012658E-01
8.17568E-08, 5.197450E-02, -1.08123E-03, 9.995797E-02
8.17631E-08, 4.986679E-02, -1.29200E-03, 9.970504E-02
8.17693E-08, 4.670522E-02, -1.39738E-03, 9.945212E-02
8.17756E-08, 4.459751E-02, -1.50277E-03, 9.932565E-02
8.17818E-08, 4.090901E-02, -1.60815E-03, 9.915704E-02
8.17881E-08, 3.880130E-02, -1.50277E-03, 9.898842E-02
8.17943E-08, 3.616666E-02, -1.60815E-03, 9.877764E-02
8.18006E-08, 3.353202E-02, -1.81893E-03, 9.869334E-02
8.18068E-08, 3.142431E-02, -1.60815E-03, 9.839826E-02
8.18131E-08, 2.931660E-02, -1.81893E-03, 9.831395E-02
8.18193E-08, 2.826274E-02, -1.81893E-03, 9.818749E-02
8.18256E-08, 2.615503E-02, -1.60815E-03, 9.806103E-02
8.18318E-08, 2.510118E-02, -2.02970E-03, 9.801887E-02
8.18381E-08, 2.404732E-02, -2.02970E-03, 9.797671E-02
8.18443E-08, 2.404732E-02, -1.92431E-03, 9.789241E-02
8.18506E-08, 2.457425E-02, -2.13508E-03, 9.793456E-02
8.18568E-08, 2.352039E-02, -2.02970E-03, 9.789241E-02
8.18631E-08, 2.510118E-02, -2.13508E-03, 9.793456E-02
8.18693E-08, 2.404732E-02, -2.24047E-03, 9.793456E-02
8.18756E-08, 2.668196E-02, -2.55662E-03, 9.806103E-02
8.18818E-08, 2.668196E-02, -2.24047E-03, 9.810318E-02
8.18881E-08, 2.826274E-02, -2.45124E-03, 9.822964E-02
8.18943E-08, 2.984353E-02, -2.45124E-03, 9.844042E-02
8.19006E-08, 3.142431E-02, -2.55662E-03, 9.856687E-02
8.19068E-08, 3.247816E-02, -2.66201E-03, 9.877764E-02
8.19131E-08, 3.458588E-02, -2.76740E-03, 9.898842E-02
8.19193E-08, 3.563973E-02, -2.45124E-03, 9.919919E-02
8.19256E-08, 3.774745E-02, -2.45124E-03, 9.940996E-02
8.19318E-08, 3.827437E-02, -2.34585E-03, 9.970504E-02
8.19381E-08, 3.880130E-02, -2.13508E-03, 1.0000012E-01
8.19443E-08, 4.090901E-02, -1.81893E-03, 1.0033736E-01
8.19506E-08, 4.143594E-02, -1.39738E-03, 1.0054813E-01
8.19568E-08, 4.143594E-02, -1.18661E-03, 1.0080105E-01
8.19631E-08, 4.143594E-02, -5.5430E-04, 1.0109613E-01
8.19693E-08, 4.038208E-02, -2.737E-05, 1.0147551E-01
8.19756E-08, 4.038208E-02, 3.9417E-04, 1.0168629E-01
8.19818E-08, 4.038208E-02, 1.02648E-03, 1.0189706E-01
8.19881E-08, 3.880130E-02, 1.86957E-03, 1.0206567E-01
8.19943E-08, 3.774745E-02, 2.50188E-03, 1.0236076E-01
8.20006E-08, 3.722052E-02, 3.34497E-03, 1.0252938E-01
8.20068E-08, 3.563973E-02, 3.87190E-03, 1.0269799E-01
8.20131E-08, 3.300510E-02, 4.92575E-03, 1.0286660E-01
8.20193E-08, 3.142431E-02, 5.76884E-03, 1.0290876E-01
8.20256E-08, 2.878967E-02, 6.61192E-03, 1.0299307E-01
8.20318E-08, 2.720889E-02, 7.13885E-03, 1.0299307E-01
8.20381E-08, 2.510118E-02, 8.19270E-03, 1.0299307E-01
8.20443E-08, 2.193961E-02, 8.61425E-03, 1.0295092E-01
8.20506E-08, 2.035883E-02, 9.35195E-03, 1.0286660E-01
8.20568E-08, 1.772419E-02, 9.77349E-03, 1.0278230E-01
8.20631E-08, 1.456262E-02, 1.040580E-02, 1.0269799E-01
8.20693E-08, 1.245491E-02, 1.061657E-02, 1.0248722E-01
8.20756E-08, 1.087412E-02, 1.103811E-02, 1.0231860E-01
8.20818E-08, 9.29334E-03, 1.103811E-02, 1.0214999E-01
8.20881E-08, 8.23948E-03, 1.103811E-02, 1.0198137E-01
8.20943E-08, 6.65870E-03, 1.114350E-02, 1.0172844E-01
8.21006E-08, 4.55099E-03, 1.082734E-02, 1.0160198E-01
8.21068E-08, 4.55099E-03, 1.051119E-02, 1.0143337E-01
8.21131E-08, 4.02406E-03, 1.008964E-02, 1.0122259E-01
8.21193E-08, 2.97021E-03, 9.66810E-03, 1.0105398E-01
8.21256E-08, 1.91635E-03, 9.14117E-03, 1.0088536E-01
8.21318E-08, 1.91635E-03, 8.40348E-03, 1.0084321E-01
8.21381E-08, 1.91635E-03, 7.56039E-03, 1.0075890E-01
8.21443E-08, 2.44328E-03, 6.82269E-03, 1.0071674E-01
8.21506E-08, 2.97021E-03, 5.87422E-03, 1.0071674E-01
8.21568E-08, 2.44328E-03, 5.13652E-03, 1.0088536E-01
8.21631E-08, 2.97021E-03, 4.18805E-03, 1.0088536E-01
8.21693E-08, 4.02406E-03, 3.45035E-03, 1.0096966E-01
8.21756E-08, 3.49713E-03, 2.50188E-03, 1.0118044E-01
8.21818E-08, 4.02406E-03, 1.65880E-03, 1.0130690E-01
8.21881E-08, 6.13177E-03, 1.02648E-03, 1.0155983E-01
8.21943E-08, 6.13177E-03, 2.8879E-04, 1.0185491E-01
8.22006E-08, 6.65870E-03, -3.4353E-04, 1.0210783E-01
8.22068E-08, 6.65870E-03, -1.18661E-03, 1.0236076E-01
8.22131E-08, 7.71256E-03, -1.60815E-03, 1.0269799E-01
8.22193E-08, 7.18563E-03, -2.02970E-03, 1.0299307E-01
8.22256E-08, 7.71256E-03, -2.45124E-03, 1.0324600E-01
8.22318E-08, 8.23948E-03, -2.55662E-03, 1.0366753E-01
8.22381E-08, 8.76641E-03, -2.76740E-03, 1.0383616E-01
8.22443E-08, 8.23948E-03, -2.87278E-03, 1.0413124E-01
8.22506E-08, 8.23948E-03, -3.08355E-03, 1.0442632E-01
8.22568E-08, 8.23948E-03, -3.08355E-03, 1.0455278E-01
8.22631E-08, 7.71256E-03, -2.87278E-03, 1.0467924E-01
8.22693E-08, 8.23948E-03, -2.66201E-03, 1.0476355E-01
8.22756E-08, 7.18563E-03, -2.66201E-03, 1.0480570E-01
8.22818E-08, 6.65870E-03, -2.24047E-03, 1.0476355E-01
8.22881E-08, 7.18563E-03, -2.13508E-03, 1.0472139E-01
8.22943E-08, 6.13177E-03, -1.71354E-03, 1.0463709E-01
8.23006E-08, 7.18563E-03, -1.39738E-03, 1.0442632E-01
8.23068E-08, 6.65870E-03, -9.7584E-04, 1.0417338E-01
8.23131E-08, 7.18563E-03, -6.5968E-04, 1.0370969E-01
8.23193E-08, 6.65870E-03, -4.4891E-04, 1.0341461E-01
8.23256E-08, 6.65870E-03, 7.801E-05, 1.0290876E-01
8.23318E-08, 7.18563E-03, 2.8879E-04, 1.0244507E-01
8.23381E-08, 7.71256E-03, 7.1033E-04, 1.0202352E-01
8.23443E-08, 7.18563E-03, 1.13187E-03, 1.0143337E-01
8.23506E-08, 9.29334E-03, 1.34264E-03, 1.0088536E-01
8.23568E-08, 8.76641E-03, 1.97495E-03, 1.0025305E-01
8.23631E-08, 1.034720E-02, 2.50188E-03, 9.966289E-02
8.23693E-08, 1.034720E-02, 2.92343E-03, 9.907272E-02
8.23756E-08, 1.192798E-02, 3.34497E-03, 9.852472E-02
8.23818E-08, 1.245491E-02, 3.97728E-03, 9.801887E-02
8.23881E-08, 1.298183E-02, 4.60959E-03, 9.747086E-02
8.23943E-08, 1.456262E-02, 5.13652E-03, 9.696501E-02
8.24006E-08, 1.508955E-02, 5.76884E-03, 9.654348E-02
8.24068E-08, 1.667033E-02, 6.50653E-03, 9.612193E-02
8.24131E-08, 1.772419E-02, 7.24423E-03, 9.578469E-02
8.24193E-08, 1.772419E-02, 7.87655E-03, 9.553177E-02
8.24256E-08, 1.772419E-02, 8.82502E-03, 9.523669E-02
8.24318E-08, 1.930497E-02, 9.66810E-03, 9.515239E-02
8.24381E-08, 1.983190E-02, 1.040580E-02, 9.506807E-02
8.24443E-08, 2.035883E-02, 1.135427E-02, 9.511023E-02
8.24506E-08, 2.088575E-02, 1.209197E-02, 9.506807E-02
8.24568E-08, 2.141268E-02, 1.293505E-02, 9.515239E-02
8.24631E-08, 2.088575E-02, 1.388352E-02, 9.536316E-02
8.24693E-08, 2.088575E-02, 1.451584E-02, 9.557392E-02
8.24756E-08, 2.088575E-02, 1.535892E-02, 9.586900E-02
8.24818E-08, 2.088575E-02, 1.599124E-02, 9.620624E-02
8.24881E-08, 2.088575E-02, 1.662355E-02, 9.645917E-02
8.24943E-08, 1.930497E-02, 1.683432E-02, 9.692286E-02
8.25006E-08, 1.983190E-02, 1.736125E-02, 9.730225E-02
8.25068E-08, 1.983190E-02, 1.736125E-02, 9.772379E-02
8.25131E-08, 1.930497E-02, 1.767741E-02, 9.810318E-02
8.25193E-08, 1.930497E-02, 1.746663E-02, 9.852472E-02
8.25256E-08, 1.930497E-02, 1.736125E-02, 9.886196E-02
8.25318E-08, 1.930497E-02, 1.683432E-02, 9.936780E-02
8.25381E-08, 1.930497E-02, 1.651816E-02, 9.957857E-02
8.25443E-08, 1.983190E-02, 1.567508E-02, 9.995797E-02
8.25506E-08, 1.983190E-02, 1.493738E-02, 1.0021089E-01
8.25568E-08, 2.141268E-02, 1.419968E-02, 1.0046382E-01
8.25631E-08, 2.193961E-02, 1.325121E-02, 1.0067458E-01
8.25693E-08, 2.299346E-02, 1.188120E-02, 1.0084321E-01
8.25756E-08, 2.510118E-02, 1.072196E-02, 1.0092751E-01
8.25818E-08, 2.562810E-02, 9.45733E-03, 1.0109613E-01
8.25881E-08, 2.773582E-02, 8.29809E-03, 1.0105398E-01
8.25943E-08, 3.037046E-02, 6.92808E-03, 1.0101182E-01
8.26006E-08, 3.247816E-02, 5.66345E-03, 1.0101182E-01
8.26068E-08, 3.458588E-02, 4.39882E-03, 1.0092751E-01
8.26131E-08, 3.722052E-02, 3.23958E-03, 1.0080105E-01
8.26193E-08, 3.985516E-02, 1.97495E-03, 1.0063244E-01
8.26256E-08, 4.301672E-02, 1.13187E-03, 1.0054813E-01
8.26318E-08, 4.459751E-02, 7.801E-05, 1.0033736E-01
8.26381E-08, 4.723215E-02, -9.7584E-04, 1.0025305E-01
8.26443E-08, 5.039372E-02, -1.71354E-03, 1.0000012E-01
8.26506E-08, 5.355528E-02, -2.34585E-03, 9.978935E-02
8.26568E-08, 5.671685E-02, -2.66201E-03, 9.962073E-02
8.26631E-08, 5.829763E-02, -3.18894E-03, 9.945212E-02
8.26693E-08, 6.040534E-02, -3.61048E-03, 9.924135E-02
8.26756E-08, 6.198613E-02, -3.39971E-03, 9.915704E-02
8.26818E-08, 6.251305E-02, -3.50509E-03, 9.907272E-02
8.26881E-08, 6.462077E-02, -3.50509E-03, 9.886196E-02
8.26943E-08, 6.514770E-02, -3.18894E-03, 9.886196E-02
8.27006E-08, 6.514770E-02, -2.97817E-03, 9.886196E-02
8.27068E-08, 6.567463E-02, -2.45124E-03, 9.877764E-02
8.27131E-08, 6.567463E-02, -2.24047E-03, 9.873550E-02
8.27193E-08, 6.462077E-02, -1.81893E-03, 9.869334E-02
8.27256E-08, 6.251305E-02, -1.29200E-03, 9.873550E-02
8.27318E-08, 6.145920E-02, -8.7046E-04, 9.886196E-02
8.27381E-08, 5.882456E-02, -4.4891E-04, 9.894627E-02
8.27443E-08, 5.671685E-02, -1.3276E-04, 9.894627E-02
8.27506E-08, 5.355528E-02, 2.8879E-04, 9.894627E-02
8.27568E-08, 5.039372E-02, 3.9417E-04, 9.907272E-02
8.27631E-08, 4.723215E-02, 4.9956E-04, 9.915704E-02
8.27693E-08, 4.407058E-02, 7.1033E-04, 9.919919E-02
8.27756E-08, 4.090901E-02, 3.9417E-04, 9.932565E-02
8.27818E-08, 3.722052E-02, 2.8879E-04, 9.940996E-02
8.27881E-08, 3.405895E-02, 3.9417E-04, 9.945212E-02
8.27943E-08, 2.984353E-02, -2.737E-05, 9.945212E-02
8.28006E-08, 2.720889E-02, -4.4891E-04, 9.949427E-02
8.28068E-08, 2.246654E-02, -8.7046E-04, 9.949427E-02
8.28131E-08, 1.983190E-02, -1.18661E-03, 9.949427E-02
8.28193E-08, 1.772419E-02, -1.60815E-03, 9.940996E-02
8.28256E-08, 1.456262E-02, -2.02970E-03, 9.932565E-02
8.28318E-08, 1.140105E-02, -2.34585E-03, 9.932565E-02
8.28381E-08, 9.82027E-03, -2.76740E-03, 9.924135E-02
8.28443E-08, 8.76641E-03, -2.87278E-03, 9.915704E-02
8.28506E-08, 7.18563E-03, -3.08355E-03, 9.898842E-02
8.28568E-08, 6.65870E-03, -3.61048E-03, 9.890411E-02
8.28631E-08, 5.60485E-03, -3.50509E-03, 9.869334E-02
8.28693E-08, 5.07792E-03, -3.39971E-03, 9.856687E-02
8.28756E-08, 5.07792E-03, -3.39971E-03, 9.844042E-02
8.28818E-08, 6.13177E-03, -3.08355E-03, 9.822964E-02
8.28881E-08, 6.65870E-03, -2.66201E-03, 9.814534E-02
8.28943E-08, 8.23948E-03, -2.02970E-03, 9.806103E-02
8.29006E-08, 9.82027E-03, -1.29200E-03, 9.789241E-02
8.29068E-08, 1.034720E-02, -7.6507E-04, 9.785026E-02
8.29131E-08, 1.245491E-02, 2.8879E-04, 9.768163E-02
8.29193E-08, 1.350876E-02, 1.13187E-03, 9.763949E-02
8.29256E-08, 1.667033E-02, 2.39650E-03, 9.759733E-02
8.29318E-08, 1.772419E-02, 3.45035E-03, 9.755518E-02
8.29381E-08, 2.035883E-02, 4.39882E-03, 9.759733E-02
8.29443E-08, 2.193961E-02, 5.66345E-03, 9.755518E-02
8.29506E-08, 2.404732E-02, 7.03346E-03, 9.763949E-02
8.29568E-08, 2.562810E-02, 7.87655E-03, 9.759733E-02
8.29631E-08, 2.773582E-02, 9.14117E-03, 9.776594E-02
8.29693E-08, 2.826274E-02, 9.98426E-03, 9.785026E-02
8.29756E-08, 2.931660E-02, 1.082734E-02, 9.797671E-02
8.29818E-08, 2.931660E-02, 1.167043E-02, 9.810318E-02
8.29881E-08, 3.037046E-02, 1.219736E-02, 9.818749E-02
8.29943E-08, 3.037046E-02, 1.251351E-02, 9.839826E-02
8.30006E-08, 3.089738E-02, 1.282967E-02, 9.848256E-02
8.30068E-08, 2.931660E-02, 1.293505E-02, 9.869334E-02
8.30131E-08, 2.878967E-02, 1.304044E-02, 9.881980E-02
8.30193E-08, 2.668196E-02, 1.261890E-02, 9.903057E-02
8.30256E-08, 2.668196E-02, 1.219736E-02, 9.915704E-02
8.30318E-08, 2.299346E-02, 1.156504E-02, 9.936780E-02
8.30381E-08, 2.141268E-02, 1.082734E-02, 9.945212E-02
8.30443E-08, 1.877804E-02, 9.98426E-03, 9.957857E-02
8.30506E-08, 1.614340E-02, 8.71963E-03, 9.966289E-02
8.30568E-08, 1.350876E-02, 7.66578E-03, 9.983150E-02
8.30631E-08, 1.034720E-02, 6.29576E-03, 9.987365E-02
8.30693E-08, 6.65870E-03, 4.82037E-03, 9.987365E-02
8.30756E-08, 3.49713E-03, 3.34497E-03, 9.991581E-02
8.30818E-08, 3.3557E-04, 1.86957E-03, 9.995797E-02
8.30881E-08, -2.82600E-03, 2.8879E-04, 9.987365E-02
8.30943E-08, -5.98757E-03, -1.18661E-03, 9.991581E-02
8.31006E-08, -8.62221E-03, -2.76740E-03, 9.978935E-02
8.31068E-08, -1.125685E-02, -4.13741E-03, 9.974720E-02
8.31131E-08, -1.336456E-02, -5.50742E-03, 9.966289E-02
8.31193E-08, -1.705305E-02, -6.77205E-03, 9.953643E-02
8.31256E-08, -1.810691E-02, -8.03667E-03, 9.940996E-02
8.31318E-08, -2.021462E-02, -9.19592E-03, 9.915704E-02
8.31381E-08, -2.179541E-02, -1.035516E-02, 9.915704E-02
8.31443E-08, -2.337619E-02, -1.098747E-02, 9.894627E-02
8.31506E-08, -2.390312E-02, -1.183056E-02, 9.886196E-02
8.31568E-08, -2.443004E-02, -1.246287E-02, 9.869334E-02
8.31631E-08, -2.337619E-02, -1.288441E-02, 9.848256E-02
8.31693E-08, -2.284926E-02, -1.330595E-02, 9.839826E-02
8.31756E-08, -2.179541E-02, -1.362211E-02, 9.814534E-02
8.31818E-08, -2.126848E-02, -1.362211E-02, 9.810318E-02
8.31881E-08, -1.810691E-02, -1.383288E-02, 9.797671E-02
8.31943E-08, -1.652613E-02, -1.414904E-02, 9.789241E-02
8.32006E-08, -1.441841E-02, -1.393827E-02, 9.785026E-02
8.32068E-08, -1.125685E-02, -1.383288E-02, 9.780810E-02
8.32131E-08, -8.09528E-03, -1.362211E-02, 9.772379E-02
8.32193E-08, -5.46064E-03, -1.351672E-02, 9.776594E-02
8.32256E-08, -1.77215E-03, -1.330595E-02, 9.776594E-02
8.32318E-08, 1.91635E-03, -1.309518E-02, 9.776594E-02
8.32381E-08, 4.55099E-03, -1.298980E-02, 9.780810E-02
8.32443E-08, 8.23948E-03, -1.277903E-02, 9.793456E-02
8.32506E-08, 1.245491E-02, -1.246287E-02, 9.801887E-02
8.32568E-08, 1.561647E-02, -1.225210E-02, 9.814534E-02
8.32631E-08, 1.877804E-02, -1.214671E-02, 9.822964E-02
8.32693E-08, 2.246654E-02, -1.225210E-02, 9.844042E-02
8.32756E-08, 2.562810E-02, -1.214671E-02, 9.856687E-02
8.32818E-08, 2.773582E-02, -1.214671E-02, 9.873550E-02
8.32881E-08, 2.984353E-02, -1.214671E-02, 9.881980E-02
8.32943E-08, 3.247816E-02, -1.225210E-02, 9.898842E-02
8.33006E-08, 3.405895E-02, -1.256825E-02, 9.919919E-02
8.33068E-08, 3.563973E-02, -1.246287E-02, 9.940996E-02
8.33131E-08, 3.616666E-02, -1.256825E-02, 9.945212E-02
8.33193E-08, 3.827437E-02, -1.256825E-02, 9.966289E-02
8.33256E-08, 3.932823E-02, -1.256825E-02, 9.974720E-02
8.33318E-08, 3.827437E-02, -1.267364E-02, 9.987365E-02
8.33381E-08, 3.827437E-02, -1.267364E-02, 9.987365E-02
8.33443E-08, 3.722052E-02, -1.256825E-02, 9.995797E-02
8.33506E-08, 3.774745E-02, -1.235748E-02, 9.991581E-02
8.33568E-08, 3.669359E-02, -1.214671E-02, 9.995797E-02
8.33631E-08, 3.563973E-02, -1.193594E-02, 9.983150E-02
8.33693E-08, 3.353202E-02, -1.161978E-02, 9.978935E-02
8.33756E-08, 3.300510E-02, -1.119824E-02, 9.970504E-02
8.33818E-08, 3.037046E-02, -1.077670E-02, 9.957857E-02
8.33881E-08, 2.931660E-02, -1.014439E-02, 9.932565E-02
8.33943E-08, 2.720889E-02, -9.61746E-03, 9.919919E-02
8.34006E-08, 2.562810E-02, -8.98515E-03, 9.894627E-02
8.34068E-08, 2.457425E-02, -8.35283E-03, 9.873550E-02
8.34131E-08, 2.246654E-02, -7.61513E-03, 9.844042E-02
8.34193E-08, 2.088575E-02, -6.66666E-03, 9.814534E-02
8.34256E-08, 2.035883E-02, -5.82358E-03, 9.785026E-02
8.34318E-08, 1.825111E-02, -5.08588E-03, 9.759733E-02
8.34381E-08, 1.825111E-02, -4.34818E-03, 9.713363E-02
8.34443E-08, 1.667033E-02, -3.50509E-03, 9.700717E-02
8.34506E-08, 1.614340E-02, -2.76740E-03, 9.662778E-02
8.34568E-08, 1.614340E-02, -2.02970E-03, 9.629055E-02
8.34631E-08, 1.508955E-02, -1.60815E-03, 9.603762E-02
8.34693E-08, 1.456262E-02, -8.7046E-04, 9.582685E-02
8.34756E-08, 1.508955E-02, -2.3814E-04, 9.557392E-02
8.34818E-08, 1.561647E-02, 7.801E-05, 9.536316E-02
8.34881E-08, 1.614340E-02, 3.9417E-04, 9.511023E-02
8.34943E-08, 1.667033E-02, 7.1033E-04, 9.502592E-02
8.35006E-08, 1.667033E-02, 9.2110E-04, 9.489946E-02
8.35068E-08, 1.719726E-02, 8.1571E-04, 9.477299E-02
8.35131E-08, 1.772419E-02, 6.0494E-04, 9.473084E-02
8.35193E-08, 1.877804E-02, 3.9417E-04, 9.468868E-02
8.35256E-08, 1.983190E-02, 2.8879E-04, 9.473084E-02
8.35318E-08, 1.983190E-02, -3.4353E-04, 9.477299E-02
8.35381E-08, 2.088575E-02, -8.7046E-04, 9.481515E-02
8.35443E-08, 2.141268E-02, -1.29200E-03, 9.498376E-02
8.35506E-08, 2.246654E-02, -1.92431E-03, 9.498376E-02
8.35568E-08, 2.246654E-02, -2.66201E-03, 9.515239E-02
8.35631E-08, 2.404732E-02, -3.39971E-03, 9.527884E-02
8.35693E-08, 2.352039E-02, -4.24279E-03, 9.553177E-02
8.35756E-08, 2.404732E-02, -4.76972E-03, 9.570039E-02
8.35818E-08, 2.352039E-02, -5.71819E-03, 9.582685E-02
8.35881E-08, 2.510118E-02, -6.45589E-03, 9.595332E-02
8.35943E-08, 2.510118E-02, -7.29898E-03, 9.620624E-02
8.36006E-08, 2.457425E-02, -8.03667E-03, 9.637485E-02
8.36068E-08, 2.562810E-02, -8.77437E-03, 9.650132E-02
8.36131E-08, 2.510118E-02, -9.51207E-03, 9.658562E-02
8.36193E-08, 2.510118E-02, -1.003900E-02, 9.666993E-02
8.36256E-08, 2.510118E-02, -1.056593E-02, 9.679640E-02
8.36318E-08, 2.615503E-02, -1.098747E-02, 9.679640E-02
8.36381E-08, 2.615503E-02, -1.151440E-02, 9.692286E-02
8.36443E-08, 2.615503E-02, -1.172517E-02, 9.683856E-02
8.36506E-08, 2.668196E-02, -1.183056E-02, 9.688070E-02
8.36568E-08, 2.668196E-02, -1.214671E-02, 9.679640E-02
8.36631E-08, 2.720889E-02, -1.193594E-02, 9.671209E-02
8.36693E-08, 2.826274E-02, -1.204133E-02, 9.666993E-02
8.36756E-08, 2.878967E-02, -1.193594E-02, 9.650132E-02
8.36818E-08, 2.878967E-02, -1.172517E-02, 9.641701E-02
8.36881E-08, 2.984353E-02, -1.130363E-02, 9.620624E-02
8.36943E-08, 2.931660E-02, -1.098747E-02, 9.616408E-02
8.37006E-08, 2.984353E-02, -1.067131E-02, 9.591116E-02
8.37068E-08, 3.089738E-02, -1.035516E-02, 9.582685E-02
8.37131E-08, 3.142431E-02, -9.72284E-03, 9.557392E-02
8.37193E-08, 3.142431E-02, -9.19592E-03, 9.548961E-02
8.37256E-08, 3.142431E-02, -8.77437E-03, 9.527884E-02
8.37318E-08, 3.089738E-02, -8.14206E-03, 9.515239E-02
8.37381E-08, 3.089738E-02, -7.61513E-03, 9.506807E-02
8.37443E-08, 2.984353E-02, -6.87743E-03, 9.502592E-02
8.37506E-08, 2.826274E-02, -6.45589E-03, 9.489946E-02
8.37568E-08, 2.773582E-02, -6.03435E-03, 9.494161E-02
8.37631E-08, 2.615503E-02, -5.29665E-03, 9.485731E-02
8.37693E-08, 2.457425E-02, -5.08588E-03, 9.489946E-02
8.37756E-08, 2.299346E-02, -4.55895E-03, 9.502592E-02
8.37818E-08, 1.983190E-02, -4.34818E-03, 9.506807E-02
8.37881E-08, 1.772419E-02, -4.13741E-03, 9.515239E-02
8.37943E-08, 1.403569E-02, -3.71587E-03, 9.523669E-02
8.38006E-08, 1.192798E-02, -3.71587E-03, 9.540531E-02
8.38068E-08, 9.29334E-03, -3.71587E-03, 9.561608E-02
8.38131E-08, 5.60485E-03, -3.50509E-03, 9.565824E-02
8.38193E-08, 2.97021E-03, -3.71587E-03, 9.582685E-02
8.38256E-08, -1.9136E-04, -3.71587E-03, 9.607977E-02
8.38318E-08, -3.87986E-03, -4.03202E-03, 9.629055E-02
8.38381E-08, -6.51450E-03, -4.24279E-03, 9.641701E-02
8.38443E-08, -8.62221E-03, -4.55895E-03, 9.658562E-02
8.38506E-08, -1.125685E-02, -4.98049E-03, 9.666993E-02
8.38568E-08, -1.283763E-02, -5.29665E-03, 9.679640E-02
8.38631E-08, -1.494534E-02, -5.92896E-03, 9.692286E-02
8.38693E-08, -1.599920E-02, -6.35051E-03, 9.700717E-02
8.38756E-08, -1.757998E-02, -6.98282E-03, 9.704933E-02
8.38818E-08, -1.757998E-02, -7.61513E-03, 9.709148E-02
8.38881E-08, -1.705305E-02, -8.35283E-03, 9.700717E-02
8.38943E-08, -1.757998E-02, -8.87976E-03, 9.704933E-02
8.39006E-08, -1.705305E-02, -9.51207E-03, 9.696501E-02
8.39068E-08, -1.547227E-02, -1.014439E-02, 9.688070E-02
8.39131E-08, -1.336456E-02, -1.067131E-02, 9.666993E-02
8.39193E-08, -1.125685E-02, -1.140901E-02, 9.666993E-02
8.39256E-08, -9.14914E-03, -1.193594E-02, 9.650132E-02
8.39318E-08, -6.51450E-03, -1.225210E-02, 9.629055E-02
8.39381E-08, -2.29907E-03, -1.267364E-02, 9.616408E-02
8.39443E-08, -7.1829E-04, -1.309518E-02, 9.599547E-02
8.39506E-08, 2.97021E-03, -1.341134E-02, 9.574255E-02
8.39568E-08, 7.18563E-03, -1.362211E-02, 9.561608E-02
8.39631E-08, 1.034720E-02, -1.383288E-02, 9.540531E-02
8.39693E-08, 1.403569E-02, -1.393827E-02, 9.527884E-02
8.39756E-08, 1.719726E-02, -1.393827E-02, 9.519454E-02
8.39818E-08, 2.088575E-02, -1.383288E-02, 9.511023E-02
8.39881E-08, 2.352039E-02, -1.362211E-02, 9.494161E-02
8.39943E-08, 2.562810E-02, -1.330595E-02, 9.489946E-02
8.40006E-08, 2.826274E-02, -1.288441E-02, 9.489946E-02
8.40068E-08, 3.037046E-02, -1.235748E-02, 9.489946E-02
8.40131E-08, 3.142431E-02, -1.183056E-02, 9.494161E-02
8.40193E-08, 3.300510E-02, -1.130363E-02, 9.506807E-02
8.40256E-08, 3.353202E-02, -1.035516E-02, 9.515239E-02
8.40318E-08, 3.247816E-02, -9.61746E-03, 9.532100E-02
8.40381E-08, 3.247816E-02, -8.66899E-03, 9.553177E-02
8.40443E-08, 3.089738E-02, -7.82590E-03, 9.570039E-02
8.40506E-08, 3.142431E-02, -6.77205E-03, 9.595332E-02
8.40568E-08, 2.878967E-02, -5.82358E-03, 9.616408E-02
8.40631E-08, 2.773582E-02, -4.76972E-03, 9.637485E-02
8.40693E-08, 2.615503E-02, -3.82125E-03, 9.671209E-02
8.40756E-08, 2.457425E-02, -2.87278E-03, 9.700717E-02
8.40818E-08, 2.193961E-02, -1.92431E-03, 9.730225E-02
8.40881E-08, 2.035883E-02, -8.7046E-04, 9.755518E-02
8.40943E-08, 1.772419E-02, 7.801E-05, 9.785026E-02
8.41006E-08, 1.719726E-02, 1.02648E-03, 9.806103E-02
8.41068E-08, 1.508955E-02, 1.76418E-03, 9.835611E-02
8.41131E-08, 1.350876E-02, 2.60727E-03, 9.856687E-02
8.41193E-08, 1.245491E-02, 3.34497E-03, 9.877764E-02
8.41256E-08, 1.245491E-02, 3.87190E-03, 9.890411E-02
8.41318E-08, 1.140105E-02, 4.18805E-03, 9.907272E-02
8.41381E-08, 1.245491E-02, 4.60959E-03, 9.919919E-02
8.41443E-08, 1.298183E-02, 4.82037E-03, 9.915704E-02
8.41506E-08, 1.298183E-02, 5.13652E-03, 9.928350E-02
8.41568E-08, 1.403569E-02, 5.13652E-03, 9.928350E-02
8.41631E-08, 1.772419E-02, 5.03114E-03, 9.919919E-02
8.41693E-08, 1.825111E-02, 4.71498E-03, 9.919919E-02
8.41756E-08, 1.983190E-02, 4.39882E-03, 9.911488E-02
8.41818E-08, 2.246654E-02, 3.97728E-03, 9.894627E-02
8.41881E-08, 2.457425E-02, 3.55574E-03, 9.877764E-02
8.41943E-08, 2.720889E-02, 2.60727E-03, 9.869334E-02
8.42006E-08, 2.878967E-02, 1.97495E-03, 9.839826E-02
8.42068E-08, 3.089738E-02, 1.34264E-03, 9.827179E-02
8.42131E-08, 3.405895E-02, 3.9417E-04, 9.810318E-02
8.42193E-08, 3.458588E-02, -5.5430E-04, 9.785026E-02
8.42256E-08, 3.669359E-02, -1.71354E-03, 9.763949E-02
8.42318E-08, 3.774745E-02, -2.66201E-03, 9.751302E-02
8.42381E-08, 3.722052E-02, -3.92664E-03, 9.726010E-02
8.42443E-08, 3.774745E-02, -4.66434E-03, 9.709148E-02
8.42506E-08, 3.669359E-02, -5.92896E-03, 9.696501E-02
8.42568E-08, 3.563973E-02, -6.98282E-03, 9.679640E-02
8.42631E-08, 3.405895E-02, -8.24745E-03, 9.666993E-02
8.42693E-08, 3.089738E-02, -9.19592E-03, 9.658562E-02
8.42756E-08, 2.826274E-02, -1.003900E-02, 9.645917E-02
8.42818E-08, 2.510118E-02, -1.119824E-02, 9.641701E-02
8.42881E-08, 2.141268E-02, -1.204133E-02, 9.629055E-02
8.42943E-08, 1.667033E-02, -1.298980E-02, 9.633270E-02
8.43006E-08, 1.245491E-02, -1.372750E-02, 9.629055E-02
8.43068E-08, 6.65870E-03, -1.435981E-02, 9.629055E-02
8.43131E-08, 1.91635E-03, -1.509751E-02, 9.637485E-02
8.43193E-08, -3.87986E-03, -1.572982E-02, 9.637485E-02
8.43256E-08, -8.62221E-03, -1.615136E-02, 9.641701E-02
8.43318E-08, -1.389149E-02, -1.646752E-02, 9.645917E-02
8.43381E-08, -1.863384E-02, -1.678368E-02, 9.658562E-02
8.43443E-08, -2.337619E-02, -1.699445E-02, 9.658562E-02
8.43506E-08, -2.759161E-02, -1.720522E-02, 9.671209E-02
8.43568E-08, -3.180704E-02, -1.752138E-02, 9.688070E-02
8.43631E-08, -3.444167E-02, -1.741599E-02, 9.688070E-02
8.43693E-08, -3.760324E-02, -1.741599E-02, 9.696501E-02
8.43756E-08, -3.865710E-02, -1.731060E-02, 9.700717E-02
8.43818E-08, -4.181866E-02, -1.720522E-02, 9.713363E-02
8.43881E-08, -4.129174E-02, -1.709983E-02, 9.717578E-02
8.43943E-08, -4.234559E-02, -1.699445E-02, 9.726010E-02
8.44006E-08, -4.129174E-02, -1.667829E-02, 9.730225E-02
8.44068E-08, -3.971095E-02, -1.625675E-02, 9.738655E-02
8.44131E-08, -3.760324E-02, -1.583521E-02, 9.738655E-02
8.44193E-08, -3.549553E-02, -1.562444E-02, 9.747086E-02
8.44256E-08, -3.180704E-02, -1.530828E-02, 9.747086E-02
8.44318E-08, -2.864547E-02, -1.488674E-02, 9.751302E-02
8.44381E-08, -2.548390E-02, -1.457058E-02, 9.755518E-02
8.44443E-08, -2.126848E-02, -1.414904E-02, 9.759733E-02
8.44506E-08, -1.810691E-02, -1.372750E-02, 9.763949E-02
8.44568E-08, -1.389149E-02, -1.341134E-02, 9.763949E-02
8.44631E-08, -9.14914E-03, -1.288441E-02, 9.763949E-02
8.44693E-08, -5.98757E-03, -1.267364E-02, 9.768163E-02
8.44756E-08, -2.29907E-03, -1.246287E-02, 9.768163E-02
8.44818E-08, 8.6249E-04, -1.193594E-02, 9.776594E-02
8.44881E-08, 4.02406E-03, -1.140901E-02, 9.776594E-02
8.44943E-08, 6.13177E-03, -1.109286E-02, 9.780810E-02
8.45006E-08, 7.71256E-03, -1.088209E-02, 9.780810E-02
8.45068E-08, 8.76641E-03, -1.035516E-02, 9.789241E-02
8.45131E-08, 1.087412E-02, -1.003900E-02, 9.789241E-02
8.45193E-08, 1.087412E-02, -9.72284E-03, 9.789241E-02
8.45256E-08, 1.087412E-02, -9.51207E-03, 9.789241E-02
8.45318E-08, 8.76641E-03, -9.09053E-03, 9.793456E-02
8.45381E-08, 8.23948E-03, -8.87976E-03, 9.789241E-02
8.45443E-08, 6.65870E-03, -8.66899E-03, 9.789241E-02
8.45506E-08, 2.97021E-03, -8.14206E-03, 9.780810E-02
8.45568E-08, 1.38942E-03, -7.82590E-03, 9.780810E-02
8.45631E-08, -7.1829E-04, -7.61513E-03, 9.772379E-02
8.45693E-08, -4.40678E-03, -7.29898E-03, 9.780810E-02
8.45756E-08, -8.09528E-03, -6.98282E-03, 9.759733E-02
8.45818E-08, -1.072992E-02, -6.87743E-03, 9.751302E-02
8.45881E-08, -1.283763E-02, -6.35051E-03, 9.747086E-02
8.45943E-08, -1.599920E-02, -6.35051E-03, 9.730225E-02
8.46006E-08, -1.757998E-02, -6.13973E-03, 9.704933E-02
8.46068E-08, -2.074155E-02, -5.92896E-03, 9.688070E-02
8.46131E-08, -2.179541E-02, -5.71819E-03, 9.675425E-02
8.46193E-08, -2.390312E-02, -5.82358E-03, 9.645917E-02
8.46256E-08, -2.232233E-02, -5.50742E-03, 9.629055E-02
8.46318E-08, -2.390312E-02, -5.40204E-03, 9.603762E-02
8.46381E-08, -2.337619E-02, -5.40204E-03, 9.574255E-02
8.46443E-08, -2.232233E-02, -5.29665E-03, 9.544747E-02
8.46506E-08, -2.021462E-02, -5.40204E-03, 9.511023E-02
8.46568E-08, -1.863384E-02, -5.50742E-03, 9.485731E-02
8.46631E-08, -1.652613E-02, -5.40204E-03, 9.452007E-02
8.46693E-08, -1.231070E-02, -5.82358E-03, 9.426714E-02
8.46756E-08, -1.020299E-02, -5.82358E-03, 9.388775E-02
8.46818E-08, -5.98757E-03, -6.24512E-03, 9.367698E-02
8.46881E-08, -2.82600E-03, -6.13973E-03, 9.338190E-02
8.46943E-08, 1.38942E-03, -6.56128E-03, 9.308682E-02
8.47006E-08, 5.60485E-03, -6.66666E-03, 9.279174E-02
8.47068E-08, 1.034720E-02, -7.29898E-03, 9.258097E-02
8.47131E-08, 1.350876E-02, -7.50975E-03, 9.232805E-02
8.47193E-08, 1.614340E-02, -7.82590E-03, 9.211728E-02
8.47256E-08, 2.088575E-02, -8.24745E-03, 9.199081E-02
8.47318E-08, 2.246654E-02, -8.56360E-03, 9.178004E-02
8.47381E-08, 2.615503E-02, -8.77437E-03, 9.169573E-02
8.47443E-08, 2.720889E-02, -9.09053E-03, 9.169573E-02
8.47506E-08, 3.089738E-02, -9.40669E-03, 9.156927E-02
8.47568E-08, 3.037046E-02, -9.72284E-03, 9.156927E-02
8.47631E-08, 3.142431E-02, -9.93362E-03, 9.161143E-02
8.47693E-08, 3.037046E-02, -1.003900E-02, 9.161143E-02
8.47756E-08, 2.984353E-02, -1.046054E-02, 9.178004E-02
8.47818E-08, 2.878967E-02, -1.024977E-02, 9.186435E-02
8.47881E-08, 2.773582E-02, -1.024977E-02, 9.190651E-02
8.47943E-08, 2.457425E-02, -1.024977E-02, 9.215944E-02
8.48006E-08, 2.299346E-02, -1.014439E-02, 9.228589E-02
8.48068E-08, 1.877804E-02, -9.82823E-03, 9.253882E-02
8.48131E-08, 1.667033E-02, -9.40669E-03, 9.274960E-02
8.48193E-08, 1.298183E-02, -9.19592E-03, 9.300252E-02
8.48256E-08, 1.087412E-02, -8.87976E-03, 9.321329E-02
8.48318E-08, 6.13177E-03, -8.24745E-03, 9.346621E-02
8.48381E-08, 2.97021E-03, -7.72052E-03, 9.371914E-02
8.48443E-08, -1.9136E-04, -6.87743E-03, 9.401422E-02
8.48506E-08, -3.35293E-03, -6.13973E-03, 9.418283E-02
8.48568E-08, -6.51450E-03, -5.50742E-03, 9.443576E-02
8.48631E-08, -8.62221E-03, -4.66434E-03, 9.464654E-02
8.48693E-08, -1.072992E-02, -3.71587E-03, 9.489946E-02
8.48756E-08, -1.283763E-02, -2.66201E-03, 9.511023E-02
8.48818E-08, -1.441841E-02, -1.71354E-03, 9.527884E-02
8.48881E-08, -1.547227E-02, -7.6507E-04, 9.540531E-02
8.48943E-08, -1.494534E-02, 3.9417E-04, 9.548961E-02
8.49006E-08, -1.547227E-02, 1.44803E-03, 9.570039E-02
8.49068E-08, -1.441841E-02, 2.39650E-03, 9.574255E-02
8.49131E-08, -1.389149E-02, 3.55574E-03, 9.574255E-02
8.49193E-08, -1.178377E-02, 4.71498E-03, 9.578469E-02
8.49256E-08, -1.020299E-02, 5.45268E-03, 9.578469E-02
8.49318E-08, -8.09528E-03, 6.61192E-03, 9.578469E-02
8.49381E-08, -5.98757E-03, 7.34962E-03, 9.582685E-02
8.49443E-08, -3.35293E-03, 8.29809E-03, 9.570039E-02
8.49506E-08, 3.3557E-04, 9.14117E-03, 9.561608E-02
8.49568E-08, 1.38942E-03, 9.87887E-03, 9.548961E-02
8.49631E-08, 5.07792E-03, 1.040580E-02, 9.536316E-02
8.49693E-08, 8.23948E-03, 1.124889E-02, 9.523669E-02
8.49756E-08, 1.087412E-02, 1.167043E-02, 9.515239E-02
8.49818E-08, 1.192798E-02, 1.188120E-02, 9.498376E-02
8.49881E-08, 1.508955E-02, 1.219736E-02, 9.481515E-02
8.49943E-08, 1.719726E-02, 1.230274E-02, 9.468868E-02
8.50006E-08, 1.877804E-02, 1.251351E-02, 9.456223E-02
8.50068E-08, 2.141268E-02, 1.240813E-02, 9.439361E-02
8.50131E-08, 2.299346E-02, 1.219736E-02, 9.426714E-02
8.50193E-08, 2.352039E-02, 1.198658E-02, 9.422499E-02
8.50256E-08, 2.404732E-02, 1.167043E-02, 9.414068E-02
8.50318E-08, 2.457425E-02, 1.124889E-02, 9.405638E-02
8.50381E-08, 2.510118E-02, 1.072196E-02, 9.401422E-02
8.50443E-08, 2.404732E-02, 9.98426E-03, 9.392991E-02
8.50506E-08, 2.404732E-02, 9.24656E-03, 9.388775E-02
8.50568E-08, 2.299346E-02, 8.29809E-03, 9.392991E-02
8.50631E-08, 2.299346E-02, 7.34962E-03, 9.392991E-02
8.50693E-08, 2.193961E-02, 6.29576E-03, 9.401422E-02
8.50756E-08, 2.035883E-02, 5.24191E-03, 9.409853E-02
8.50818E-08, 1.930497E-02, 3.87190E-03, 9.409853E-02
8.50881E-08, 1.877804E-02, 3.02881E-03, 9.426714E-02
8.50943E-08, 1.772419E-02, 1.65880E-03, 9.443576E-02
8.51006E-08, 1.561647E-02, 3.9417E-04, 9.452007E-02
8.51068E-08, 1.508955E-02, -7.6507E-04, 9.464654E-02
8.51131E-08, 1.350876E-02, -2.24047E-03, 9.473084E-02
8.51193E-08, 1.298183E-02, -3.50509E-03, 9.502592E-02
8.51256E-08, 1.192798E-02, -4.66434E-03, 9.506807E-02
8.51318E-08, 1.087412E-02, -5.92896E-03, 9.527884E-02
8.51381E-08, 9.82027E-03, -7.08820E-03, 9.544747E-02
8.51443E-08, 9.29334E-03, -8.14206E-03, 9.544747E-02
8.51506E-08, 9.82027E-03, -9.40669E-03, 9.557392E-02
8.51568E-08, 9.29334E-03, -1.067131E-02, 9.570039E-02
8.51631E-08, 9.82027E-03, -1.140901E-02, 9.578469E-02
8.51693E-08, 9.82027E-03, -1.235748E-02, 9.582685E-02
8.51756E-08, 9.29334E-03, -1.330595E-02, 9.586900E-02
8.51818E-08, 9.82027E-03, -1.425442E-02, 9.582685E-02
8.51881E-08, 1.140105E-02, -1.467597E-02, 9.582685E-02
8.51943E-08, 1.087412E-02, -1.541366E-02, 9.574255E-02
8.52006E-08, 1.140105E-02, -1.583521E-02, 9.565824E-02
8.52068E-08, 1.245491E-02, -1.615136E-02, 9.561608E-02
8.52131E-08, 1.245491E-02, -1.646752E-02, 9.536316E-02
8.52193E-08, 1.298183E-02, -1.667829E-02, 9.532100E-02
8.52256E-08, 1.403569E-02, -1.688906E-02, 9.506807E-02
8.52318E-08, 1.350876E-02, -1.688906E-02, 9.498376E-02
8.52381E-08, 1.456262E-02, -1.688906E-02, 9.477299E-02
8.52443E-08, 1.508955E-02, -1.667829E-02, 9.456223E-02
8.52506E-08, 1.561647E-02, -1.657291E-02, 9.430930E-02
8.52568E-08, 1.667033E-02, -1.625675E-02, 9.414068E-02
8.52631E-08, 1.772419E-02, -1.594059E-02, 9.392991E-02
8.52693E-08, 1.772419E-02, -1.551905E-02, 9.376130E-02
8.52756E-08, 1.877804E-02, -1.520289E-02, 9.350837E-02
8.52818E-08, 1.983190E-02, -1.467597E-02, 9.338190E-02
8.52881E-08, 2.141268E-02, -1.404365E-02, 9.317113E-02
8.52943E-08, 2.193961E-02, -1.351672E-02, 9.312898E-02
8.53006E-08, 2.352039E-02, -1.288441E-02, 9.300252E-02
8.53068E-08, 2.562810E-02, -1.225210E-02, 9.287605E-02
8.53131E-08, 2.720889E-02, -1.161978E-02, 9.283390E-02
8.53193E-08, 2.931660E-02, -1.109286E-02, 9.279174E-02
8.53256E-08, 3.089738E-02, -1.035516E-02, 9.270744E-02
8.53318E-08, 3.353202E-02, -9.72284E-03, 9.274960E-02
8.53381E-08, 3.616666E-02, -9.09053E-03, 9.287605E-02
8.53443E-08, 3.932823E-02, -8.35283E-03, 9.291821E-02
8.53506E-08, 4.248980E-02, -7.61513E-03, 9.300252E-02
8.53568E-08, 4.459751E-02, -6.87743E-03, 9.312898E-02
8.53631E-08, 4.828600E-02, -6.24512E-03, 9.321329E-02
8.53693E-08, 5.092064E-02, -5.61281E-03, 9.346621E-02
8.53756E-08, 5.408221E-02, -4.98049E-03, 9.359267E-02
8.53818E-08, 5.618992E-02, -4.13741E-03, 9.380345E-02
8.53881E-08, 6.093227E-02, -3.50509E-03, 9.392991E-02
8.53943E-08, 6.356691E-02, -2.76740E-03, 9.409853E-02
8.54006E-08, 6.725541E-02, -2.02970E-03, 9.422499E-02
8.54068E-08, 6.936312E-02, -1.39738E-03, 9.439361E-02
8.54131E-08, 7.147083E-02, -6.5968E-04, 9.460438E-02
8.54193E-08, 7.410547E-02, 7.801E-05, 9.473084E-02
8.54256E-08, 7.568625E-02, 9.2110E-04, 9.489946E-02
8.54318E-08, 7.726704E-02, 1.55341E-03, 9.498376E-02
8.54381E-08, 7.832089E-02, 2.08034E-03, 9.511023E-02
8.54443E-08, 7.832089E-02, 2.92343E-03, 9.519454E-02
8.54506E-08, 7.937475E-02, 3.66112E-03, 9.523669E-02
8.54568E-08, 7.779396E-02, 4.29344E-03, 9.532100E-02
8.54631E-08, 7.779396E-02, 5.03114E-03, 9.527884E-02
8.54693E-08, 7.568625E-02, 5.45268E-03, 9.523669E-02
8.54756E-08, 7.515933E-02, 5.97961E-03, 9.519454E-02
8.54818E-08, 7.199775E-02, 6.50653E-03, 9.511023E-02
8.54881E-08, 7.041697E-02, 7.03346E-03, 9.498376E-02
8.54943E-08, 6.672848E-02, 7.34962E-03, 9.489946E-02
8.55006E-08, 6.409384E-02, 7.56039E-03, 9.477299E-02
8.55068E-08, 5.987842E-02, 7.87655E-03, 9.456223E-02
8.55131E-08, 5.724378E-02, 8.19270E-03, 9.439361E-02
8.55193E-08, 5.197450E-02, 8.19270E-03, 9.426714E-02
8.55256E-08, 4.933986E-02, 8.29809E-03, 9.409853E-02
8.55318E-08, 4.407058E-02, 8.08732E-03, 9.380345E-02
8.55381E-08, 4.038208E-02, 7.98193E-03, 9.359267E-02
8.55443E-08, 3.616666E-02, 7.98193E-03, 9.338190E-02
8.55506E-08, 3.195124E-02, 7.56039E-03, 9.317113E-02
8.55568E-08, 2.826274E-02, 7.24423E-03, 9.296037E-02
8.55631E-08, 2.404732E-02, 6.82269E-03, 9.266528E-02
8.55693E-08, 2.088575E-02, 6.40115E-03, 9.258097E-02
8.55756E-08, 1.772419E-02, 5.76884E-03, 9.224374E-02
8.55818E-08, 1.508955E-02, 5.24191E-03, 9.220159E-02
8.55881E-08, 1.298183E-02, 4.60959E-03, 9.186435E-02
8.55943E-08, 1.087412E-02, 3.87190E-03, 9.178004E-02
8.56006E-08, 9.82027E-03, 3.23958E-03, 9.165359E-02
8.56068E-08, 8.23948E-03, 2.50188E-03, 9.152712E-02
8.56131E-08, 7.18563E-03, 1.76418E-03, 9.135851E-02
8.56193E-08, 6.13177E-03, 1.02648E-03, 9.127419E-02
8.56256E-08, 6.13177E-03, 1.8340E-04, 9.110558E-02
8.56318E-08, 6.65870E-03, -7.6507E-04, 9.114773E-02
8.56381E-08, 6.13177E-03, -1.18661E-03, 9.110558E-02
8.56443E-08, 7.18563E-03, -2.02970E-03, 9.106342E-02
8.56506E-08, 7.18563E-03, -2.87278E-03, 9.114773E-02
8.56568E-08, 7.18563E-03, -3.39971E-03, 9.118988E-02
8.56631E-08, 8.76641E-03, -4.13741E-03, 9.127419E-02
8.56693E-08, 9.29334E-03, -4.87511E-03, 9.131635E-02
8.56756E-08, 9.82027E-03, -5.40204E-03, 9.140066E-02
8.56818E-08, 1.034720E-02, -5.92896E-03, 9.165359E-02
8.56881E-08, 1.140105E-02, -6.45589E-03, 9.169573E-02
8.56943E-08, 1.140105E-02, -7.08820E-03, 9.182220E-02
8.57006E-08, 1.192798E-02, -7.40436E-03, 9.194867E-02
8.57068E-08, 1.140105E-02, -7.93129E-03, 9.215944E-02
8.57131E-08, 1.087412E-02, -8.24745E-03, 9.228589E-02
8.57193E-08, 1.140105E-02, -8.56360E-03, 9.249667E-02
8.57256E-08, 9.82027E-03, -9.09053E-03, 9.266528E-02
8.57318E-08, 9.82027E-03, -9.19592E-03, 9.279174E-02
8.57381E-08, 7.71256E-03, -9.40669E-03, 9.296037E-02
8.57443E-08, 6.65870E-03, -9.72284E-03, 9.304467E-02
8.57506E-08, 5.07792E-03, -9.93362E-03, 9.312898E-02
8.57568E-08, 4.02406E-03, -9.93362E-03, 9.329760E-02
8.57631E-08, 2.44328E-03, -1.014439E-02, 9.325545E-02
8.57693E-08, 3.3557E-04, -1.024977E-02, 9.338190E-02
8.57756E-08, -7.1829E-04, -1.035516E-02, 9.333975E-02
8.57818E-08, -3.35293E-03, -1.046054E-02, 9.329760E-02
8.57881E-08, -3.87986E-03, -1.046054E-02, 9.329760E-02
8.57943E-08, -5.98757E-03, -1.056593E-02, 9.312898E-02
8.58006E-08, -7.56835E-03, -1.046054E-02, 9.300252E-02
8.58068E-08, -8.62221E-03, -1.046054E-02, 9.291821E-02
8.58131E-08, -9.67606E-03, -1.046054E-02, 9.270744E-02
8.58193E-08, -1.020299E-02, -1.035516E-02, 9.253882E-02
8.58256E-08, -1.072992E-02, -1.024977E-02, 9.228589E-02
8.58318E-08, -1.125685E-02, -1.035516E-02, 9.203297E-02
8.58381E-08, -1.072992E-02, -1.014439E-02, 9.190651E-02
8.58443E-08, -1.020299E-02, -9.93362E-03, 9.161143E-02
8.58506E-08, -9.67606E-03, -9.82823E-03, 9.131635E-02
8.58568E-08, -8.09528E-03, -9.61746E-03, 9.110558E-02
8.58631E-08, -7.04142E-03, -9.40669E-03, 9.097911E-02
8.58693E-08, -6.51450E-03, -9.40669E-03, 9.068403E-02
8.58756E-08, -4.93371E-03, -8.98515E-03, 9.047326E-02
8.58818E-08, -2.82600E-03, -8.98515E-03, 9.038895E-02
8.58881E-08, -1.24522E-03, -8.66899E-03, 9.022034E-02
8.58943E-08, 3.3557E-04, -8.66899E-03, 9.022034E-02
8.59006E-08, 2.97021E-03, -8.35283E-03, 9.022034E-02
8.59068E-08, 2.97021E-03, -8.14206E-03, 9.013603E-02
8.59131E-08, 6.65870E-03, -7.93129E-03, 9.022034E-02
8.59193E-08, 6.13177E-03, -7.82590E-03, 9.038895E-02
8.59256E-08, 9.29334E-03, -7.50975E-03, 9.055758E-02
8.59318E-08, 9.82027E-03, -7.40436E-03, 9.076834E-02
8.59381E-08, 1.034720E-02, -6.98282E-03, 9.110558E-02
8.59443E-08, 1.192798E-02, -6.66666E-03, 9.135851E-02
8.59506E-08, 1.298183E-02, -6.45589E-03, 9.178004E-02
8.59568E-08, 1.192798E-02, -6.24512E-03, 9.211728E-02
8.59631E-08, 1.245491E-02, -6.03435E-03, 9.258097E-02
8.59693E-08, 1.245491E-02, -5.71819E-03, 9.312898E-02
8.59756E-08, 1.350876E-02, -5.40204E-03, 9.342406E-02
8.59818E-08, 1.245491E-02, -5.19126E-03, 9.388775E-02
8.59881E-08, 1.245491E-02, -4.87511E-03, 9.443576E-02
8.59943E-08, 1.140105E-02, -4.55895E-03, 9.489946E-02
8.60006E-08, 1.140105E-02, -4.24279E-03, 9.532100E-02
8.60068E-08, 1.140105E-02, -3.61048E-03, 9.570039E-02
8.60131E-08, 1.087412E-02, -3.39971E-03, 9.599547E-02
8.60193E-08, 1.087412E-02, -2.87278E-03, 9.633270E-02
8.60256E-08, 1.140105E-02, -2.55662E-03, 9.650132E-02
8.60318E-08, 1.140105E-02, -2.02970E-03, 9.683856E-02
8.60381E-08, 1.140105E-02, -1.81893E-03, 9.696501E-02
8.60443E-08, 1.298183E-02, -1.29200E-03, 9.696501E-02
8.60506E-08, 1.561647E-02, -9.7584E-04, 9.696501E-02
8.60568E-08, 1.614340E-02, -7.6507E-04, 9.688070E-02
8.60631E-08, 1.772419E-02, -2.737E-05, 9.671209E-02
8.60693E-08, 1.983190E-02, 1.8340E-04, 9.654348E-02
8.60756E-08, 2.246654E-02, 4.9956E-04, 9.624840E-02
8.60818E-08, 2.562810E-02, 6.0494E-04, 9.595332E-02
8.60881E-08, 2.984353E-02, 1.02648E-03, 9.557392E-02
8.60943E-08, 3.195124E-02, 1.34264E-03, 9.515239E-02
8.61006E-08, 3.563973E-02, 1.34264E-03, 9.473084E-02
8.61068E-08, 3.932823E-02, 1.34264E-03, 9.418283E-02
8.61131E-08, 4.301672E-02, 1.44803E-03, 9.367698E-02
8.61193E-08, 4.723215E-02, 1.44803E-03, 9.321329E-02
8.61256E-08, 5.092064E-02, 1.13187E-03, 9.274960E-02
8.61318E-08, 5.355528E-02, 1.23726E-03, 9.232805E-02
8.61381E-08, 5.724378E-02, 8.1571E-04, 9.186435E-02
8.61443E-08, 6.040534E-02, 4.9956E-04, 9.148496E-02
8.61506E-08, 6.251305E-02, 7.801E-05, 9.118988E-02
8.61568E-08, 6.462077E-02, -2.3814E-04, 9.081050E-02
8.61631E-08, 6.567463E-02, -8.7046E-04, 9.059972E-02
8.61693E-08, 6.620155E-02, -1.29200E-03, 9.043111E-02
8.61756E-08, 6.672848E-02, -1.81893E-03, 9.022034E-02
8.61818E-08, 6.567463E-02, -2.24047E-03, 9.026249E-02
8.61881E-08, 6.409384E-02, -2.66201E-03, 9.026249E-02
8.61943E-08, 6.251305E-02, -3.50509E-03, 9.038895E-02
8.62006E-08, 5.987842E-02, -3.61048E-03, 9.055758E-02
8.62068E-08, 5.618992E-02, -4.34818E-03, 9.076834E-02
8.62131E-08, 5.092064E-02, -4.76972E-03, 9.102127E-02
8.62193E-08, 4.723215E-02, -5.19126E-03, 9.131635E-02
8.62256E-08, 4.196287E-02, -5.40204E-03, 9.169573E-02
8.62318E-08, 3.563973E-02, -5.82358E-03, 9.211728E-02
8.62381E-08, 2.984353E-02, -6.03435E-03, 9.253882E-02
8.62443E-08, 2.299346E-02, -6.03435E-03, 9.300252E-02
8.62506E-08, 1.719726E-02, -6.03435E-03, 9.342406E-02
8.62568E-08, 9.82027E-03, -5.82358E-03, 9.392991E-02
8.62631E-08, 3.49713E-03, -5.71819E-03, 9.435146E-02
8.62693E-08, -3.35293E-03, -5.50742E-03, 9.477299E-02
8.62756E-08, -1.020299E-02, -5.08588E-03, 9.511023E-02
8.62818E-08, -1.757998E-02, -4.87511E-03, 9.540531E-02
8.62881E-08, -2.284926E-02, -4.13741E-03, 9.578469E-02
8.62943E-08, -2.969932E-02, -3.71587E-03, 9.599547E-02
8.63006E-08, -3.391474E-02, -2.97817E-03, 9.616408E-02
8.63068E-08, -3.865710E-02, -2.45124E-03, 9.629055E-02
8.63131E-08, -4.181866E-02, -1.60815E-03, 9.645917E-02
8.63193E-08, -4.550716E-02, -9.7584E-04, 9.641701E-02
8.63256E-08, -4.708794E-02, -2.737E-05, 9.641701E-02
8.63318E-08, -4.972258E-02, 7.1033E-04, 9.637485E-02
8.63381E-08, -4.972258E-02, 1.44803E-03, 9.620624E-02
8.63443E-08, -4.972258E-02, 2.08034E-03, 9.607977E-02
8.63506E-08, -4.972258E-02, 3.02881E-03, 9.591116E-02
8.63568E-08, -4.761487E-02, 3.66112E-03, 9.565824E-02
8.63631E-08, -4.550716E-02, 4.18805E-03, 9.536316E-02
8.63693E-08, -4.392638E-02, 4.71498E-03, 9.511023E-02
8.63756E-08, -3.971095E-02, 5.03114E-03, 9.481515E-02
8.63818E-08, -3.707631E-02, 5.45268E-03, 9.452007E-02
8.63881E-08, -3.180704E-02, 5.87422E-03, 9.426714E-02
8.63943E-08, -2.864547E-02, 5.87422E-03, 9.401422E-02
8.64006E-08, -2.337619E-02, 6.08499E-03, 9.384561E-02
8.64068E-08, -1.863384E-02, 6.19038E-03, 9.359267E-02
8.64131E-08, -1.336456E-02, 6.08499E-03, 9.329760E-02
8.64193E-08, -8.62221E-03, 5.97961E-03, 9.317113E-02
8.64256E-08, -3.35293E-03, 5.76884E-03, 9.308682E-02
8.64318E-08, 3.3557E-04, 5.55806E-03, 9.296037E-02
8.64381E-08, 5.60485E-03, 5.13652E-03, 9.296037E-02
8.64443E-08, 9.82027E-03, 4.71498E-03, 9.287605E-02
8.64506E-08, 1.403569E-02, 4.39882E-03, 9.291821E-02
8.64568E-08, 1.719726E-02, 3.76651E-03, 9.291821E-02
8.64631E-08, 2.088575E-02, 3.55574E-03, 9.296037E-02
8.64693E-08, 2.352039E-02, 2.81804E-03, 9.308682E-02
8.64756E-08, 2.510118E-02, 2.18573E-03, 9.308682E-02
8.64818E-08, 2.773582E-02, 1.65880E-03, 9.321329E-02
8.64881E-08, 2.878967E-02, 1.13187E-03, 9.329760E-02
8.64943E-08, 3.037046E-02, 3.9417E-04, 9.342406E-02
8.65006E-08, 3.037046E-02, -2.3814E-04, 9.346621E-02
8.65068E-08, 3.142431E-02, -7.6507E-04, 9.355053E-02
8.65131E-08, 3.300510E-02, -1.39738E-03, 9.350837E-02
8.65193E-08, 3.300510E-02, -1.92431E-03, 9.350837E-02
8.65256E-08, 3.247816E-02, -2.34585E-03, 9.346621E-02
8.65318E-08, 3.247816E-02, -2.97817E-03, 9.346621E-02
8.65381E-08, 3.300510E-02, -3.50509E-03, 9.329760E-02
8.65443E-08, 3.195124E-02, -3.92664E-03, 9.317113E-02
8.65506E-08, 3.195124E-02, -4.55895E-03, 9.291821E-02
8.65568E-08, 3.195124E-02, -5.19126E-03, 9.279174E-02
8.65631E-08, 3.142431E-02, -5.50742E-03, 9.241236E-02
8.65693E-08, 3.142431E-02, -5.92896E-03, 9.220159E-02
8.65756E-08, 3.142431E-02, -6.56128E-03, 9.178004E-02
8.65818E-08, 3.142431E-02, -6.87743E-03, 9.144281E-02
8.65881E-08, 3.089738E-02, -7.19359E-03, 9.110558E-02
8.65943E-08, 3.089738E-02, -7.93129E-03, 9.072619E-02
8.66006E-08, 3.089738E-02, -8.24745E-03, 9.030465E-02
8.66068E-08, 3.142431E-02, -8.45822E-03, 8.979879E-02
8.66131E-08, 3.195124E-02, -8.87976E-03, 8.946157E-02
8.66193E-08, 3.142431E-02, -9.30130E-03, 8.904002E-02
8.66256E-08, 3.089738E-02, -9.51207E-03, 8.866064E-02
8.66318E-08, 3.037046E-02, -9.82823E-03, 8.828124E-02
8.66381E-08, 3.142431E-02, -1.024977E-02, 8.794401E-02
8.66443E-08, 3.037046E-02, -1.035516E-02, 8.777539E-02
8.66506E-08, 2.984353E-02, -1.046054E-02, 8.743816E-02
8.66568E-08, 2.931660E-02, -1.056593E-02, 8.726954E-02
8.66631E-08, 2.826274E-02, -1.056593E-02, 8.714308E-02
8.66693E-08, 2.720889E-02, -1.067131E-02, 8.701662E-02
8.66756E-08, 2.562810E-02, -1.067131E-02, 8.697446E-02
8.66818E-08, 2.404732E-02, -1.067131E-02, 8.689015E-02
8.66881E-08, 2.299346E-02, -1.024977E-02, 8.693231E-02
8.66943E-08, 2.035883E-02, -1.024977E-02, 8.701662E-02
8.67006E-08, 1.877804E-02, -9.82823E-03, 8.710092E-02
8.67068E-08, 1.561647E-02, -9.51207E-03, 8.731170E-02
8.67131E-08, 1.403569E-02, -8.98515E-03, 8.752247E-02
8.67193E-08, 1.034720E-02, -8.66899E-03, 8.769108E-02
8.67256E-08, 7.71256E-03, -8.14206E-03, 8.794401E-02
8.67318E-08, 4.55099E-03, -7.72052E-03, 8.819693E-02
8.67381E-08, 1.38942E-03, -7.08820E-03, 8.844986E-02
8.67443E-08, -1.9136E-04, -6.66666E-03, 8.874494E-02
8.67506E-08, -2.82600E-03, -6.03435E-03, 8.895572E-02
8.67568E-08, -5.46064E-03, -5.29665E-03, 8.920864E-02
8.67631E-08, -7.04142E-03, -4.55895E-03, 8.950372E-02
8.67693E-08, -9.14914E-03, -4.24279E-03, 8.975665E-02
8.67756E-08, -1.125685E-02, -3.39971E-03, 9.000957E-02
8.67818E-08, -1.231070E-02, -2.87278E-03, 9.026249E-02
8.67881E-08, -1.231070E-02, -2.45124E-03, 9.034680E-02
8.67943E-08, -1.336456E-02, -2.02970E-03, 9.051542E-02
8.68006E-08, -1.283763E-02, -1.39738E-03, 9.059972E-02
8.68068E-08, -1.178377E-02, -1.08123E-03, 9.068403E-02
8.68131E-08, -1.072992E-02, -5.5430E-04, 9.072619E-02
8.68193E-08, -9.67606E-03, -1.3276E-04, 9.081050E-02
8.68256E-08, -8.09528E-03, -2.737E-05, 9.085266E-02
8.68318E-08, -5.98757E-03, 2.8879E-04, 9.081050E-02
8.68381E-08, -3.87986E-03, 6.0494E-04, 9.076834E-02
8.68443E-08, -1.77215E-03, 8.1571E-04, 9.068403E-02
8.68506E-08, 1.91635E-03, 1.02648E-03, 9.064188E-02
8.68568E-08, 3.49713E-03, 1.34264E-03, 9.059972E-02
8.68631E-08, 7.18563E-03, 1.44803E-03, 9.043111E-02
8.68693E-08, 9.82027E-03, 1.55341E-03, 9.038895E-02
8.68756E-08, 1.298183E-02, 1.86957E-03, 9.026249E-02
8.68818E-08, 1.614340E-02, 2.08034E-03, 9.022034E-02
8.68881E-08, 1.930497E-02, 2.39650E-03, 9.009387E-02
8.68943E-08, 2.193961E-02, 2.50188E-03, 9.005173E-02
8.69006E-08, 2.352039E-02, 2.71265E-03, 8.992526E-02
8.69068E-08, 2.457425E-02, 3.02881E-03, 8.979879E-02
8.69131E-08, 2.668196E-02, 3.45035E-03, 8.975665E-02
8.69193E-08, 2.826274E-02, 3.87190E-03, 8.971449E-02
8.69256E-08, 2.878967E-02, 4.08267E-03, 8.963018E-02
8.69318E-08, 3.037046E-02, 4.60959E-03, 8.958802E-02
8.69381E-08, 2.878967E-02, 4.92575E-03, 8.958802E-02
8.69443E-08, 2.826274E-02, 5.55806E-03, 8.954587E-02
8.69506E-08, 2.773582E-02, 5.87422E-03, 8.946157E-02
8.69568E-08, 2.510118E-02, 6.19038E-03, 8.950372E-02
8.69631E-08, 2.404732E-02, 6.82269E-03, 8.950372E-02
8.69693E-08, 2.088575E-02, 7.24423E-03, 8.941941E-02
8.69756E-08, 1.983190E-02, 7.66578E-03, 8.941941E-02
8.69818E-08, 1.614340E-02, 7.77116E-03, 8.929294E-02
8.69881E-08, 1.403569E-02, 8.08732E-03, 8.925079E-02
8.69943E-08, 9.82027E-03, 8.29809E-03, 8.912433E-02
8.70006E-08, 7.71256E-03, 8.40348E-03, 8.908217E-02
8.70068E-08, 4.55099E-03, 8.40348E-03, 8.895572E-02
8.70131E-08, 2.97021E-03, 8.61425E-03, 8.882925E-02
8.70193E-08, -1.77215E-03, 8.29809E-03, 8.870278E-02
8.70256E-08, -2.29907E-03, 8.08732E-03, 8.849201E-02
8.70318E-08, -4.93371E-03, 7.77116E-03, 8.836555E-02
8.70381E-08, -6.51450E-03, 7.34962E-03, 8.815478E-02
8.70443E-08, -7.56835E-03, 6.82269E-03, 8.798616E-02
8.70506E-08, -8.62221E-03, 6.08499E-03, 8.785971E-02
8.70568E-08, -9.67606E-03, 5.45268E-03, 8.764893E-02
8.70631E-08, -8.62221E-03, 4.60959E-03, 8.743816E-02
8.70693E-08, -8.09528E-03, 3.66112E-03, 8.722739E-02
8.70756E-08, -8.09528E-03, 2.71265E-03, 8.705878E-02
8.70818E-08, -6.51450E-03, 1.76418E-03, 8.693231E-02
8.70881E-08, -4.93371E-03, 9.2110E-04, 8.667938E-02
8.70943E-08, -4.40678E-03, -2.3814E-04, 8.659507E-02
8.71006E-08, -1.24522E-03, -1.29200E-03, 8.646861E-02
8.71068E-08, 8.6249E-04, -2.34585E-03, 8.634215E-02
8.71131E-08, 4.02406E-03, -3.39971E-03, 8.625784E-02
8.71193E-08, 6.65870E-03, -4.34818E-03, 8.625784E-02
8.71256E-08, 9.82027E-03, -5.29665E-03, 8.625784E-02
8.71318E-08, 1.245491E-02, -6.13973E-03, 8.621569E-02
8.71381E-08, 1.403569E-02, -6.87743E-03, 8.629999E-02
8.71443E-08, 1.719726E-02, -7.50975E-03, 8.638430E-02
8.71506E-08, 1.877804E-02, -7.93129E-03, 8.659507E-02
8.71568E-08, 2.141268E-02, -8.66899E-03, 8.680584E-02
8.71631E-08, 2.299346E-02, -8.87976E-03, 8.693231E-02
8.71693E-08, 2.404732E-02, -9.40669E-03, 8.714308E-02
8.71756E-08, 2.457425E-02, -9.51207E-03, 8.735385E-02
8.71818E-08, 2.510118E-02, -9.61746E-03, 8.756462E-02
8.71881E-08, 2.615503E-02, -9.51207E-03, 8.785971E-02
8.71943E-08, 2.510118E-02, -9.51207E-03, 8.815478E-02
8.72006E-08, 2.352039E-02, -9.30130E-03, 8.844986E-02
8.72068E-08, 2.246654E-02, -9.30130E-03, 8.874494E-02
8.72131E-08, 2.193961E-02, -9.09053E-03, 8.899786E-02
8.72193E-08, 1.983190E-02, -8.87976E-03, 8.925079E-02
8.72256E-08, 1.719726E-02, -8.45822E-03, 8.946157E-02
8.72318E-08, 1.456262E-02, -8.35283E-03, 8.967233E-02
8.72381E-08, 1.140105E-02, -7.93129E-03, 8.979879E-02
8.72443E-08, 8.23948E-03, -7.93129E-03, 8.992526E-02
8.72506E-08, 5.07792E-03, -7.72052E-03, 9.005173E-02
8.72568E-08, 1.91635E-03, -7.61513E-03, 9.013603E-02
8.72631E-08, -1.24522E-03, -7.50975E-03, 9.017818E-02
8.72693E-08, -3.87986E-03, -7.50975E-03, 9.013603E-02
8.72756E-08, -5.98757E-03, -7.61513E-03, 9.000957E-02
8.72818E-08, -1.125685E-02, -7.72052E-03, 8.996741E-02
8.72881E-08, -1.283763E-02, -7.82590E-03, 8.984095E-02
8.72943E-08, -1.652613E-02, -8.03667E-03, 8.958802E-02
8.73006E-08, -1.810691E-02, -8.56360E-03, 8.937725E-02
8.73068E-08, -1.968769E-02, -8.98515E-03, 8.912433E-02
8.73131E-08, -2.179541E-02, -9.30130E-03, 8.887140E-02
8.73193E-08, -2.284926E-02, -9.82823E-03, 8.861848E-02
8.73256E-08, -2.284926E-02, -1.056593E-02, 8.840771E-02
8.73318E-08, -2.337619E-02, -1.088209E-02, 8.807047E-02
8.73381E-08, -2.337619E-02, -1.140901E-02, 8.773324E-02
8.73443E-08, -2.337619E-02, -1.193594E-02, 8.748031E-02
8.73506E-08, -2.179541E-02, -1.235748E-02, 8.722739E-02
8.73568E-08, -2.126848E-02, -1.267364E-02, 8.697446E-02
8.73631E-08, -2.021462E-02, -1.309518E-02, 8.672154E-02
8.73693E-08, -1.916077E-02, -1.341134E-02, 8.655292E-02
8.73756E-08, -1.705305E-02, -1.372750E-02, 8.638430E-02
8.73818E-08, -1.494534E-02, -1.404365E-02, 8.621569E-02
8.73881E-08, -1.283763E-02, -1.383288E-02, 8.608922E-02
8.73943E-08, -1.072992E-02, -1.404365E-02, 8.608922E-02
8.74006E-08, -7.04142E-03, -1.383288E-02, 8.608922E-02
8.74068E-08, -4.40678E-03, -1.372750E-02, 8.604707E-02
8.74131E-08, -1.77215E-03, -1.330595E-02, 8.617353E-02
8.74193E-08, 1.38942E-03, -1.309518E-02, 8.629999E-02
8.74256E-08, 3.49713E-03, -1.267364E-02, 8.642646E-02
8.74318E-08, 6.65870E-03, -1.214671E-02, 8.655292E-02
8.74381E-08, 1.034720E-02, -1.161978E-02, 8.672154E-02
8.74443E-08, 1.350876E-02, -1.098747E-02, 8.689015E-02
8.74506E-08, 1.614340E-02, -1.024977E-02, 8.701662E-02
8.74568E-08, 1.930497E-02, -9.61746E-03, 8.722739E-02
8.74631E-08, 2.352039E-02, -8.77437E-03, 8.726954E-02
8.74693E-08, 2.615503E-02, -8.24745E-03, 8.748031E-02
8.74756E-08, 2.878967E-02, -7.50975E-03, 8.764893E-02
8.74818E-08, 3.247816E-02, -6.87743E-03, 8.785971E-02
8.74881E-08, 3.669359E-02, -6.13973E-03, 8.777539E-02
8.74943E-08, 3.880130E-02, -5.50742E-03, 8.790185E-02
8.75006E-08, 4.196287E-02, -4.87511E-03, 8.790185E-02
8.75068E-08, 4.512443E-02, -4.45356E-03, 8.785971E-02
8.75131E-08, 4.881293E-02, -3.82125E-03, 8.769108E-02
8.75193E-08, 5.144757E-02, -3.29432E-03, 8.760678E-02
8.75256E-08, 5.408221E-02, -2.97817E-03, 8.739600E-02
8.75318E-08, 5.724378E-02, -2.66201E-03, 8.722739E-02
8.75381E-08, 5.935149E-02, -2.24047E-03, 8.697446E-02
8.75443E-08, 6.145920E-02, -2.02970E-03, 8.663723E-02
8.75506E-08, 6.356691E-02, -1.81893E-03, 8.634215E-02
8.75568E-08, 6.567463E-02, -1.60815E-03, 8.596276E-02
8.75631E-08, 6.778233E-02, -1.39738E-03, 8.554122E-02
8.75693E-08, 6.830926E-02, -1.29200E-03, 8.520398E-02
8.75756E-08, 6.830926E-02, -1.08123E-03, 8.478244E-02
8.75818E-08, 6.936312E-02, -9.7584E-04, 8.440305E-02
8.75881E-08, 6.989004E-02, -7.6507E-04, 8.398151E-02
8.75943E-08, 6.936312E-02, -5.5430E-04, 8.364428E-02
8.76006E-08, 6.830926E-02, -4.4891E-04, 8.326489E-02
8.76068E-08, 6.725541E-02, -2.3814E-04, 8.292766E-02
8.76131E-08, 6.567463E-02, 7.801E-05, 8.271689E-02
8.76193E-08, 6.303998E-02, -2.737E-05, 8.242181E-02
8.76256E-08, 5.987842E-02, 3.9417E-04, 8.229534E-02
8.76318E-08, 5.566299E-02, 7.1033E-04, 8.221103E-02
8.76381E-08, 5.197450E-02, 8.1571E-04, 8.208457E-02
8.76443E-08, 4.881293E-02, 1.13187E-03, 8.208457E-02
8.76506E-08, 4.459751E-02, 1.55341E-03, 8.212673E-02
8.76568E-08, 4.090901E-02, 1.76418E-03, 8.216888E-02
8.76631E-08, 3.616666E-02, 2.18573E-03, 8.233750E-02
8.76693E-08, 3.195124E-02, 2.18573E-03, 8.250611E-02
8.76756E-08, 2.720889E-02, 2.71265E-03, 8.280119E-02
8.76818E-08, 2.299346E-02, 2.81804E-03, 8.296981E-02
8.76881E-08, 1.930497E-02, 3.02881E-03, 8.330704E-02
8.76943E-08, 1.456262E-02, 3.13420E-03, 8.364428E-02
8.77006E-08, 1.245491E-02, 3.34497E-03, 8.402367E-02
8.77068E-08, 9.29334E-03, 3.55574E-03, 8.436090E-02
8.77131E-08, 6.65870E-03, 3.55574E-03, 8.465598E-02
8.77193E-08, 4.02406E-03, 3.55574E-03, 8.516183E-02
8.77256E-08, 4.02406E-03, 3.66112E-03, 8.545691E-02
8.77318E-08, 2.97021E-03, 3.66112E-03, 8.579414E-02
8.77381E-08, 2.97021E-03, 3.45035E-03, 8.617353E-02
8.77443E-08, 2.97021E-03, 3.13420E-03, 8.651077E-02
8.77506E-08, 4.55099E-03, 3.02881E-03, 8.663723E-02
8.77568E-08, 6.13177E-03, 2.60727E-03, 8.693231E-02
8.77631E-08, 9.29334E-03, 2.29111E-03, 8.710092E-02
8.77693E-08, 1.140105E-02, 1.76418E-03, 8.731170E-02
8.77756E-08, 1.508955E-02, 1.44803E-03, 8.739600E-02
8.77818E-08, 1.877804E-02, 1.02648E-03, 8.748031E-02
8.77881E-08, 2.352039E-02, 7.1033E-04, 8.756462E-02
8.77943E-08, 2.773582E-02, 1.8340E-04, 8.752247E-02
8.78006E-08, 3.142431E-02, -2.3814E-04, 8.743816E-02
8.78068E-08, 3.616666E-02, -7.6507E-04, 8.731170E-02
8.78131E-08, 4.038208E-02, -1.08123E-03, 8.722739E-02
8.78193E-08, 4.565137E-02, -1.29200E-03, 8.710092E-02
8.78256E-08, 4.933986E-02, -1.71354E-03, 8.684800E-02
8.78318E-08, 5.355528E-02, -2.02970E-03, 8.672154E-02
8.78381E-08, 5.724378E-02, -2.24047E-03, 8.659507E-02
8.78443E-08, 5.987842E-02, -2.34585E-03, 8.629999E-02
8.78506E-08, 6.251305E-02, -2.34585E-03, 8.604707E-02
8.78568E-08, 6.514770E-02, -2.55662E-03, 8.587845E-02
8.78631E-08, 6.725541E-02, -2.55662E-03, 8.566768E-02
8.78693E-08, 6.830926E-02, -2.34585E-03, 8.545691E-02
8.78756E-08, 6.830926E-02, -2.66201E-03, 8.533045E-02
8.78818E-08, 6.830926E-02, -2.55662E-03, 8.516183E-02
8.78881E-08, 6.883619E-02, -2.45124E-03, 8.499321E-02
8.78943E-08, 6.725541E-02, -2.34585E-03, 8.490890E-02
8.79006E-08, 6.462077E-02, -1.81893E-03, 8.482460E-02
8.79068E-08, 6.356691E-02, -1.71354E-03, 8.478244E-02
8.79131E-08, 6.145920E-02, -1.60815E-03, 8.474029E-02
8.79193E-08, 5.987842E-02, -1.39738E-03, 8.482460E-02
8.79256E-08, 5.671685E-02, -1.29200E-03, 8.482460E-02
8.79318E-08, 5.355528E-02, -1.08123E-03, 8.490890E-02
8.79381E-08, 5.197450E-02, -8.7046E-04, 8.503537E-02
8.79443E-08, 4.775907E-02, -5.5430E-04, 8.524614E-02
8.79506E-08, 4.565137E-02, -3.4353E-04, 8.528829E-02
8.79568E-08, 4.354365E-02, -2.737E-05, 8.558337E-02
8.79631E-08, 4.143594E-02, 1.8340E-04, 8.579414E-02
8.79693E-08, 3.932823E-02, 7.801E-05, 8.604707E-02
8.79756E-08, 3.827437E-02, 3.9417E-04, 8.634215E-02
8.79818E-08, 3.616666E-02, 3.9417E-04, 8.655292E-02
8.79881E-08, 3.563973E-02, 7.1033E-04, 8.676369E-02
8.79943E-08, 3.458588E-02, 6.0494E-04, 8.710092E-02
8.80006E-08, 3.300510E-02, 7.1033E-04, 8.739600E-02
8.80068E-08, 3.458588E-02, 8.1571E-04, 8.773324E-02
8.80131E-08, 3.405895E-02, 7.1033E-04, 8.798616E-02
8.80193E-08, 3.458588E-02, 4.9956E-04, 8.828124E-02
8.80256E-08, 3.458588E-02, 7.1033E-04, 8.853417E-02
8.80318E-08, 3.511281E-02, 3.9417E-04, 8.891356E-02
8.80381E-08, 3.511281E-02, 2.8879E-04, 8.916648E-02
8.80443E-08, 3.616666E-02, 7.801E-05, 8.941941E-02
8.80506E-08, 3.616666E-02, -2.3814E-04, 8.958802E-02
8.80568E-08, 3.616666E-02, -3.4353E-04, 8.984095E-02
8.80631E-08, 3.563973E-02, -7.6507E-04, 8.996741E-02
8.80693E-08, 3.458588E-02, -1.29200E-03, 9.022034E-02
8.80756E-08, 3.353202E-02, -1.71354E-03, 9.034680E-02
8.80818E-08, 3.300510E-02, -2.24047E-03, 9.047326E-02
8.80881E-08, 3.142431E-02, -2.55662E-03, 9.051542E-02
8.80943E-08, 2.773582E-02, -3.29432E-03, 9.064188E-02
8.81006E-08, 2.562810E-02, -3.82125E-03, 9.072619E-02
8.81068E-08, 2.352039E-02, -4.45356E-03, 9.068403E-02
8.81131E-08, 1.983190E-02, -5.08588E-03, 9.068403E-02
8.81193E-08, 1.508955E-02, -5.92896E-03, 9.068403E-02
8.81256E-08, 1.140105E-02, -6.87743E-03, 9.064188E-02
8.81318E-08, 6.65870E-03, -7.61513E-03, 9.055758E-02
8.81381E-08, 2.97021E-03, -8.45822E-03, 9.051542E-02
8.81443E-08, -1.77215E-03, -9.51207E-03, 9.043111E-02
8.81506E-08, -5.98757E-03, -1.046054E-02, 9.030465E-02
8.81568E-08, -1.020299E-02, -1.140901E-02, 9.017818E-02
8.81631E-08, -1.441841E-02, -1.225210E-02, 9.013603E-02
8.81693E-08, -1.757998E-02, -1.330595E-02, 9.005173E-02
8.81756E-08, -2.126848E-02, -1.414904E-02, 8.992526E-02
8.81818E-08, -2.443004E-02, -1.520289E-02, 8.979879E-02
8.81881E-08, -2.601083E-02, -1.583521E-02, 8.963018E-02
8.81943E-08, -2.759161E-02, -1.678368E-02, 8.963018E-02
8.82006E-08, -2.864547E-02, -1.731060E-02, 8.958802E-02
8.82068E-08, -2.864547E-02, -1.794292E-02, 8.954587E-02
8.82131E-08, -2.759161E-02, -1.836446E-02, 8.946157E-02
8.82193E-08, -2.548390E-02, -1.899678E-02, 8.946157E-02
8.82256E-08, -2.337619E-02, -1.931293E-02, 8.946157E-02
8.82318E-08, -2.126848E-02, -1.952370E-02, 8.946157E-02
8.82381E-08, -1.757998E-02, -1.983986E-02, 8.958802E-02
8.82443E-08, -1.336456E-02, -1.983986E-02, 8.963018E-02
8.82506E-08, -7.56835E-03, -1.994525E-02, 8.967233E-02
8.82568E-08, -3.35293E-03, -1.983986E-02, 8.975665E-02
8.82631E-08, 1.91635E-03, -1.973447E-02, 8.988310E-02
8.82693E-08, 8.23948E-03, -1.941832E-02, 9.009387E-02
8.82756E-08, 1.456262E-02, -1.910216E-02, 9.013603E-02
8.82818E-08, 2.141268E-02, -1.889139E-02, 9.022034E-02
8.82881E-08, 2.773582E-02, -1.857523E-02, 9.038895E-02
8.82943E-08, 3.300510E-02, -1.804830E-02, 9.043111E-02
8.83006E-08, 3.932823E-02, -1.773215E-02, 9.051542E-02
8.83068E-08, 4.407058E-02, -1.709983E-02, 9.064188E-02
8.83131E-08, 4.933986E-02, -1.688906E-02, 9.064188E-02
8.83193E-08, 5.408221E-02, -1.625675E-02, 9.076834E-02
8.83256E-08, 5.777070E-02, -1.572982E-02, 9.072619E-02
8.83318E-08, 6.040534E-02, -1.530828E-02, 9.064188E-02
8.83381E-08, 6.356691E-02, -1.499212E-02, 9.059972E-02
8.83443E-08, 6.567463E-02, -1.478135E-02, 9.043111E-02
8.83506E-08, 6.725541E-02, -1.414904E-02, 9.030465E-02
8.83568E-08, 6.725541E-02, -1.404365E-02, 9.013603E-02
8.83631E-08, 6.620155E-02, -1.372750E-02, 8.984095E-02
8.83693E-08, 6.620155E-02, -1.330595E-02, 8.958802E-02
8.83756E-08, 6.462077E-02, -1.298980E-02, 8.933510E-02
8.83818E-08, 6.198613E-02, -1.267364E-02, 8.899786E-02
8.83881E-08, 6.040534E-02, -1.256825E-02, 8.857632E-02
8.83943E-08, 5.671685E-02, -1.235748E-02, 8.832340E-02
8.84006E-08, 5.355528E-02, -1.193594E-02, 8.785971E-02
8.84068E-08, 4.933986E-02, -1.161978E-02, 8.748031E-02
8.84131E-08, 4.617829E-02, -1.119824E-02, 8.701662E-02
8.84193E-08, 4.248980E-02, -1.077670E-02, 8.663723E-02
8.84256E-08, 3.827437E-02, -1.056593E-02, 8.621569E-02
8.84318E-08, 3.405895E-02, -1.003900E-02, 8.583630E-02
8.84381E-08, 3.037046E-02, -9.40669E-03, 8.558337E-02
8.84443E-08, 2.720889E-02, -8.77437E-03, 8.524614E-02
8.84506E-08, 2.352039E-02, -8.14206E-03, 8.490890E-02
8.84568E-08, 2.035883E-02, -7.61513E-03, 8.474029E-02
8.84631E-08, 1.719726E-02, -6.77205E-03, 8.448736E-02
8.84693E-08, 1.403569E-02, -6.03435E-03, 8.444521E-02
8.84756E-08, 1.192798E-02, -5.08588E-03, 8.431875E-02
8.84818E-08, 9.29334E-03, -4.13741E-03, 8.423444E-02
8.84881E-08, 7.71256E-03, -3.29432E-03, 8.419228E-02
8.84943E-08, 6.13177E-03, -2.34585E-03, 8.436090E-02
8.85006E-08, 5.07792E-03, -1.50277E-03, 8.440305E-02
8.85068E-08, 4.02406E-03, -6.5968E-04, 8.461383E-02
8.85131E-08, 2.44328E-03, 7.801E-05, 8.469813E-02
8.85193E-08, 2.97021E-03, 8.1571E-04, 8.499321E-02
8.85256E-08, 1.38942E-03, 1.23726E-03, 8.520398E-02
8.85318E-08, 1.38942E-03, 1.97495E-03, 8.554122E-02
8.85381E-08, 3.3557E-04, 2.50188E-03, 8.583630E-02
8.85443E-08, 3.3557E-04, 2.81804E-03, 8.613138E-02
8.85506E-08, -1.9136E-04, 3.13420E-03, 8.642646E-02
8.85568E-08, -7.1829E-04, 3.02881E-03, 8.676369E-02
8.85631E-08, -1.77215E-03, 3.23958E-03, 8.697446E-02
8.85693E-08, -1.77215E-03, 2.92343E-03, 8.726954E-02
8.85756E-08, -2.29907E-03, 2.39650E-03, 8.756462E-02
8.85818E-08, -3.35293E-03, 1.97495E-03, 8.781755E-02
8.85881E-08, -2.82600E-03, 1.34264E-03, 8.785971E-02
8.85943E-08, -3.87986E-03, 3.9417E-04, 8.798616E-02
8.86006E-08, -4.93371E-03, -4.4891E-04, 8.807047E-02
8.86068E-08, -5.46064E-03, -1.39738E-03, 8.811263E-02
8.86131E-08, -5.98757E-03, -2.55662E-03, 8.802832E-02
8.86193E-08, -7.04142E-03, -3.82125E-03, 8.798616E-02
8.86256E-08, -6.51450E-03, -4.98049E-03, 8.785971E-02
8.86318E-08, -7.04142E-03, -6.24512E-03, 8.777539E-02
8.86381E-08, -8.62221E-03, -7.50975E-03, 8.748031E-02
8.86443E-08, -8.62221E-03, -8.77437E-03, 8.726954E-02
8.86506E-08, -8.62221E-03, -9.93362E-03, 8.697446E-02
8.86568E-08, -9.67606E-03, -1.109286E-02, 8.663723E-02
8.86631E-08, -9.14914E-03, -1.193594E-02, 8.634215E-02
8.86693E-08, -1.072992E-02, -1.309518E-02, 8.604707E-02
8.86756E-08, -9.14914E-03, -1.372750E-02, 8.566768E-02
8.86818E-08, -9.14914E-03, -1.435981E-02, 8.533045E-02
8.86881E-08, -9.67606E-03, -1.488674E-02, 8.495106E-02
8.86943E-08, -9.67606E-03, -1.509751E-02, 8.465598E-02
8.87006E-08, -8.62221E-03, -1.530828E-02, 8.444521E-02
8.87068E-08, -9.14914E-03, -1.520289E-02, 8.410797E-02
8.87131E-08, -9.67606E-03, -1.499212E-02, 8.389720E-02
8.87193E-08, -8.62221E-03, -1.457058E-02, 8.368643E-02
8.87256E-08, -9.14914E-03, -1.393827E-02, 8.355997E-02
8.87318E-08, -9.14914E-03, -1.309518E-02, 8.343351E-02
8.87381E-08, -9.67606E-03, -1.204133E-02, 8.343351E-02
8.87443E-08, -9.14914E-03, -1.119824E-02, 8.343351E-02
8.87506E-08, -9.14914E-03, -9.82823E-03, 8.351782E-02
8.87568E-08, -1.125685E-02, -8.56360E-03, 8.351782E-02
8.87631E-08, -1.125685E-02, -7.19359E-03, 8.377074E-02
8.87693E-08, -1.178377E-02, -5.92896E-03, 8.393936E-02
8.87756E-08, -1.336456E-02, -4.45356E-03, 8.415013E-02
8.87818E-08, -1.441841E-02, -2.97817E-03, 8.444521E-02
8.87881E-08, -1.599920E-02, -1.29200E-03, 8.457167E-02
8.87943E-08, -1.757998E-02, 2.8879E-04, 8.499321E-02
8.88006E-08, -1.863384E-02, 1.65880E-03, 8.528829E-02
8.88068E-08, -1.968769E-02, 2.92343E-03, 8.554122E-02
8.88131E-08, -2.021462E-02, 4.29344E-03, 8.583630E-02
8.88193E-08, -2.284926E-02, 5.34729E-03, 8.608922E-02
8.88256E-08, -2.337619E-02, 6.50653E-03, 8.634215E-02
8.88318E-08, -2.443004E-02, 7.56039E-03, 8.655292E-02
8.88381E-08, -2.601083E-02, 8.19270E-03, 8.684800E-02
8.88443E-08, -2.601083E-02, 8.93040E-03, 8.697446E-02
8.88506E-08, -2.653776E-02, 9.56272E-03, 8.714308E-02
8.88568E-08, -2.653776E-02, 9.87887E-03, 8.718523E-02
8.88631E-08, -2.653776E-02, 1.030042E-02, 8.714308E-02
8.88693E-08, -2.548390E-02, 1.051119E-02, 8.710092E-02
8.88756E-08, -2.495697E-02, 1.040580E-02, 8.697446E-02
8.88818E-08, -2.337619E-02, 1.040580E-02, 8.693231E-02
8.88881E-08, -2.179541E-02, 1.030042E-02, 8.667938E-02
8.88943E-08, -2.074155E-02, 9.77349E-03, 8.638430E-02
8.89006E-08, -1.810691E-02, 9.35195E-03, 8.621569E-02
8.89068E-08, -1.547227E-02, 9.03579E-03, 8.579414E-02
8.89131E-08, -1.336456E-02, 8.61425E-03, 8.545691E-02
8.89193E-08, -1.020299E-02, 7.87655E-03, 8.507752E-02
8.89256E-08, -7.04142E-03, 7.34962E-03, 8.469813E-02
8.89318E-08, -4.40678E-03, 6.71731E-03, 8.436090E-02
8.89381E-08, -1.24522E-03, 6.08499E-03, 8.389720E-02
8.89443E-08, 8.6249E-04, 5.34729E-03, 8.347566E-02
8.89506E-08, 4.55099E-03, 4.82037E-03, 8.305412E-02
8.89568E-08, 7.18563E-03, 4.08267E-03, 8.271689E-02
8.89631E-08, 9.82027E-03, 3.66112E-03, 8.225319E-02
8.89693E-08, 1.192798E-02, 3.02881E-03, 8.191595E-02
8.89756E-08, 1.403569E-02, 2.60727E-03, 8.162088E-02
8.89818E-08, 1.719726E-02, 2.08034E-03, 8.141010E-02
8.89881E-08, 1.825111E-02, 1.55341E-03, 8.115718E-02
8.89943E-08, 1.930497E-02, 1.34264E-03, 8.103072E-02
8.90006E-08, 2.088575E-02, 9.2110E-04, 8.086210E-02
8.90068E-08, 2.193961E-02, 6.0494E-04, 8.081995E-02
8.90131E-08, 2.299346E-02, 4.9956E-04, 8.077779E-02
8.90193E-08, 2.352039E-02, -2.737E-05, 8.086210E-02
8.90256E-08, 2.404732E-02, -2.3814E-04, 8.103072E-02
8.90318E-08, 2.246654E-02, -4.4891E-04, 8.111502E-02
8.90381E-08, 2.299346E-02, -5.5430E-04, 8.136795E-02
8.90443E-08, 2.299346E-02, -6.5968E-04, 8.162088E-02
8.90506E-08, 2.299346E-02, -5.5430E-04, 8.195811E-02
8.90568E-08, 2.193961E-02, -7.6507E-04, 8.233750E-02
8.90631E-08, 2.141268E-02, -7.6507E-04, 8.267473E-02
8.90693E-08, 2.035883E-02, -7.6507E-04, 8.305412E-02
8.90756E-08, 1.983190E-02, -8.7046E-04, 8.347566E-02
8.90818E-08, 1.877804E-02, -8.7046E-04, 8.398151E-02
8.90881E-08, 1.825111E-02, -7.6507E-04, 8.444521E-02
8.90943E-08, 1.667033E-02, -6.5968E-04, 8.495106E-02
8.91006E-08, 1.772419E-02, -6.5968E-04, 8.533045E-02
8.91068E-08, 1.772419E-02, -6.5968E-04, 8.583630E-02
8.91131E-08, 1.772419E-02, -5.5430E-04, 8.617353E-02
8.91193E-08, 1.877804E-02, -3.4353E-04, 8.655292E-02
8.91256E-08, 1.983190E-02, -4.4891E-04, 8.693231E-02
8.91318E-08, 2.035883E-02, -2.3814E-04, 8.722739E-02
8.91381E-08, 2.193961E-02, -1.3276E-04, 8.748031E-02
8.91443E-08, 2.299346E-02, 7.801E-05, 8.769108E-02
8.91506E-08, 2.510118E-02, 1.8340E-04, 8.781755E-02
8.91568E-08, 2.615503E-02, 1.8340E-04, 8.794401E-02
8.91631E-08, 2.931660E-02, 6.0494E-04, 8.794401E-02
8.91693E-08, 3.142431E-02, 7.1033E-04, 8.785971E-02
8.91756E-08, 3.353202E-02, 9.2110E-04, 8.785971E-02
8.91818E-08, 3.563973E-02, 1.02648E-03, 8.773324E-02
8.91881E-08, 3.932823E-02, 1.34264E-03, 8.748031E-02
8.91943E-08, 4.090901E-02, 1.55341E-03, 8.722739E-02
8.92006E-08, 4.248980E-02, 1.76418E-03, 8.689015E-02
8.92068E-08, 4.565137E-02, 1.97495E-03, 8.651077E-02
8.92131E-08, 4.881293E-02, 2.29111E-03, 8.608922E-02
8.92193E-08, 4.986679E-02, 2.50188E-03, 8.562553E-02
8.92256E-08, 5.250143E-02, 2.50188E-03, 8.516183E-02
8.92318E-08, 5.460914E-02, 2.71265E-03, 8.461383E-02
8.92381E-08, 5.618992E-02, 2.60727E-03, 8.419228E-02
8.92443E-08, 5.829763E-02, 2.71265E-03, 8.364428E-02
8.92506E-08, 5.882456E-02, 2.81804E-03, 8.305412E-02
8.92568E-08, 5.987842E-02, 2.81804E-03, 8.263258E-02
8.92631E-08, 6.093227E-02, 2.81804E-03, 8.208457E-02
8.92693E-08, 6.145920E-02, 2.71265E-03, 8.166303E-02
8.92756E-08, 6.198613E-02, 2.60727E-03, 8.128364E-02
8.92818E-08, 6.145920E-02, 2.60727E-03, 8.086210E-02
8.92881E-08, 6.251305E-02, 2.50188E-03, 8.039840E-02
8.92943E-08, 6.198613E-02, 2.29111E-03, 8.018763E-02
8.93006E-08, 6.198613E-02, 2.18573E-03, 7.993471E-02
8.93068E-08, 6.145920E-02, 1.86957E-03, 7.972394E-02
8.93131E-08, 6.145920E-02, 1.55341E-03, 7.963963E-02
8.93193E-08, 5.987842E-02, 1.34264E-03, 7.955532E-02
8.93256E-08, 5.882456E-02, 1.02648E-03, 7.955532E-02
8.93318E-08, 5.882456E-02, 7.1033E-04, 7.959747E-02
8.93381E-08, 5.777070E-02, 3.9417E-04, 7.980824E-02
8.93443E-08, 5.671685E-02, 4.9956E-04, 7.989255E-02
8.93506E-08, 5.513607E-02, 2.8879E-04, 8.014548E-02
8.93568E-08, 5.460914E-02, -2.737E-05, 8.039840E-02
8.93631E-08, 5.197450E-02, -1.3276E-04, 8.069348E-02
8.93693E-08, 5.092064E-02, -1.3276E-04, 8.115718E-02
8.93756E-08, 4.933986E-02, -3.4353E-04, 8.153657E-02
8.93818E-08, 4.828600E-02, -2.3814E-04, 8.195811E-02
8.93881E-08, 4.723215E-02, -1.3276E-04, 8.237965E-02
8.93943E-08, 4.459751E-02, -2.3814E-04, 8.288550E-02
8.94006E-08, 4.407058E-02, -2.737E-05, 8.334920E-02
8.94068E-08, 4.143594E-02, 2.8879E-04, 8.385505E-02
8.94131E-08, 3.932823E-02, 3.9417E-04, 8.427659E-02
8.94193E-08, 3.722052E-02, 8.1571E-04, 8.474029E-02
8.94256E-08, 3.563973E-02, 1.23726E-03, 8.520398E-02
8.94318E-08, 3.300510E-02, 1.65880E-03, 8.562553E-02
8.94381E-08, 3.089738E-02, 2.18573E-03, 8.613138E-02
8.94443E-08, 2.773582E-02, 2.60727E-03, 8.638430E-02
8.94506E-08, 2.457425E-02, 3.13420E-03, 8.672154E-02
8.94568E-08, 2.193961E-02, 3.55574E-03, 8.701662E-02
8.94631E-08, 1.772419E-02, 4.39882E-03, 8.726954E-02
8.94693E-08, 1.403569E-02, 4.82037E-03, 8.764893E-02
8.94756E-08, 9.29334E-03, 5.24191E-03, 8.777539E-02
8.94818E-08, 6.13177E-03, 5.97961E-03, 8.798616E-02
8.94881E-08, 2.97021E-03, 6.71731E-03, 8.811263E-02
8.94943E-08, -7.1829E-04, 7.24423E-03, 8.832340E-02
8.95006E-08, -4.93371E-03, 7.77116E-03, 8.844986E-02
8.95068E-08, -9.67606E-03, 8.29809E-03, 8.849201E-02
8.95131E-08, -1.336456E-02, 8.71963E-03, 8.853417E-02
8.95193E-08, -1.652613E-02, 9.14117E-03, 8.861848E-02
8.95256E-08, -2.074155E-02, 9.77349E-03, 8.866064E-02
8.95318E-08, -2.495697E-02, 1.019503E-02, 8.866064E-02
8.95381E-08, -2.759161E-02, 1.030042E-02, 8.870278E-02
8.95443E-08, -3.022625E-02, 1.082734E-02, 8.866064E-02
8.95506E-08, -3.233396E-02, 1.124889E-02, 8.878709E-02
8.95568E-08, -3.444167E-02, 1.145966E-02, 8.874494E-02
8.95631E-08, -3.654939E-02, 1.177581E-02, 8.874494E-02
8.95693E-08, -3.707631E-02, 1.177581E-02, 8.882925E-02
8.95756E-08, -3.865710E-02, 1.198658E-02, 8.878709E-02
8.95818E-08, -3.865710E-02, 1.219736E-02, 8.878709E-02
8.95881E-08, -3.760324E-02, 1.240813E-02, 8.870278E-02
8.95943E-08, -3.760324E-02, 1.240813E-02, 8.878709E-02
8.96006E-08, -3.496860E-02, 1.251351E-02, 8.874494E-02
8.96068E-08, -3.286089E-02, 1.261890E-02, 8.866064E-02
8.96131E-08, -3.022625E-02, 1.282967E-02, 8.870278E-02
8.96193E-08, -2.706468E-02, 1.272428E-02, 8.861848E-02
8.96256E-08, -2.443004E-02, 1.282967E-02, 8.844986E-02
8.96318E-08, -2.074155E-02, 1.282967E-02, 8.836555E-02
8.96381E-08, -1.757998E-02, 1.261890E-02, 8.828124E-02
8.96443E-08, -1.231070E-02, 1.282967E-02, 8.807047E-02
8.96506E-08, -8.09528E-03, 1.293505E-02, 8.781755E-02
8.96568E-08, -2.82600E-03, 1.282967E-02, 8.773324E-02
8.96631E-08, 1.38942E-03, 1.293505E-02, 8.748031E-02
8.96693E-08, 6.13177E-03, 1.261890E-02, 8.722739E-02
8.96756E-08, 1.034720E-02, 1.251351E-02, 8.689015E-02
8.96818E-08, 1.403569E-02, 1.230274E-02, 8.663723E-02
8.96881E-08, 1.930497E-02, 1.230274E-02, 8.629999E-02
8.96943E-08, 2.193961E-02, 1.188120E-02, 8.600491E-02
8.97006E-08, 2.562810E-02, 1.156504E-02, 8.562553E-02
8.97068E-08, 2.826274E-02, 1.156504E-02, 8.528829E-02
8.97131E-08, 3.089738E-02, 1.114350E-02, 8.495106E-02
8.97193E-08, 3.300510E-02, 1.093273E-02, 8.465598E-02
8.97256E-08, 3.353202E-02, 1.051119E-02, 8.431875E-02
8.97318E-08, 3.458588E-02, 9.98426E-03, 8.398151E-02
8.97381E-08, 3.458588E-02, 9.45733E-03, 8.364428E-02
8.97443E-08, 3.353202E-02, 9.14117E-03, 8.343351E-02
8.97506E-08, 3.353202E-02, 8.61425E-03, 8.322274E-02
8.97568E-08, 3.142431E-02, 8.19270E-03, 8.301196E-02
8.97631E-08, 3.089738E-02, 7.66578E-03, 8.275904E-02
8.97693E-08, 2.826274E-02, 6.92808E-03, 8.267473E-02
8.97756E-08, 2.615503E-02, 6.40115E-03, 8.250611E-02
8.97818E-08, 2.246654E-02, 5.87422E-03, 8.254827E-02
8.97881E-08, 2.035883E-02, 5.24191E-03, 8.246396E-02
8.97943E-08, 1.772419E-02, 4.60959E-03, 8.254827E-02
8.98006E-08, 1.456262E-02, 4.08267E-03, 8.259042E-02
8.98068E-08, 9.82027E-03, 3.76651E-03, 8.271689E-02
8.98131E-08, 7.18563E-03, 3.13420E-03, 8.284335E-02
8.98193E-08, 4.55099E-03, 2.81804E-03, 8.301196E-02
8.98256E-08, 8.6249E-04, 2.18573E-03, 8.322274E-02
8.98318E-08, -7.1829E-04, 1.86957E-03, 8.347566E-02
8.98381E-08, -3.87986E-03, 1.55341E-03, 8.377074E-02
8.98443E-08, -6.51450E-03, 1.23726E-03, 8.398151E-02
8.98506E-08, -9.14914E-03, 1.13187E-03, 8.423444E-02
8.98568E-08, -9.67606E-03, 1.02648E-03, 8.448736E-02
8.98631E-08, -1.231070E-02, 1.02648E-03, 8.482460E-02
8.98693E-08, -1.231070E-02, 1.13187E-03, 8.507752E-02
8.98756E-08, -1.283763E-02, 1.13187E-03, 8.533045E-02
8.98818E-08, -1.441841E-02, 1.23726E-03, 8.549906E-02
8.98881E-08, -1.389149E-02, 1.44803E-03, 8.570984E-02
8.98943E-08, -1.283763E-02, 1.55341E-03, 8.587845E-02
8.99006E-08, -1.283763E-02, 2.08034E-03, 8.600491E-02
8.99068E-08, -1.178377E-02, 2.29111E-03, 8.608922E-02
8.99131E-08, -1.072992E-02, 2.71265E-03, 8.617353E-02
8.99193E-08, -9.67606E-03, 3.02881E-03, 8.625784E-02
8.99256E-08, -7.56835E-03, 3.45035E-03, 8.613138E-02
8.99318E-08, -5.98757E-03, 3.66112E-03, 8.613138E-02
8.99381E-08, -5.46064E-03, 4.08267E-03, 8.604707E-02
8.99443E-08, -2.82600E-03, 4.39882E-03, 8.596276E-02
8.99506E-08, -1.77215E-03, 4.82037E-03, 8.583630E-02
8.99568E-08, -7.1829E-04, 5.13652E-03, 8.562553E-02
8.99631E-08, 3.3557E-04, 5.24191E-03, 8.545691E-02
8.99693E-08, 1.91635E-03, 5.34729E-03, 8.528829E-02
8.99756E-08, 2.44328E-03, 5.55806E-03, 8.507752E-02
8.99818E-08, 3.49713E-03, 5.55806E-03, 8.490890E-02
8.99881E-08, 4.55099E-03, 5.55806E-03, 8.465598E-02
8.99943E-08, 5.07792E-03, 5.45268E-03, 8.452952E-02
9.00006E-08, 5.07792E-03, 5.03114E-03, 8.431875E-02
9.00068E-08, 6.65870E-03, 5.03114E-03, 8.415013E-02
9.00131E-08, 7.18563E-03, 4.60959E-03, 8.398151E-02
9.00193E-08, 7.18563E-03, 4.08267E-03, 8.389720E-02
9.00256E-08, 8.76641E-03, 3.87190E-03, 8.381289E-02
9.00318E-08, 8.23948E-03, 3.02881E-03, 8.372859E-02
9.00381E-08, 9.29334E-03, 2.39650E-03, 8.372859E-02
9.00443E-08, 9.82027E-03, 1.65880E-03, 8.368643E-02
9.00506E-08, 1.087412E-02, 1.02648E-03, 8.372859E-02
9.00568E-08, 1.245491E-02, 2.8879E-04, 8.381289E-02
9.00631E-08, 1.350876E-02, -3.4353E-04, 8.389720E-02
9.00693E-08, 1.456262E-02, -1.08123E-03, 8.402367E-02
9.00756E-08, 1.772419E-02, -1.71354E-03, 8.415013E-02
9.00818E-08, 1.930497E-02, -2.34585E-03, 8.431875E-02
9.00881E-08, 2.193961E-02, -2.97817E-03, 8.448736E-02
9.00943E-08, 2.457425E-02, -3.61048E-03, 8.469813E-02
9.01006E-08, 2.668196E-02, -4.24279E-03, 8.486675E-02
9.01068E-08, 3.037046E-02, -4.55895E-03, 8.503537E-02
9.01131E-08, 3.405895E-02, -4.76972E-03, 8.528829E-02
9.01193E-08, 3.722052E-02, -5.29665E-03, 8.545691E-02
9.01256E-08, 4.038208E-02, -5.19126E-03, 8.562553E-02
9.01318E-08, 4.354365E-02, -5.29665E-03, 8.583630E-02
9.01381E-08, 4.723215E-02, -5.29665E-03, 8.596276E-02
9.01443E-08, 5.092064E-02, -4.98049E-03, 8.608922E-02
9.01506E-08, 5.408221E-02, -4.76972E-03, 8.617353E-02
9.01568E-08, 5.566299E-02, -4.24279E-03, 8.625784E-02
9.01631E-08, 5.935149E-02, -3.50509E-03, 8.629999E-02
9.01693E-08, 6.093227E-02, -3.08355E-03, 8.634215E-02
9.01756E-08, 6.303998E-02, -2.13508E-03, 8.629999E-02
9.01818E-08, 6.356691E-02, -1.18661E-03, 8.629999E-02
9.01881E-08, 6.514770E-02, -3.4353E-04, 8.629999E-02
9.01943E-08, 6.462077E-02, 8.1571E-04, 8.625784E-02
9.02006E-08, 6.409384E-02, 1.76418E-03, 8.613138E-02
9.02068E-08, 6.356691E-02, 2.81804E-03, 8.604707E-02
9.02131E-08, 6.198613E-02, 3.97728E-03, 8.592061E-02
9.02193E-08, 5.882456E-02, 4.92575E-03, 8.575199E-02
9.02256E-08, 5.566299E-02, 6.19038E-03, 8.562553E-02
9.02318E-08, 5.197450E-02, 7.13885E-03, 8.554122E-02
9.02381E-08, 4.828600E-02, 7.98193E-03, 8.541476E-02
9.02443E-08, 4.407058E-02, 9.24656E-03, 8.533045E-02
9.02506E-08, 3.880130E-02, 9.87887E-03, 8.524614E-02
9.02568E-08, 3.247816E-02, 1.072196E-02, 8.516183E-02
9.02631E-08, 2.668196E-02, 1.145966E-02, 8.499321E-02
9.02693E-08, 2.141268E-02, 1.198658E-02, 8.490890E-02
9.02756E-08, 1.403569E-02, 1.219736E-02, 8.495106E-02
9.02818E-08, 8.23948E-03, 1.251351E-02, 8.486675E-02
9.02881E-08, 2.97021E-03, 1.261890E-02, 8.478244E-02
9.02943E-08, -4.40678E-03, 1.230274E-02, 8.482460E-02
9.03006E-08, -1.020299E-02, 1.219736E-02, 8.474029E-02
9.03068E-08, -1.652613E-02, 1.177581E-02, 8.469813E-02
9.03131E-08, -2.126848E-02, 1.124889E-02, 8.474029E-02
9.03193E-08, -2.706468E-02, 1.082734E-02, 8.474029E-02
9.03256E-08, -3.180704E-02, 9.87887E-03, 8.474029E-02
9.03318E-08, -3.549553E-02, 9.03579E-03, 8.482460E-02
9.03381E-08, -3.813017E-02, 8.08732E-03, 8.486675E-02
9.03443E-08, -4.129174E-02, 7.03346E-03, 8.486675E-02
9.03506E-08, -4.287252E-02, 6.08499E-03, 8.486675E-02
9.03568E-08, -4.498023E-02, 4.71498E-03, 8.486675E-02
9.03631E-08, -4.550716E-02, 3.66112E-03, 8.482460E-02
9.03693E-08, -4.550716E-02, 2.50188E-03, 8.474029E-02
9.03756E-08, -4.445330E-02, 1.23726E-03, 8.469813E-02
9.03818E-08, -4.339945E-02, 7.801E-05, 8.465598E-02
9.03881E-08, -4.129174E-02, -1.08123E-03, 8.444521E-02
9.03943E-08, -3.865710E-02, -2.34585E-03, 8.431875E-02
9.04006E-08, -3.549553E-02, -3.29432E-03, 8.410797E-02
9.04068E-08, -3.128011E-02, -4.13741E-03, 8.393936E-02
9.04131E-08, -2.706468E-02, -4.98049E-03, 8.368643E-02
9.04193E-08, -2.284926E-02, -5.82358E-03, 8.339135E-02
9.04256E-08, -1.757998E-02, -6.35051E-03, 8.309627E-02
9.04318E-08, -1.231070E-02, -6.98282E-03, 8.280119E-02
9.04381E-08, -7.56835E-03, -7.29898E-03, 8.246396E-02
9.04443E-08, -1.24522E-03, -7.50975E-03, 8.208457E-02
9.04506E-08, 4.55099E-03, -7.72052E-03, 8.178949E-02
9.04568E-08, 9.82027E-03, -7.72052E-03, 8.136795E-02
9.04631E-08, 1.614340E-02, -7.50975E-03, 8.094641E-02
9.04693E-08, 2.088575E-02, -7.40436E-03, 8.056702E-02
9.04756E-08, 2.773582E-02, -7.19359E-03, 8.014548E-02
9.04818E-08, 3.195124E-02, -6.87743E-03, 7.985040E-02
9.04881E-08, 3.827437E-02, -6.45589E-03, 7.942886E-02
9.04943E-08, 4.248980E-02, -6.03435E-03, 7.917593E-02
9.05006E-08, 4.723215E-02, -5.40204E-03, 7.879654E-02
9.05068E-08, 5.144757E-02, -4.76972E-03, 7.862793E-02
9.05131E-08, 5.513607E-02, -4.03202E-03, 7.833285E-02
9.05193E-08, 5.935149E-02, -3.61048E-03, 7.807992E-02
9.05256E-08, 6.145920E-02, -2.87278E-03, 7.791130E-02
9.05318E-08, 6.409384E-02, -2.45124E-03, 7.782700E-02
9.05381E-08, 6.567463E-02, -1.81893E-03, 7.774269E-02
9.05443E-08, 6.778233E-02, -1.29200E-03, 7.774269E-02
9.05506E-08, 6.778233E-02, -7.6507E-04, 7.774269E-02
9.05568E-08, 6.883619E-02, -3.4353E-04, 7.782700E-02
9.05631E-08, 6.883619E-02, -2.3814E-04, 7.786915E-02
9.05693E-08, 6.830926E-02, 2.8879E-04, 7.803777E-02
9.05756E-08, 6.725541E-02, 6.0494E-04, 7.816423E-02
9.05818E-08, 6.672848E-02, 6.0494E-04, 7.845931E-02
9.05881E-08, 6.462077E-02, 7.1033E-04, 7.867008E-02
9.05943E-08, 6.145920E-02, 6.0494E-04, 7.888085E-02
9.06006E-08, 5.935149E-02, 6.0494E-04, 7.921808E-02
9.06068E-08, 5.618992E-02, 4.9956E-04, 7.955532E-02
9.06131E-08, 5.250143E-02, 2.8879E-04, 7.993471E-02
9.06193E-08, 4.933986E-02, -2.737E-05, 8.031409E-02
9.06256E-08, 4.617829E-02, -1.3276E-04, 8.060917E-02
9.06318E-08, 4.143594E-02, -5.5430E-04, 8.094641E-02
9.06381E-08, 3.669359E-02, -1.08123E-03, 8.128364E-02
9.06443E-08, 3.247816E-02, -1.29200E-03, 8.166303E-02
9.06506E-08, 2.720889E-02, -1.81893E-03, 8.200026E-02
9.06568E-08, 2.299346E-02, -2.34585E-03, 8.229534E-02
9.06631E-08, 1.930497E-02, -2.66201E-03, 8.263258E-02
9.06693E-08, 1.456262E-02, -3.18894E-03, 8.292766E-02
9.06756E-08, 9.82027E-03, -3.71587E-03, 8.318058E-02
9.06818E-08, 6.13177E-03, -4.13741E-03, 8.343351E-02
9.06881E-08, 2.44328E-03, -4.66434E-03, 8.355997E-02
9.06943E-08, -2.29907E-03, -5.19126E-03, 8.372859E-02
9.07006E-08, -4.40678E-03, -5.40204E-03, 8.393936E-02
9.07068E-08, -8.62221E-03, -6.03435E-03, 8.398151E-02
9.07131E-08, -1.125685E-02, -6.35051E-03, 8.410797E-02
9.07193E-08, -1.336456E-02, -6.87743E-03, 8.427659E-02
9.07256E-08, -1.652613E-02, -7.08820E-03, 8.431875E-02
9.07318E-08, -1.810691E-02, -7.50975E-03, 8.427659E-02
9.07381E-08, -2.021462E-02, -7.82590E-03, 8.440305E-02
9.07443E-08, -2.126848E-02, -8.24745E-03, 8.440305E-02
9.07506E-08, -2.179541E-02, -8.35283E-03, 8.440305E-02
9.07568E-08, -2.284926E-02, -8.56360E-03, 8.440305E-02
9.07631E-08, -2.337619E-02, -8.77437E-03, 8.440305E-02
9.07693E-08, -2.284926E-02, -9.19592E-03, 8.444521E-02
9.07756E-08, -2.284926E-02, -8.98515E-03, 8.431875E-02
9.07818E-08, -2.337619E-02, -9.30130E-03, 8.436090E-02
9.07881E-08, -2.074155E-02, -9.40669E-03, 8.431875E-02
9.07943E-08, -2.126848E-02, -9.51207E-03, 8.431875E-02
9.08006E-08, -2.021462E-02, -9.51207E-03, 8.436090E-02
9.08068E-08, -1.757998E-02, -9.61746E-03, 8.436090E-02
9.08131E-08, -1.757998E-02, -9.40669E-03, 8.436090E-02
9.08193E-08, -1.441841E-02, -9.40669E-03, 8.440305E-02
9.08256E-08, -1.283763E-02, -9.40669E-03, 8.444521E-02
9.08318E-08, -1.072992E-02, -9.30130E-03, 8.444521E-02
9.08381E-08, -9.67606E-03, -9.30130E-03, 8.444521E-02
9.08443E-08, -8.09528E-03, -8.98515E-03, 8.448736E-02
9.08506E-08, -5.46064E-03, -8.45822E-03, 8.448736E-02
9.08568E-08, -3.87986E-03, -8.35283E-03, 8.457167E-02
9.08631E-08, -1.77215E-03, -7.82590E-03, 8.457167E-02
9.08693E-08, 8.6249E-04, -7.50975E-03, 8.457167E-02
9.08756E-08, 2.97021E-03, -6.98282E-03, 8.457167E-02
9.08818E-08, 4.02406E-03, -6.56128E-03, 8.452952E-02
9.08881E-08, 7.18563E-03, -5.92896E-03, 8.448736E-02
9.08943E-08, 8.23948E-03, -5.40204E-03, 8.448736E-02
9.09006E-08, 1.140105E-02, -4.87511E-03, 8.436090E-02
9.09068E-08, 1.245491E-02, -4.13741E-03, 8.431875E-02
9.09131E-08, 1.508955E-02, -3.39971E-03, 8.415013E-02
9.09193E-08, 1.667033E-02, -2.87278E-03, 8.406582E-02
9.09256E-08, 1.877804E-02, -2.24047E-03, 8.393936E-02
9.09318E-08, 2.035883E-02, -1.60815E-03, 8.372859E-02
9.09381E-08, 2.035883E-02, -8.7046E-04, 8.355997E-02
9.09443E-08, 2.457425E-02, -3.4353E-04, 8.334920E-02
9.09506E-08, 2.457425E-02, 2.8879E-04, 8.318058E-02
9.09568E-08, 2.562810E-02, 7.1033E-04, 8.296981E-02
9.09631E-08, 2.668196E-02, 1.02648E-03, 8.271689E-02
9.09693E-08, 2.668196E-02, 1.34264E-03, 8.250611E-02
9.09756E-08, 2.773582E-02, 1.55341E-03, 8.225319E-02
9.09818E-08, 2.720889E-02, 1.65880E-03, 8.204242E-02
9.09881E-08, 2.720889E-02, 1.97495E-03, 8.183165E-02
9.09943E-08, 2.668196E-02, 1.97495E-03, 8.162088E-02
9.10006E-08, 2.668196E-02, 1.97495E-03, 8.141010E-02
9.10068E-08, 2.510118E-02, 1.97495E-03, 8.124149E-02
9.10131E-08, 2.457425E-02, 1.65880E-03, 8.111502E-02
9.10193E-08, 2.299346E-02, 1.44803E-03, 8.086210E-02
9.10256E-08, 2.193961E-02, 1.23726E-03, 8.081995E-02
9.10318E-08, 1.930497E-02, 6.0494E-04, 8.065133E-02
9.10381E-08, 1.719726E-02, 1.8340E-04, 8.065133E-02
9.10443E-08, 1.403569E-02, -4.4891E-04, 8.052487E-02
9.10506E-08, 1.192798E-02, -1.08123E-03, 8.052487E-02
9.10568E-08, 8.76641E-03, -1.81893E-03, 8.056702E-02
9.10631E-08, 6.13177E-03, -2.55662E-03, 8.056702E-02
9.10693E-08, 2.44328E-03, -3.18894E-03, 8.065133E-02
9.10756E-08, -1.9136E-04, -4.13741E-03, 8.069348E-02
9.10818E-08, -3.87986E-03, -4.87511E-03, 8.077779E-02
9.10881E-08, -6.51450E-03, -5.40204E-03, 8.081995E-02
9.10943E-08, -9.67606E-03, -6.24512E-03, 8.098856E-02
9.11006E-08, -1.231070E-02, -6.87743E-03, 8.107287E-02
9.11068E-08, -1.441841E-02, -7.61513E-03, 8.128364E-02
9.11131E-08, -1.599920E-02, -8.35283E-03, 8.141010E-02
9.11193E-08, -1.810691E-02, -8.87976E-03, 8.157872E-02
9.11256E-08, -1.863384E-02, -9.30130E-03, 8.166303E-02
9.11318E-08, -1.968769E-02, -9.61746E-03, 8.183165E-02
9.11381E-08, -2.021462E-02, -1.003900E-02, 8.195811E-02
9.11443E-08, -2.074155E-02, -1.035516E-02, 8.208457E-02
9.11506E-08, -1.916077E-02, -1.056593E-02, 8.225319E-02
9.11568E-08, -1.757998E-02, -1.056593E-02, 8.237965E-02
9.11631E-08, -1.547227E-02, -1.077670E-02, 8.242181E-02
9.11693E-08, -1.441841E-02, -1.098747E-02, 8.254827E-02
9.11756E-08, -1.178377E-02, -1.088209E-02, 8.259042E-02
9.11818E-08, -9.14914E-03, -1.088209E-02, 8.271689E-02
9.11881E-08, -4.93371E-03, -1.067131E-02, 8.271689E-02
9.11943E-08, -2.29907E-03, -1.056593E-02, 8.275904E-02
9.12006E-08, 2.97021E-03, -1.046054E-02, 8.271689E-02
9.12068E-08, 6.13177E-03, -1.024977E-02, 8.280119E-02
9.12131E-08, 1.087412E-02, -9.93362E-03, 8.275904E-02
9.12193E-08, 1.508955E-02, -9.93362E-03, 8.275904E-02
9.12256E-08, 1.877804E-02, -9.72284E-03, 8.267473E-02
9.12318E-08, 2.299346E-02, -9.72284E-03, 8.263258E-02
9.12381E-08, 2.668196E-02, -9.82823E-03, 8.254827E-02
9.12443E-08, 3.089738E-02, -9.72284E-03, 8.250611E-02
9.12506E-08, 3.353202E-02, -9.61746E-03, 8.229534E-02
9.12568E-08, 3.669359E-02, -9.72284E-03, 8.233750E-02
9.12631E-08, 3.932823E-02, -9.93362E-03, 8.216888E-02
9.12693E-08, 4.196287E-02, -1.014439E-02, 8.208457E-02
9.12756E-08, 4.354365E-02, -1.035516E-02, 8.200026E-02
9.12818E-08, 4.512443E-02, -1.077670E-02, 8.183165E-02
9.12881E-08, 4.617829E-02, -1.109286E-02, 8.174734E-02
9.12943E-08, 4.617829E-02, -1.183056E-02, 8.166303E-02
9.13006E-08, 4.723215E-02, -1.225210E-02, 8.153657E-02
9.13068E-08, 4.775907E-02, -1.277903E-02, 8.141010E-02
9.13131E-08, 4.775907E-02, -1.330595E-02, 8.128364E-02
9.13193E-08, 4.565137E-02, -1.393827E-02, 8.111502E-02
9.13256E-08, 4.670522E-02, -1.457058E-02, 8.094641E-02
9.13318E-08, 4.512443E-02, -1.530828E-02, 8.086210E-02
9.13381E-08, 4.354365E-02, -1.594059E-02, 8.077779E-02
9.13443E-08, 4.248980E-02, -1.657291E-02, 8.065133E-02
9.13506E-08, 4.301672E-02, -1.699445E-02, 8.048271E-02
9.13568E-08, 4.090901E-02, -1.773215E-02, 8.035625E-02
9.13631E-08, 4.196287E-02, -1.825907E-02, 8.018763E-02
9.13693E-08, 4.038208E-02, -1.857523E-02, 8.014548E-02
9.13756E-08, 4.038208E-02, -1.889139E-02, 8.001901E-02
9.13818E-08, 3.985516E-02, -1.920754E-02, 7.980824E-02
9.13881E-08, 4.090901E-02, -1.952370E-02, 7.972394E-02
9.13943E-08, 4.143594E-02, -1.962909E-02, 7.968178E-02
9.14006E-08, 4.196287E-02, -1.973447E-02, 7.955532E-02
9.14068E-08, 4.301672E-02, -1.973447E-02, 7.947101E-02
9.14131E-08, 4.512443E-02, -1.962909E-02, 7.947101E-02
9.14193E-08, 4.670522E-02, -1.941832E-02, 7.934455E-02
9.14256E-08, 4.775907E-02, -1.920754E-02, 7.934455E-02
9.14318E-08, 4.986679E-02, -1.910216E-02, 7.926024E-02
9.14381E-08, 5.144757E-02, -1.857523E-02, 7.930239E-02
9.14443E-08, 5.408221E-02, -1.825907E-02, 7.930239E-02
9.14506E-08, 5.618992E-02, -1.773215E-02, 7.934455E-02
9.14568E-08, 5.777070E-02, -1.752138E-02, 7.938670E-02
9.14631E-08, 6.040534E-02, -1.688906E-02, 7.942886E-02
9.14693E-08, 6.093227E-02, -1.646752E-02, 7.947101E-02
9.14756E-08, 6.303998E-02, -1.625675E-02, 7.972394E-02
9.14818E-08, 6.409384E-02, -1.572982E-02, 7.976609E-02
9.14881E-08, 6.462077E-02, -1.509751E-02, 7.980824E-02
9.14943E-08, 6.514770E-02, -1.467597E-02, 7.993471E-02
9.15006E-08, 6.514770E-02, -1.435981E-02, 8.006117E-02
9.15068E-08, 6.514770E-02, -1.414904E-02, 8.018763E-02
9.15131E-08, 6.356691E-02, -1.372750E-02, 8.035625E-02
9.15193E-08, 6.198613E-02, -1.362211E-02, 8.056702E-02
9.15256E-08, 6.093227E-02, -1.330595E-02, 8.073564E-02
9.15318E-08, 5.882456E-02, -1.309518E-02, 8.090425E-02
9.15381E-08, 5.618992E-02, -1.277903E-02, 8.115718E-02
9.15443E-08, 5.250143E-02, -1.256825E-02, 8.124149E-02
9.15506E-08, 4.933986E-02, -1.235748E-02, 8.141010E-02
9.15568E-08, 4.670522E-02, -1.214671E-02, 8.162088E-02
9.15631E-08, 4.354365E-02, -1.161978E-02, 8.170518E-02
9.15693E-08, 3.932823E-02, -1.130363E-02, 8.191595E-02
9.15756E-08, 3.563973E-02, -1.098747E-02, 8.208457E-02
9.15818E-08, 3.247816E-02, -1.077670E-02, 8.221103E-02
9.15881E-08, 2.931660E-02, -1.024977E-02, 8.229534E-02
9.15943E-08, 2.510118E-02, -9.72284E-03, 8.237965E-02
9.16006E-08, 2.246654E-02, -9.09053E-03, 8.246396E-02
9.16068E-08, 2.035883E-02, -8.45822E-03, 8.246396E-02
9.16131E-08, 1.667033E-02, -7.61513E-03, 8.259042E-02
9.16193E-08, 1.561647E-02, -6.87743E-03, 8.259042E-02
9.16256E-08, 1.403569E-02, -5.92896E-03, 8.267473E-02
9.16318E-08, 1.192798E-02, -4.98049E-03, 8.275904E-02
9.16381E-08, 1.034720E-02, -3.92664E-03, 8.275904E-02
9.16443E-08, 1.087412E-02, -2.76740E-03, 8.271689E-02
9.16506E-08, 1.087412E-02, -1.50277E-03, 8.267473E-02
9.16568E-08, 1.087412E-02, -4.4891E-04, 8.271689E-02
9.16631E-08, 1.140105E-02, 1.13187E-03, 8.263258E-02
9.16693E-08, 1.140105E-02, 2.39650E-03, 8.263258E-02
9.16756E-08, 1.245491E-02, 3.66112E-03, 8.259042E-02
9.16818E-08, 1.350876E-02, 4.82037E-03, 8.250611E-02
9.16881E-08, 1.456262E-02, 6.19038E-03, 8.246396E-02
9.16943E-08, 1.614340E-02, 7.34962E-03, 8.242181E-02
9.17006E-08, 1.719726E-02, 8.40348E-03, 8.229534E-02
9.17068E-08, 1.930497E-02, 9.56272E-03, 8.233750E-02
9.17131E-08, 1.983190E-02, 1.051119E-02, 8.229534E-02
9.17193E-08, 2.141268E-02, 1.114350E-02, 8.221103E-02
9.17256E-08, 2.193961E-02, 1.198658E-02, 8.221103E-02
9.17318E-08, 2.299346E-02, 1.240813E-02, 8.212673E-02
9.17381E-08, 2.352039E-02, 1.293505E-02, 8.204242E-02
9.17443E-08, 2.404732E-02, 1.325121E-02, 8.208457E-02
9.17506E-08, 2.404732E-02, 1.325121E-02, 8.208457E-02
9.17568E-08, 2.352039E-02, 1.325121E-02, 8.212673E-02
9.17631E-08, 2.246654E-02, 1.293505E-02, 8.204242E-02
9.17693E-08, 2.246654E-02, 1.240813E-02, 8.216888E-02
9.17756E-08, 2.141268E-02, 1.209197E-02, 8.212673E-02
9.17818E-08, 1.983190E-02, 1.114350E-02, 8.216888E-02
9.17881E-08, 1.930497E-02, 1.008964E-02, 8.221103E-02
9.17943E-08, 1.614340E-02, 9.24656E-03, 8.229534E-02
9.18006E-08, 1.561647E-02, 8.08732E-03, 8.229534E-02
9.18068E-08, 1.403569E-02, 6.92808E-03, 8.242181E-02
9.18131E-08, 1.298183E-02, 5.76884E-03, 8.246396E-02
9.18193E-08, 1.034720E-02, 4.39882E-03, 8.259042E-02
9.18256E-08, 9.82027E-03, 2.81804E-03, 8.271689E-02
9.18318E-08, 9.29334E-03, 1.44803E-03, 8.280119E-02
9.18381E-08, 7.71256E-03, -1.3276E-04, 8.292766E-02
9.18443E-08, 7.71256E-03, -1.50277E-03, 8.301196E-02
9.18506E-08, 6.65870E-03, -2.87278E-03, 8.309627E-02
9.18568E-08, 6.65870E-03, -4.34818E-03, 8.313843E-02
9.18631E-08, 8.23948E-03, -5.40204E-03, 8.322274E-02
9.18693E-08, 8.23948E-03, -6.66666E-03, 8.326489E-02
9.18756E-08, 9.29334E-03, -7.72052E-03, 8.326489E-02
9.18818E-08, 1.034720E-02, -8.77437E-03, 8.330704E-02
9.18881E-08, 1.245491E-02, -9.61746E-03, 8.322274E-02
9.18943E-08, 1.456262E-02, -1.046054E-02, 8.322274E-02
9.19006E-08, 1.614340E-02, -1.098747E-02, 8.326489E-02
9.19068E-08, 1.825111E-02, -1.161978E-02, 8.313843E-02
9.19131E-08, 2.141268E-02, -1.193594E-02, 8.301196E-02
9.19193E-08, 2.246654E-02, -1.225210E-02, 8.288550E-02
9.19256E-08, 2.457425E-02, -1.235748E-02, 8.267473E-02
9.19318E-08, 2.720889E-02, -1.256825E-02, 8.259042E-02
9.19381E-08, 2.931660E-02, -1.246287E-02, 8.237965E-02
9.19443E-08, 3.195124E-02, -1.235748E-02, 8.216888E-02
9.19506E-08, 3.247816E-02, -1.204133E-02, 8.191595E-02
9.19568E-08, 3.300510E-02, -1.183056E-02, 8.170518E-02
9.19631E-08, 3.353202E-02, -1.140901E-02, 8.132580E-02
9.19693E-08, 3.458588E-02, -1.109286E-02, 8.119933E-02
9.19756E-08, 3.405895E-02, -1.046054E-02, 8.086210E-02
9.19818E-08, 3.247816E-02, -1.003900E-02, 8.065133E-02
9.19881E-08, 3.195124E-02, -9.40669E-03, 8.039840E-02
9.19943E-08, 2.931660E-02, -8.98515E-03, 8.018763E-02
9.20006E-08, 2.720889E-02, -8.45822E-03, 7.989255E-02
9.20068E-08, 2.562810E-02, -7.72052E-03, 7.976609E-02
9.20131E-08, 2.352039E-02, -7.19359E-03, 7.951316E-02
9.20193E-08, 1.983190E-02, -6.56128E-03, 7.942886E-02
9.20256E-08, 1.561647E-02, -5.92896E-03, 7.921808E-02
9.20318E-08, 1.245491E-02, -5.50742E-03, 7.909162E-02
9.20381E-08, 7.18563E-03, -5.08588E-03, 7.909162E-02
9.20443E-08, 2.44328E-03, -4.45356E-03, 7.909162E-02
9.20506E-08, -1.9136E-04, -3.82125E-03, 7.900731E-02
9.20568E-08, -3.87986E-03, -3.39971E-03, 7.909162E-02
9.20631E-08, -8.09528E-03, -2.97817E-03, 7.909162E-02
9.20693E-08, -1.231070E-02, -2.45124E-03, 7.913378E-02
9.20756E-08, -1.494534E-02, -2.13508E-03, 7.930239E-02
9.20818E-08, -1.863384E-02, -1.60815E-03, 7.938670E-02
9.20881E-08, -2.021462E-02, -1.29200E-03, 7.955532E-02
9.20943E-08, -2.232233E-02, -8.7046E-04, 7.968178E-02
9.21006E-08, -2.390312E-02, -5.5430E-04, 7.980824E-02
9.21068E-08, -2.495697E-02, -2.3814E-04, 8.006117E-02
9.21131E-08, -2.443004E-02, 7.801E-05, 8.014548E-02
9.21193E-08, -2.443004E-02, 3.9417E-04, 8.039840E-02
9.21256E-08, -2.232233E-02, 7.1033E-04, 8.052487E-02
9.21318E-08, -2.126848E-02, 8.1571E-04, 8.073564E-02
9.21381E-08, -1.916077E-02, 1.13187E-03, 8.081995E-02
9.21443E-08, -1.547227E-02, 1.23726E-03, 8.103072E-02
9.21506E-08, -1.125685E-02, 1.76418E-03, 8.103072E-02
9.21568E-08, -8.09528E-03, 1.76418E-03, 8.119933E-02
9.21631E-08, -3.87986E-03, 1.86957E-03, 8.124149E-02
9.21693E-08, 1.38942E-03, 1.97495E-03, 8.124149E-02
9.21756E-08, 6.13177E-03, 1.86957E-03, 8.115718E-02
9.21818E-08, 1.192798E-02, 1.65880E-03, 8.115718E-02
9.21881E-08, 1.772419E-02, 1.97495E-03, 8.107287E-02
9.21943E-08, 2.352039E-02, 1.65880E-03, 8.098856E-02
9.22006E-08, 2.931660E-02, 1.44803E-03, 8.086210E-02
9.22068E-08, 3.405895E-02, 1.13187E-03, 8.065133E-02
9.22131E-08, 3.985516E-02, 9.2110E-04, 8.039840E-02
9.22193E-08, 4.512443E-02, 4.9956E-04, 8.022979E-02
9.22256E-08, 5.039372E-02, 1.8340E-04, 7.993471E-02
9.22318E-08, 5.513607E-02, -4.4891E-04, 7.968178E-02
9.22381E-08, 5.882456E-02, -9.7584E-04, 7.942886E-02
9.22443E-08, 6.303998E-02, -1.60815E-03, 7.909162E-02
9.22506E-08, 6.725541E-02, -2.24047E-03, 7.879654E-02
9.22568E-08, 6.883619E-02, -3.08355E-03, 7.841715E-02
9.22631E-08, 7.094390E-02, -3.71587E-03, 7.812207E-02
9.22693E-08, 7.357854E-02, -4.55895E-03, 7.778484E-02
9.22756E-08, 7.515933E-02, -5.40204E-03, 7.736330E-02
9.22818E-08, 7.568625E-02, -6.24512E-03, 7.715253E-02
9.22881E-08, 7.568625E-02, -6.87743E-03, 7.677314E-02
9.22943E-08, 7.568625E-02, -7.82590E-03, 7.647806E-02
9.23006E-08, 7.515933E-02, -8.87976E-03, 7.622513E-02
9.23068E-08, 7.305162E-02, -9.40669E-03, 7.597221E-02
9.23131E-08, 7.199775E-02, -1.014439E-02, 7.571928E-02
9.23193E-08, 6.883619E-02, -1.088209E-02, 7.550851E-02
9.23256E-08, 6.778233E-02, -1.130363E-02, 7.529774E-02
9.23318E-08, 6.462077E-02, -1.204133E-02, 7.512912E-02
9.23381E-08, 6.093227E-02, -1.246287E-02, 7.504482E-02
9.23443E-08, 5.829763E-02, -1.298980E-02, 7.491835E-02
9.23506E-08, 5.460914E-02, -1.330595E-02, 7.483405E-02
9.23568E-08, 5.039372E-02, -1.341134E-02, 7.479189E-02
9.23631E-08, 4.723215E-02, -1.362211E-02, 7.470758E-02
9.23693E-08, 4.248980E-02, -1.362211E-02, 7.470758E-02
9.23756E-08, 3.880130E-02, -1.383288E-02, 7.470758E-02
9.23818E-08, 3.405895E-02, -1.341134E-02, 7.474974E-02
9.23881E-08, 2.931660E-02, -1.330595E-02, 7.474974E-02
9.23943E-08, 2.510118E-02, -1.298980E-02, 7.479189E-02
9.24006E-08, 2.035883E-02, -1.256825E-02, 7.491835E-02
9.24068E-08, 1.667033E-02, -1.214671E-02, 7.496051E-02
9.24131E-08, 1.298183E-02, -1.161978E-02, 7.504482E-02
9.24193E-08, 7.71256E-03, -1.109286E-02, 7.525559E-02
9.24256E-08, 3.49713E-03, -1.035516E-02, 7.538205E-02
9.24318E-08, 8.6249E-04, -9.72284E-03, 7.550851E-02
9.24381E-08, -3.35293E-03, -9.19592E-03, 7.567713E-02
9.24443E-08, -7.04142E-03, -8.66899E-03, 7.580359E-02
9.24506E-08, -1.072992E-02, -7.72052E-03, 7.597221E-02
9.24568E-08, -1.389149E-02, -7.29898E-03, 7.614083E-02
9.24631E-08, -1.599920E-02, -6.66666E-03, 7.630944E-02
9.24693E-08, -2.021462E-02, -5.92896E-03, 7.647806E-02
9.24756E-08, -2.179541E-02, -5.71819E-03, 7.660452E-02
9.24818E-08, -2.443004E-02, -5.29665E-03, 7.681529E-02
9.24881E-08, -2.443004E-02, -4.55895E-03, 7.689960E-02
9.24943E-08, -2.706468E-02, -4.34818E-03, 7.715253E-02
9.25006E-08, -2.864547E-02, -4.13741E-03, 7.732114E-02
9.25068E-08, -2.864547E-02, -4.13741E-03, 7.744761E-02
9.25131E-08, -2.864547E-02, -4.03202E-03, 7.761622E-02
9.25193E-08, -2.969932E-02, -4.13741E-03, 7.778484E-02
9.25256E-08, -2.864547E-02, -4.13741E-03, 7.791130E-02
9.25318E-08, -2.759161E-02, -4.45356E-03, 7.812207E-02
9.25381E-08, -2.759161E-02, -4.76972E-03, 7.824854E-02
9.25443E-08, -2.653776E-02, -5.19126E-03, 7.841715E-02
9.25506E-08, -2.443004E-02, -5.71819E-03, 7.858577E-02
9.25568E-08, -2.232233E-02, -6.03435E-03, 7.875439E-02
9.25631E-08, -2.074155E-02, -6.66666E-03, 7.883870E-02
9.25693E-08, -1.757998E-02, -7.29898E-03, 7.900731E-02
9.25756E-08, -1.547227E-02, -7.93129E-03, 7.917593E-02
9.25818E-08, -1.283763E-02, -8.77437E-03, 7.930239E-02
9.25881E-08, -9.67606E-03, -9.40669E-03, 7.942886E-02
9.25943E-08, -5.98757E-03, -1.046054E-02, 7.959747E-02
9.26006E-08, -2.82600E-03, -1.119824E-02, 7.976609E-02
9.26068E-08, 3.3557E-04, -1.183056E-02, 7.989255E-02
9.26131E-08, 2.97021E-03, -1.235748E-02, 7.993471E-02
9.26193E-08, 6.13177E-03, -1.309518E-02, 8.010332E-02
9.26256E-08, 8.76641E-03, -1.372750E-02, 8.031409E-02
9.26318E-08, 1.087412E-02, -1.414904E-02, 8.039840E-02
9.26381E-08, 1.245491E-02, -1.457058E-02, 8.052487E-02
9.26443E-08, 1.561647E-02, -1.509751E-02, 8.060917E-02
9.26506E-08, 1.825111E-02, -1.541366E-02, 8.073564E-02
9.26568E-08, 1.772419E-02, -1.572982E-02, 8.081995E-02
9.26631E-08, 1.930497E-02, -1.572982E-02, 8.086210E-02
9.26693E-08, 1.983190E-02, -1.583521E-02, 8.090425E-02
9.26756E-08, 2.141268E-02, -1.572982E-02, 8.094641E-02
9.26818E-08, 1.983190E-02, -1.572982E-02, 8.098856E-02
9.26881E-08, 2.088575E-02, -1.530828E-02, 8.098856E-02
9.26943E-08, 1.877804E-02, -1.499212E-02, 8.098856E-02
9.27006E-08, 1.825111E-02, -1.457058E-02, 8.098856E-02
9.27068E-08, 1.561647E-02, -1.393827E-02, 8.094641E-02
9.27131E-08, 1.456262E-02, -1.330595E-02, 8.077779E-02
9.27193E-08, 1.192798E-02, -1.277903E-02, 8.081995E-02
9.27256E-08, 8.23948E-03, -1.204133E-02, 8.069348E-02
9.27318E-08, 6.13177E-03, -1.130363E-02, 8.060917E-02
9.27381E-08, 2.44328E-03, -1.046054E-02, 8.048271E-02
9.27443E-08, -1.9136E-04, -9.61746E-03, 8.031409E-02
9.27506E-08, -3.35293E-03, -8.66899E-03, 8.018763E-02
9.27568E-08, -6.51450E-03, -7.82590E-03, 8.001901E-02
9.27631E-08, -1.072992E-02, -6.77205E-03, 7.993471E-02
9.27693E-08, -1.389149E-02, -5.92896E-03, 7.976609E-02
9.27756E-08, -1.705305E-02, -5.08588E-03, 7.955532E-02
9.27818E-08, -1.968769E-02, -3.92664E-03, 7.934455E-02
9.27881E-08, -2.232233E-02, -3.18894E-03, 7.913378E-02
9.27943E-08, -2.443004E-02, -2.34585E-03, 7.896516E-02
9.28006E-08, -2.706468E-02, -1.71354E-03, 7.875439E-02
9.28068E-08, -2.917239E-02, -8.7046E-04, 7.854362E-02
9.28131E-08, -3.022625E-02, -1.3276E-04, 7.833285E-02
9.28193E-08, -3.128011E-02, 7.801E-05, 7.812207E-02
9.28256E-08, -3.233396E-02, 9.2110E-04, 7.786915E-02
9.28318E-08, -3.233396E-02, 1.02648E-03, 7.778484E-02
9.28381E-08, -3.233396E-02, 1.34264E-03, 7.757407E-02
9.28443E-08, -3.233396E-02, 1.44803E-03, 7.727899E-02
9.28506E-08, -2.969932E-02, 1.55341E-03, 7.711037E-02
9.28568E-08, -2.759161E-02, 1.44803E-03, 7.685745E-02
9.28631E-08, -2.653776E-02, 1.44803E-03, 7.673099E-02
9.28693E-08, -2.443004E-02, 1.23726E-03, 7.652021E-02
9.28756E-08, -2.126848E-02, 7.1033E-04, 7.635160E-02
9.28818E-08, -1.863384E-02, 1.8340E-04, 7.618298E-02
9.28881E-08, -1.389149E-02, -3.4353E-04, 7.597221E-02
9.28943E-08, -9.14914E-03, -1.18661E-03, 7.584575E-02
9.29006E-08, -5.46064E-03, -1.81893E-03, 7.571928E-02
9.29068E-08, -1.24522E-03, -2.76740E-03, 7.559282E-02
9.29131E-08, 4.02406E-03, -3.50509E-03, 7.550851E-02
9.29193E-08, 8.23948E-03, -4.45356E-03, 7.542420E-02
9.29256E-08, 1.350876E-02, -5.40204E-03, 7.529774E-02
9.29318E-08, 1.772419E-02, -6.35051E-03, 7.525559E-02
9.29381E-08, 2.352039E-02, -7.29898E-03, 7.529774E-02
9.29443E-08, 2.773582E-02, -8.24745E-03, 7.529774E-02
9.29506E-08, 3.300510E-02, -9.40669E-03, 7.529774E-02
9.29568E-08, 3.774745E-02, -1.024977E-02, 7.538205E-02
9.29631E-08, 4.090901E-02, -1.109286E-02, 7.542420E-02
9.29693E-08, 4.512443E-02, -1.193594E-02, 7.550851E-02
9.29756E-08, 4.933986E-02, -1.256825E-02, 7.555067E-02
9.29818E-08, 5.197450E-02, -1.309518E-02, 7.571928E-02
9.29881E-08, 5.460914E-02, -1.351672E-02, 7.580359E-02
9.29943E-08, 5.671685E-02, -1.383288E-02, 7.593006E-02
9.30006E-08, 5.882456E-02, -1.404365E-02, 7.614083E-02
9.30068E-08, 5.882456E-02, -1.414904E-02, 7.630944E-02
9.30131E-08, 6.040534E-02, -1.404365E-02, 7.652021E-02
9.30193E-08, 6.093227E-02, -1.383288E-02, 7.664668E-02
9.30256E-08, 5.987842E-02, -1.309518E-02, 7.689960E-02
9.30318E-08, 5.829763E-02, -1.277903E-02, 7.706822E-02
9.30381E-08, 5.724378E-02, -1.183056E-02, 7.736330E-02
9.30443E-08, 5.618992E-02, -1.119824E-02, 7.744761E-02
9.30506E-08, 5.302835E-02, -1.014439E-02, 7.765838E-02
9.30568E-08, 4.933986E-02, -9.09053E-03, 7.778484E-02
9.30631E-08, 4.617829E-02, -7.82590E-03, 7.791130E-02
9.30693E-08, 4.301672E-02, -6.45589E-03, 7.799561E-02
9.30756E-08, 3.827437E-02, -5.19126E-03, 7.812207E-02
9.30818E-08, 3.353202E-02, -3.92664E-03, 7.820638E-02
9.30881E-08, 2.984353E-02, -2.55662E-03, 7.816423E-02
9.30943E-08, 2.404732E-02, -1.08123E-03, 7.816423E-02
9.31006E-08, 1.930497E-02, 1.8340E-04, 7.807992E-02
9.31068E-08, 1.456262E-02, 1.55341E-03, 7.799561E-02
9.31131E-08, 1.034720E-02, 2.71265E-03, 7.782700E-02
9.31193E-08, 6.13177E-03, 3.76651E-03, 7.770053E-02
9.31256E-08, 2.44328E-03, 4.92575E-03, 7.748976E-02
9.31318E-08, -1.24522E-03, 5.66345E-03, 7.732114E-02
9.31381E-08, -4.93371E-03, 6.29576E-03, 7.706822E-02
9.31443E-08, -8.62221E-03, 7.13885E-03, 7.673099E-02
9.31506E-08, -1.072992E-02, 7.45500E-03, 7.647806E-02
9.31568E-08, -1.231070E-02, 7.66578E-03, 7.618298E-02
9.31631E-08, -1.389149E-02, 7.77116E-03, 7.580359E-02
9.31693E-08, -1.389149E-02, 7.66578E-03, 7.546636E-02
9.31756E-08, -1.441841E-02, 7.34962E-03, 7.521343E-02
9.31818E-08, -1.389149E-02, 6.92808E-03, 7.491835E-02
9.31881E-08, -1.231070E-02, 6.40115E-03, 7.458112E-02
9.31943E-08, -1.072992E-02, 5.45268E-03, 7.432819E-02
9.32006E-08, -7.56835E-03, 4.50421E-03, 7.403312E-02
9.32068E-08, -4.93371E-03, 3.55574E-03, 7.386450E-02
9.32131E-08, -7.1829E-04, 2.50188E-03, 7.356942E-02
9.32193E-08, 4.02406E-03, 1.13187E-03, 7.344296E-02
9.32256E-08, 7.71256E-03, -1.3276E-04, 7.335865E-02
9.32318E-08, 1.298183E-02, -1.50277E-03, 7.323218E-02
9.32381E-08, 1.825111E-02, -2.87278E-03, 7.323218E-02
9.32443E-08, 2.404732E-02, -4.03202E-03, 7.319003E-02
9.32506E-08, 2.931660E-02, -5.50742E-03, 7.327434E-02
9.32568E-08, 3.563973E-02, -6.77205E-03, 7.331649E-02
9.32631E-08, 4.090901E-02, -7.82590E-03, 7.348511E-02
9.32693E-08, 4.723215E-02, -8.98515E-03, 7.361157E-02
9.32756E-08, 5.197450E-02, -9.93362E-03, 7.386450E-02
9.32818E-08, 5.777070E-02, -1.077670E-02, 7.407527E-02
9.32881E-08, 6.198613E-02, -1.140901E-02, 7.424389E-02
9.32943E-08, 6.672848E-02, -1.193594E-02, 7.453897E-02
9.33006E-08, 6.936312E-02, -1.235748E-02, 7.483405E-02
9.33068E-08, 7.357854E-02, -1.267364E-02, 7.508697E-02
9.33131E-08, 7.621318E-02, -1.277903E-02, 7.538205E-02
9.33193E-08, 7.779396E-02, -1.267364E-02, 7.571928E-02
9.33256E-08, 7.937475E-02, -1.246287E-02, 7.593006E-02
9.33318E-08, 7.990167E-02, -1.193594E-02, 7.622513E-02
9.33381E-08, 7.990167E-02, -1.140901E-02, 7.643591E-02
9.33443E-08, 7.990167E-02, -1.067131E-02, 7.677314E-02
9.33506E-08, 7.832089E-02, -9.82823E-03, 7.681529E-02
9.33568E-08, 7.621318E-02, -8.87976E-03, 7.706822E-02
9.33631E-08, 7.357854E-02, -7.72052E-03, 7.719468E-02
9.33693E-08, 7.094390E-02, -6.77205E-03, 7.736330E-02
9.33756E-08, 6.725541E-02, -5.50742E-03, 7.748976E-02
9.33818E-08, 6.356691E-02, -4.45356E-03, 7.748976E-02
9.33881E-08, 5.987842E-02, -3.08355E-03, 7.761622E-02
9.33943E-08, 5.513607E-02, -1.92431E-03, 7.765838E-02
9.34006E-08, 4.986679E-02, -5.5430E-04, 7.770053E-02
9.34068E-08, 4.512443E-02, 7.1033E-04, 7.770053E-02
9.34131E-08, 4.090901E-02, 1.86957E-03, 7.761622E-02
9.34193E-08, 3.563973E-02, 3.13420E-03, 7.765838E-02
9.34256E-08, 3.089738E-02, 4.18805E-03, 7.761622E-02
9.34318E-08, 2.562810E-02, 5.03114E-03, 7.761622E-02
9.34381E-08, 2.035883E-02, 5.87422E-03, 7.761622E-02
9.34443E-08, 1.614340E-02, 6.71731E-03, 7.761622E-02
9.34506E-08, 1.298183E-02, 7.45500E-03, 7.757407E-02
9.34568E-08, 8.23948E-03, 8.19270E-03, 7.761622E-02
9.34631E-08, 6.13177E-03, 8.50886E-03, 7.765838E-02
9.34693E-08, 1.91635E-03, 8.93040E-03, 7.770053E-02
9.34756E-08, -1.9136E-04, 9.24656E-03, 7.765838E-02
9.34818E-08, -3.35293E-03, 9.35195E-03, 7.778484E-02
9.34881E-08, -4.40678E-03, 9.56272E-03, 7.782700E-02
9.34943E-08, -5.98757E-03, 9.77349E-03, 7.799561E-02
9.35006E-08, -7.04142E-03, 9.45733E-03, 7.803777E-02
9.35068E-08, -7.04142E-03, 9.45733E-03, 7.816423E-02
9.35131E-08, -7.56835E-03, 9.24656E-03, 7.820638E-02
9.35193E-08, -7.04142E-03, 8.71963E-03, 7.841715E-02
9.35256E-08, -5.46064E-03, 8.71963E-03, 7.850146E-02
9.35318E-08, -5.46064E-03, 8.19270E-03, 7.871223E-02
9.35381E-08, -3.35293E-03, 7.77116E-03, 7.879654E-02
9.35443E-08, -1.77215E-03, 7.45500E-03, 7.896516E-02
9.35506E-08, 8.6249E-04, 7.13885E-03, 7.904947E-02
9.35568E-08, 2.44328E-03, 6.82269E-03, 7.921808E-02
9.35631E-08, 5.60485E-03, 6.29576E-03, 7.934455E-02
9.35693E-08, 6.65870E-03, 6.08499E-03, 7.934455E-02
9.35756E-08, 8.76641E-03, 5.66345E-03, 7.938670E-02
9.35818E-08, 1.087412E-02, 5.45268E-03, 7.947101E-02
9.35881E-08, 1.403569E-02, 5.24191E-03, 7.951316E-02
9.35943E-08, 1.614340E-02, 4.92575E-03, 7.951316E-02
9.36006E-08, 1.930497E-02, 4.82037E-03, 7.951316E-02
9.36068E-08, 2.141268E-02, 4.39882E-03, 7.938670E-02
9.36131E-08, 2.299346E-02, 4.29344E-03, 7.942886E-02
9.36193E-08, 2.457425E-02, 4.18805E-03, 7.930239E-02
9.36256E-08, 2.773582E-02, 4.18805E-03, 7.913378E-02
9.36318E-08, 2.773582E-02, 3.87190E-03, 7.909162E-02
9.36381E-08, 3.037046E-02, 3.87190E-03, 7.896516E-02
9.36443E-08, 3.089738E-02, 3.97728E-03, 7.883870E-02
9.36506E-08, 3.142431E-02, 3.87190E-03, 7.858577E-02
9.36568E-08, 3.247816E-02, 3.97728E-03, 7.850146E-02
9.36631E-08, 3.300510E-02, 3.97728E-03, 7.829069E-02
9.36693E-08, 3.300510E-02, 3.97728E-03, 7.816423E-02
9.36756E-08, 3.300510E-02, 3.97728E-03, 7.795346E-02
9.36818E-08, 3.247816E-02, 3.97728E-03, 7.774269E-02
9.36881E-08, 3.195124E-02, 3.97728E-03, 7.757407E-02
9.36943E-08, 3.089738E-02, 3.76651E-03, 7.744761E-02
9.37006E-08, 2.878967E-02, 3.76651E-03, 7.732114E-02
9.37068E-08, 2.826274E-02, 3.76651E-03, 7.715253E-02
9.37131E-08, 2.615503E-02, 3.76651E-03, 7.702606E-02
9.37193E-08, 2.404732E-02, 3.76651E-03, 7.694176E-02
9.37256E-08, 2.299346E-02, 3.55574E-03, 7.685745E-02
9.37318E-08, 2.035883E-02, 3.45035E-03, 7.673099E-02
9.37381E-08, 1.825111E-02, 3.34497E-03, 7.668883E-02
9.37443E-08, 1.667033E-02, 3.02881E-03, 7.656237E-02
9.37506E-08, 1.298183E-02, 2.92343E-03, 7.660452E-02
9.37568E-08, 1.087412E-02, 2.92343E-03, 7.660452E-02
9.37631E-08, 7.71256E-03, 2.60727E-03, 7.660452E-02
9.37693E-08, 6.13177E-03, 2.39650E-03, 7.664668E-02
9.37756E-08, 2.97021E-03, 2.18573E-03, 7.668883E-02
9.37818E-08, 3.3557E-04, 2.08034E-03, 7.673099E-02
9.37881E-08, -1.24522E-03, 1.97495E-03, 7.668883E-02
9.37943E-08, -3.35293E-03, 1.97495E-03, 7.673099E-02
9.38006E-08, -4.93371E-03, 1.76418E-03, 7.681529E-02
9.38068E-08, -7.04142E-03, 1.44803E-03, 7.685745E-02
9.38131E-08, -7.04142E-03, 1.65880E-03, 7.681529E-02
9.38193E-08, -8.09528E-03, 1.44803E-03, 7.689960E-02
9.38256E-08, -9.14914E-03, 1.34264E-03, 7.685745E-02
9.38318E-08, -9.67606E-03, 1.02648E-03, 7.685745E-02
9.38381E-08, -9.67606E-03, 1.13187E-03, 7.685745E-02
9.38443E-08, -8.09528E-03, 1.44803E-03, 7.685745E-02
9.38506E-08, -7.04142E-03, 1.34264E-03, 7.685745E-02
9.38568E-08, -6.51450E-03, 1.34264E-03, 7.681529E-02
9.38631E-08, -4.40678E-03, 1.34264E-03, 7.673099E-02
9.38693E-08, -2.82600E-03, 1.44803E-03, 7.668883E-02
9.38756E-08, -2.29907E-03, 1.65880E-03, 7.660452E-02
9.38818E-08, 1.38942E-03, 1.55341E-03, 7.652021E-02
9.38881E-08, 3.49713E-03, 1.97495E-03, 7.635160E-02
9.38943E-08, 5.60485E-03, 1.65880E-03, 7.622513E-02
9.39006E-08, 8.23948E-03, 1.97495E-03, 7.609867E-02
9.39068E-08, 1.087412E-02, 1.86957E-03, 7.593006E-02
9.39131E-08, 1.298183E-02, 2.08034E-03, 7.576144E-02
9.39193E-08, 1.614340E-02, 2.08034E-03, 7.563498E-02
9.39256E-08, 1.877804E-02, 2.08034E-03, 7.538205E-02
9.39318E-08, 2.088575E-02, 2.08034E-03, 7.529774E-02
9.39381E-08, 2.193961E-02, 2.18573E-03, 7.512912E-02
9.39443E-08, 2.299346E-02, 1.86957E-03, 7.496051E-02
9.39506E-08, 2.404732E-02, 1.86957E-03, 7.479189E-02
9.39568E-08, 2.615503E-02, 1.86957E-03, 7.466543E-02
9.39631E-08, 2.668196E-02, 1.76418E-03, 7.441250E-02
9.39693E-08, 2.562810E-02, 1.55341E-03, 7.432819E-02
9.39756E-08, 2.615503E-02, 1.34264E-03, 7.415958E-02
9.39818E-08, 2.615503E-02, 8.1571E-04, 7.407527E-02
9.39881E-08, 2.562810E-02, 8.1571E-04, 7.394881E-02
9.39943E-08, 2.352039E-02, 2.8879E-04, 7.390665E-02
9.40006E-08, 2.246654E-02, 7.801E-05, 7.382234E-02
9.40068E-08, 2.035883E-02, -2.3814E-04, 7.378019E-02
9.40131E-08, 1.877804E-02, -7.6507E-04, 7.365373E-02
9.40193E-08, 1.561647E-02, -1.18661E-03, 7.365373E-02
9.40256E-08, 1.403569E-02, -1.39738E-03, 7.356942E-02
9.40318E-08, 1.034720E-02, -1.71354E-03, 7.361157E-02
9.40381E-08, 7.71256E-03, -2.13508E-03, 7.361157E-02
9.40443E-08, 6.13177E-03, -2.34585E-03, 7.356942E-02
9.40506E-08, 3.49713E-03, -2.66201E-03, 7.361157E-02
9.40568E-08, 8.6249E-04, -2.97817E-03, 7.369588E-02
9.40631E-08, -1.77215E-03, -2.97817E-03, 7.369588E-02
9.40693E-08, -3.87986E-03, -3.18894E-03, 7.369588E-02
9.40756E-08, -6.51450E-03, -3.29432E-03, 7.378019E-02
9.40818E-08, -6.51450E-03, -3.50509E-03, 7.386450E-02
9.40881E-08, -9.14914E-03, -3.39971E-03, 7.382234E-02
9.40943E-08, -1.125685E-02, -3.29432E-03, 7.394881E-02
9.41006E-08, -1.125685E-02, -3.08355E-03, 7.386450E-02
9.41068E-08, -1.125685E-02, -2.97817E-03, 7.403312E-02
9.41131E-08, -1.231070E-02, -2.55662E-03, 7.407527E-02
9.41193E-08, -1.178377E-02, -2.55662E-03, 7.407527E-02
9.41256E-08, -1.020299E-02, -2.34585E-03, 7.411742E-02
9.41318E-08, -1.020299E-02, -1.81893E-03, 7.415958E-02
9.41381E-08, -8.62221E-03, -1.50277E-03, 7.420173E-02
9.41443E-08, -7.04142E-03, -7.6507E-04, 7.432819E-02
9.41506E-08, -4.40678E-03, -2.3814E-04, 7.428604E-02
9.41568E-08, -3.35293E-03, -2.737E-05, 7.441250E-02
9.41631E-08, 8.6249E-04, 3.9417E-04, 7.458112E-02
9.41693E-08, 2.44328E-03, 1.02648E-03, 7.462327E-02
9.41756E-08, 5.07792E-03, 1.55341E-03, 7.474974E-02
9.41818E-08, 8.23948E-03, 2.08034E-03, 7.491835E-02
9.41881E-08, 1.087412E-02, 2.60727E-03, 7.500266E-02
9.41943E-08, 1.350876E-02, 2.81804E-03, 7.512912E-02
9.42006E-08, 1.719726E-02, 3.34497E-03, 7.538205E-02
9.42068E-08, 1.930497E-02, 3.66112E-03, 7.559282E-02
9.42131E-08, 2.352039E-02, 3.87190E-03, 7.576144E-02
9.42193E-08, 2.510118E-02, 4.08267E-03, 7.601436E-02
9.42256E-08, 2.720889E-02, 4.29344E-03, 7.622513E-02
9.42318E-08, 2.984353E-02, 4.39882E-03, 7.656237E-02
9.42381E-08, 3.247816E-02, 4.29344E-03, 7.677314E-02
9.42443E-08, 3.458588E-02, 4.29344E-03, 7.702606E-02
9.42506E-08, 3.722052E-02, 4.29344E-03, 7.732114E-02
9.42568E-08, 3.880130E-02, 3.87190E-03, 7.761622E-02
9.42631E-08, 4.090901E-02, 3.66112E-03, 7.791130E-02
9.42693E-08, 4.196287E-02, 3.55574E-03, 7.816423E-02
9.42756E-08, 4.248980E-02, 3.13420E-03, 7.841715E-02
9.42818E-08, 4.407058E-02, 2.60727E-03, 7.871223E-02
9.42881E-08, 4.565137E-02, 2.18573E-03, 7.888085E-02
9.42943E-08, 4.565137E-02, 1.65880E-03, 7.913378E-02
9.43006E-08, 4.670522E-02, 1.02648E-03, 7.934455E-02
9.43068E-08, 4.723215E-02, 2.8879E-04, 7.947101E-02
9.43131E-08, 4.775907E-02, -3.4353E-04, 7.955532E-02
9.43193E-08, 4.723215E-02, -1.18661E-03, 7.959747E-02
9.43256E-08, 4.670522E-02, -1.81893E-03, 7.968178E-02
9.43318E-08, 4.670522E-02, -2.45124E-03, 7.963963E-02
9.43381E-08, 4.670522E-02, -3.08355E-03, 7.959747E-02
9.43443E-08, 4.565137E-02, -3.71587E-03, 7.951316E-02
9.43506E-08, 4.512443E-02, -4.34818E-03, 7.926024E-02
9.43568E-08, 4.248980E-02, -5.29665E-03, 7.909162E-02
9.43631E-08, 4.248980E-02, -5.61281E-03, 7.879654E-02
9.43693E-08, 3.985516E-02, -6.35051E-03, 7.850146E-02
9.43756E-08, 3.827437E-02, -6.66666E-03, 7.816423E-02
9.43818E-08, 3.616666E-02, -7.19359E-03, 7.782700E-02
9.43881E-08, 3.458588E-02, -7.40436E-03, 7.740545E-02
9.43943E-08, 3.142431E-02, -7.82590E-03, 7.698391E-02
9.44006E-08, 2.878967E-02, -7.93129E-03, 7.647806E-02
9.44068E-08, 2.562810E-02, -8.24745E-03, 7.601436E-02
9.44131E-08, 2.246654E-02, -8.14206E-03, 7.550851E-02
9.44193E-08, 1.877804E-02, -8.14206E-03, 7.508697E-02
9.44256E-08, 1.456262E-02, -7.82590E-03, 7.449681E-02
9.44318E-08, 1.034720E-02, -7.93129E-03, 7.403312E-02
9.44381E-08, 6.65870E-03, -7.61513E-03, 7.365373E-02
9.44443E-08, 2.44328E-03, -7.19359E-03, 7.310572E-02
9.44506E-08, -2.29907E-03, -6.56128E-03, 7.268418E-02
9.44568E-08, -5.46064E-03, -6.03435E-03, 7.234695E-02
9.44631E-08, -9.67606E-03, -5.29665E-03, 7.200971E-02
9.44693E-08, -1.336456E-02, -4.76972E-03, 7.175679E-02
9.44756E-08, -1.652613E-02, -3.92664E-03, 7.150386E-02
9.44818E-08, -2.021462E-02, -3.18894E-03, 7.129309E-02
9.44881E-08, -2.284926E-02, -2.34585E-03, 7.112447E-02
9.44943E-08, -2.548390E-02, -1.60815E-03, 7.116663E-02
9.45006E-08, -2.706468E-02, -6.5968E-04, 7.108232E-02
9.45068E-08, -2.864547E-02, 3.9417E-04, 7.116663E-02
9.45131E-08, -2.864547E-02, 1.34264E-03, 7.116663E-02
9.45193E-08, -2.969932E-02, 1.97495E-03, 7.141955E-02
9.45256E-08, -2.917239E-02, 2.81804E-03, 7.150386E-02
9.45318E-08, -2.811854E-02, 3.66112E-03, 7.179894E-02
9.45381E-08, -2.601083E-02, 4.39882E-03, 7.217833E-02
9.45443E-08, -2.284926E-02, 5.03114E-03, 7.238910E-02
9.45506E-08, -1.916077E-02, 5.66345E-03, 7.276849E-02
9.45568E-08, -1.652613E-02, 6.08499E-03, 7.319003E-02
9.45631E-08, -1.125685E-02, 6.61192E-03, 7.356942E-02
9.45693E-08, -6.51450E-03, 6.71731E-03, 7.403312E-02
9.45756E-08, -1.24522E-03, 7.13885E-03, 7.449681E-02
9.45818E-08, 5.07792E-03, 7.24423E-03, 7.491835E-02
9.45881E-08, 1.140105E-02, 7.03346E-03, 7.529774E-02
9.45943E-08, 1.719726E-02, 6.61192E-03, 7.576144E-02
9.46006E-08, 2.352039E-02, 6.40115E-03, 7.622513E-02
9.46068E-08, 3.037046E-02, 5.97961E-03, 7.660452E-02
9.46131E-08, 3.563973E-02, 5.45268E-03, 7.689960E-02
9.46193E-08, 4.143594E-02, 4.82037E-03, 7.727899E-02
9.46256E-08, 4.670522E-02, 3.97728E-03, 7.757407E-02
9.46318E-08, 5.197450E-02, 3.13420E-03, 7.786915E-02
9.46381E-08, 5.618992E-02, 2.18573E-03, 7.807992E-02
9.46443E-08, 6.040534E-02, 1.34264E-03, 7.816423E-02
9.46506E-08, 6.356691E-02, 1.8340E-04, 7.829069E-02
9.46568E-08, 6.567463E-02, -7.6507E-04, 7.833285E-02
9.46631E-08, 6.830926E-02, -1.71354E-03, 7.837500E-02
9.46693E-08, 6.778233E-02, -2.76740E-03, 7.833285E-02
9.46756E-08, 6.830926E-02, -3.61048E-03, 7.824854E-02
9.46818E-08, 6.620155E-02, -4.55895E-03, 7.816423E-02
9.46881E-08, 6.514770E-02, -5.29665E-03, 7.786915E-02
9.46943E-08, 6.251305E-02, -6.13973E-03, 7.770053E-02
9.47006E-08, 5.829763E-02, -6.87743E-03, 7.744761E-02
9.47068E-08, 5.408221E-02, -7.29898E-03, 7.719468E-02
9.47131E-08, 4.881293E-02, -7.82590E-03, 7.677314E-02
9.47193E-08, 4.248980E-02, -7.93129E-03, 7.643591E-02
9.47256E-08, 3.774745E-02, -8.03667E-03, 7.609867E-02
9.47318E-08, 3.037046E-02, -7.93129E-03, 7.571928E-02
9.47381E-08, 2.404732E-02, -7.93129E-03, 7.533990E-02
9.47443E-08, 1.719726E-02, -7.50975E-03, 7.491835E-02
9.47506E-08, 1.034720E-02, -7.08820E-03, 7.453897E-02
9.47568E-08, 2.97021E-03, -6.24512E-03, 7.403312E-02
9.47631E-08, -3.87986E-03, -5.61281E-03, 7.361157E-02
9.47693E-08, -9.67606E-03, -4.98049E-03, 7.327434E-02
9.47756E-08, -1.599920E-02, -3.92664E-03, 7.297926E-02
9.47818E-08, -2.074155E-02, -2.76740E-03, 7.255772E-02
9.47881E-08, -2.495697E-02, -1.92431E-03, 7.222048E-02
9.47943E-08, -2.917239E-02, -6.5968E-04, 7.196756E-02
9.48006E-08, -3.233396E-02, 3.9417E-04, 7.167248E-02
9.48068E-08, -3.549553E-02, 1.55341E-03, 7.141955E-02
9.48131E-08, -3.549553E-02, 2.71265E-03, 7.120878E-02
9.48193E-08, -3.654939E-02, 3.87190E-03, 7.099801E-02
9.48256E-08, -3.549553E-02, 4.82037E-03, 7.087155E-02
9.48318E-08, -3.602246E-02, 5.66345E-03, 7.078724E-02
9.48381E-08, -3.338782E-02, 6.61192E-03, 7.070293E-02
9.48443E-08, -3.180704E-02, 7.34962E-03, 7.070293E-02
9.48506E-08, -2.811854E-02, 7.87655E-03, 7.070293E-02
9.48568E-08, -2.443004E-02, 8.40348E-03, 7.070293E-02
9.48631E-08, -2.126848E-02, 8.82502E-03, 7.074509E-02
9.48693E-08, -1.705305E-02, 8.93040E-03, 7.087155E-02
9.48756E-08, -1.231070E-02, 8.93040E-03, 7.108232E-02
9.48818E-08, -8.62221E-03, 8.82502E-03, 7.116663E-02
9.48881E-08, -2.82600E-03, 8.82502E-03, 7.133524E-02
9.48943E-08, 8.6249E-04, 7.98193E-03, 7.158817E-02
9.49006E-08, 5.60485E-03, 7.66578E-03, 7.184110E-02
9.49068E-08, 8.76641E-03, 7.13885E-03, 7.205187E-02
9.49131E-08, 1.245491E-02, 6.61192E-03, 7.222048E-02
9.49193E-08, 1.456262E-02, 5.76884E-03, 7.251556E-02
9.49256E-08, 1.772419E-02, 5.03114E-03, 7.276849E-02
9.49318E-08, 1.825111E-02, 4.08267E-03, 7.302141E-02
9.49381E-08, 1.930497E-02, 3.34497E-03, 7.327434E-02
9.49443E-08, 1.983190E-02, 2.39650E-03, 7.356942E-02
9.49506E-08, 1.983190E-02, 1.76418E-03, 7.373804E-02
9.49568E-08, 1.772419E-02, 9.2110E-04, 7.394881E-02
9.49631E-08, 1.667033E-02, 2.8879E-04, 7.432819E-02
9.49693E-08, 1.350876E-02, -5.5430E-04, 7.437035E-02
9.49756E-08, 1.192798E-02, -8.7046E-04, 7.462327E-02
9.49818E-08, 7.71256E-03, -1.39738E-03, 7.474974E-02
9.49881E-08, 4.02406E-03, -1.60815E-03, 7.491835E-02
9.49943E-08, -1.9136E-04, -1.81893E-03, 7.508697E-02
9.50006E-08, -4.40678E-03, -1.92431E-03, 7.512912E-02
9.50068E-08, -9.14914E-03, -2.02970E-03, 7.525559E-02
9.50131E-08, -1.283763E-02, -1.92431E-03, 7.529774E-02
9.50193E-08, -1.652613E-02, -1.60815E-03, 7.529774E-02
9.50256E-08, -2.021462E-02, -1.18661E-03, 7.521343E-02
9.50318E-08, -2.443004E-02, -8.7046E-04, 7.521343E-02
9.50381E-08, -2.706468E-02, -5.5430E-04, 7.521343E-02
9.50443E-08, -2.917239E-02, 1.8340E-04, 7.512912E-02
9.50506E-08, -3.075318E-02, 6.0494E-04, 7.496051E-02
9.50568E-08, -3.233396E-02, 1.13187E-03, 7.487620E-02
9.50631E-08, -3.233396E-02, 1.86957E-03, 7.466543E-02
9.50693E-08, -3.180704E-02, 2.29111E-03, 7.453897E-02
9.50756E-08, -3.128011E-02, 2.81804E-03, 7.428604E-02
9.50818E-08, -3.022625E-02, 3.23958E-03, 7.411742E-02
9.50881E-08, -2.653776E-02, 3.87190E-03, 7.390665E-02
9.50943E-08, -2.443004E-02, 3.97728E-03, 7.378019E-02
9.51006E-08, -2.021462E-02, 4.39882E-03, 7.348511E-02
9.51068E-08, -1.705305E-02, 4.50421E-03, 7.331649E-02
9.51131E-08, -1.231070E-02, 4.50421E-03, 7.306357E-02
9.51193E-08, -7.04142E-03, 4.29344E-03, 7.281064E-02
9.51256E-08, -2.29907E-03, 4.08267E-03, 7.259987E-02
9.51318E-08, 2.97021E-03, 3.55574E-03, 7.238910E-02
9.51381E-08, 8.23948E-03, 3.02881E-03, 7.226264E-02
9.51443E-08, 1.298183E-02, 2.50188E-03, 7.213617E-02
9.51506E-08, 1.825111E-02, 1.76418E-03, 7.188325E-02
9.51568E-08, 2.246654E-02, 7.1033E-04, 7.179894E-02
9.51631E-08, 2.668196E-02, -2.737E-05, 7.171463E-02
9.51693E-08, 3.037046E-02, -1.18661E-03, 7.167248E-02
9.51756E-08, 3.247816E-02, -2.13508E-03, 7.171463E-02
9.51818E-08, 3.353202E-02, -3.61048E-03, 7.171463E-02
9.51881E-08, 3.616666E-02, -4.66434E-03, 7.167248E-02
9.51943E-08, 3.511281E-02, -5.71819E-03, 7.175679E-02
9.52006E-08, 3.458588E-02, -7.08820E-03, 7.184110E-02
9.52068E-08, 3.405895E-02, -8.24745E-03, 7.205187E-02
9.52131E-08, 3.195124E-02, -9.40669E-03, 7.213617E-02
9.52193E-08, 2.826274E-02, -1.024977E-02, 7.234695E-02
9.52256E-08, 2.457425E-02, -1.140901E-02, 7.255772E-02
9.52318E-08, 2.035883E-02, -1.235748E-02, 7.285280E-02
9.52381E-08, 1.508955E-02, -1.309518E-02, 7.319003E-02
9.52443E-08, 9.29334E-03, -1.372750E-02, 7.340080E-02
9.52506E-08, 3.49713E-03, -1.425442E-02, 7.365373E-02
9.52568E-08, -2.82600E-03, -1.467597E-02, 7.407527E-02
9.52631E-08, -8.62221E-03, -1.488674E-02, 7.441250E-02
9.52693E-08, -1.547227E-02, -1.488674E-02, 7.470758E-02
9.52756E-08, -2.390312E-02, -1.478135E-02, 7.504482E-02
9.52818E-08, -2.864547E-02, -1.457058E-02, 7.533990E-02
9.52881E-08, -3.444167E-02, -1.425442E-02, 7.555067E-02
9.52943E-08, -4.181866E-02, -1.372750E-02, 7.588790E-02
9.53006E-08, -4.603409E-02, -1.309518E-02, 7.609867E-02
9.53068E-08, -5.130336E-02, -1.225210E-02, 7.635160E-02
9.53131E-08, -5.499186E-02, -1.119824E-02, 7.656237E-02
9.53193E-08, -5.815343E-02, -1.035516E-02, 7.668883E-02
9.53256E-08, -6.026114E-02, -9.19592E-03, 7.685745E-02
9.53318E-08, -6.184192E-02, -8.14206E-03, 7.702606E-02
9.53381E-08, -6.289578E-02, -6.87743E-03, 7.711037E-02
9.53443E-08, -6.131500E-02, -5.82358E-03, 7.706822E-02
9.53506E-08, -6.026114E-02, -4.24279E-03, 7.702606E-02
9.53568E-08, -5.868036E-02, -2.97817E-03, 7.706822E-02
9.53631E-08, -5.499186E-02, -1.71354E-03, 7.702606E-02
9.53693E-08, -5.130336E-02, -4.4891E-04, 7.689960E-02
9.53756E-08, -4.656101E-02, 7.1033E-04, 7.681529E-02
9.53818E-08, -4.129174E-02, 1.76418E-03, 7.660452E-02
9.53881E-08, -3.602246E-02, 2.92343E-03, 7.635160E-02
9.53943E-08, -3.075318E-02, 3.87190E-03, 7.622513E-02
9.54006E-08, -2.284926E-02, 4.71498E-03, 7.605652E-02
9.54068E-08, -1.705305E-02, 5.45268E-03, 7.584575E-02
9.54131E-08, -9.67606E-03, 6.19038E-03, 7.555067E-02
9.54193E-08, -2.82600E-03, 6.71731E-03, 7.533990E-02
9.54256E-08, 4.55099E-03, 7.34962E-03, 7.517128E-02
9.54318E-08, 1.192798E-02, 7.45500E-03, 7.491835E-02
9.54381E-08, 1.877804E-02, 7.77116E-03, 7.470758E-02
9.54443E-08, 2.457425E-02, 7.77116E-03, 7.449681E-02
9.54506E-08, 3.037046E-02, 7.77116E-03, 7.432819E-02
9.54568E-08, 3.563973E-02, 7.56039E-03, 7.415958E-02
9.54631E-08, 4.038208E-02, 7.45500E-03, 7.394881E-02
9.54693E-08, 4.459751E-02, 6.82269E-03, 7.386450E-02
9.54756E-08, 4.881293E-02, 6.50653E-03, 7.373804E-02
9.54818E-08, 5.144757E-02, 5.97961E-03, 7.365373E-02
9.54881E-08, 5.460914E-02, 5.45268E-03, 7.356942E-02
9.54943E-08, 5.460914E-02, 4.82037E-03, 7.361157E-02
9.55006E-08, 5.671685E-02, 4.08267E-03, 7.361157E-02
9.55068E-08, 5.671685E-02, 3.23958E-03, 7.361157E-02
9.55131E-08, 5.724378E-02, 2.50188E-03, 7.352726E-02
9.55193E-08, 5.724378E-02, 1.65880E-03, 7.365373E-02
9.55256E-08, 5.460914E-02, 8.1571E-04, 7.369588E-02
9.55318E-08, 5.250143E-02, -2.737E-05, 7.378019E-02
9.55381E-08, 5.197450E-02, -9.7584E-04, 7.382234E-02
9.55443E-08, 4.933986E-02, -1.60815E-03, 7.390665E-02
9.55506E-08, 4.723215E-02, -2.34585E-03, 7.382234E-02
9.55568E-08, 4.354365E-02, -3.18894E-03, 7.394881E-02
9.55631E-08, 4.196287E-02, -3.71587E-03, 7.394881E-02
9.55693E-08, 3.880130E-02, -4.34818E-03, 7.403312E-02
9.55756E-08, 3.511281E-02, -4.76972E-03, 7.403312E-02
9.55818E-08, 3.353202E-02, -5.50742E-03, 7.403312E-02
9.55881E-08, 3.195124E-02, -5.71819E-03, 7.390665E-02
9.55943E-08, 2.826274E-02, -6.03435E-03, 7.399096E-02
9.56006E-08, 2.668196E-02, -6.35051E-03, 7.394881E-02
9.56068E-08, 2.457425E-02, -6.77205E-03, 7.378019E-02
9.56131E-08, 2.404732E-02, -6.87743E-03, 7.361157E-02
9.56193E-08, 2.246654E-02, -6.87743E-03, 7.352726E-02
9.56256E-08, 2.193961E-02, -6.87743E-03, 7.331649E-02
9.56318E-08, 2.088575E-02, -6.87743E-03, 7.319003E-02
9.56381E-08, 2.035883E-02, -6.77205E-03, 7.289495E-02
9.56443E-08, 2.035883E-02, -6.77205E-03, 7.281064E-02
9.56506E-08, 2.193961E-02, -6.66666E-03, 7.247341E-02
9.56568E-08, 2.141268E-02, -6.35051E-03, 7.230479E-02
9.56631E-08, 2.404732E-02, -6.03435E-03, 7.205187E-02
9.56693E-08, 2.404732E-02, -6.24512E-03, 7.175679E-02
9.56756E-08, 2.668196E-02, -5.71819E-03, 7.163032E-02
9.56818E-08, 2.826274E-02, -5.61281E-03, 7.133524E-02
9.56881E-08, 2.931660E-02, -5.50742E-03, 7.108232E-02
9.56943E-08, 3.037046E-02, -5.40204E-03, 7.087155E-02
9.57006E-08, 3.353202E-02, -5.19126E-03, 7.066078E-02
9.57068E-08, 3.669359E-02, -4.98049E-03, 7.053431E-02
9.57131E-08, 3.932823E-02, -4.76972E-03, 7.032354E-02
9.57193E-08, 4.038208E-02, -4.98049E-03, 7.015493E-02
9.57256E-08, 4.301672E-02, -4.76972E-03, 7.007062E-02
9.57318E-08, 4.459751E-02, -4.87511E-03, 7.002846E-02
9.57381E-08, 4.565137E-02, -4.98049E-03, 6.994416E-02
9.57443E-08, 4.775907E-02, -5.19126E-03, 6.985985E-02
9.57506E-08, 4.881293E-02, -4.98049E-03, 6.990200E-02
9.57568E-08, 4.986679E-02, -5.29665E-03, 6.990200E-02
9.57631E-08, 5.144757E-02, -5.61281E-03, 6.994416E-02
9.57693E-08, 5.144757E-02, -5.71819E-03, 6.998631E-02
9.57756E-08, 5.197450E-02, -5.71819E-03, 7.011277E-02
9.57818E-08, 5.250143E-02, -5.92896E-03, 7.028139E-02
9.57881E-08, 5.197450E-02, -5.92896E-03, 7.032354E-02
9.57943E-08, 5.039372E-02, -6.35051E-03, 7.045001E-02
9.58006E-08, 5.039372E-02, -6.56128E-03, 7.057647E-02
9.58068E-08, 4.828600E-02, -6.66666E-03, 7.074509E-02
9.58131E-08, 4.723215E-02, -6.66666E-03, 7.087155E-02
9.58193E-08, 4.617829E-02, -6.66666E-03, 7.095586E-02
9.58256E-08, 4.407058E-02, -6.56128E-03, 7.104017E-02
9.58318E-08, 4.143594E-02, -6.45589E-03, 7.129309E-02
9.58381E-08, 3.985516E-02, -6.56128E-03, 7.133524E-02
9.58443E-08, 3.669359E-02, -6.13973E-03, 7.141955E-02
9.58506E-08, 3.405895E-02, -6.03435E-03, 7.146171E-02
9.58568E-08, 3.142431E-02, -5.71819E-03, 7.154602E-02
9.58631E-08, 2.826274E-02, -5.29665E-03, 7.154602E-02
9.58693E-08, 2.510118E-02, -5.08588E-03, 7.150386E-02
9.58756E-08, 2.246654E-02, -4.45356E-03, 7.146171E-02
9.58818E-08, 1.983190E-02, -4.03202E-03, 7.146171E-02
9.58881E-08, 1.772419E-02, -3.39971E-03, 7.137740E-02
9.58943E-08, 1.456262E-02, -2.76740E-03, 7.137740E-02
9.59006E-08, 1.350876E-02, -2.13508E-03, 7.125094E-02
9.59068E-08, 1.192798E-02, -1.81893E-03, 7.108232E-02
9.59131E-08, 9.29334E-03, -1.18661E-03, 7.104017E-02
9.59193E-08, 7.71256E-03, -5.5430E-04, 7.087155E-02
9.59256E-08, 7.71256E-03, -1.3276E-04, 7.070293E-02
9.59318E-08, 6.65870E-03, 3.9417E-04, 7.053431E-02
9.59381E-08, 6.13177E-03, 7.1033E-04, 7.045001E-02
9.59443E-08, 5.60485E-03, 1.23726E-03, 7.032354E-02
9.59506E-08, 5.60485E-03, 1.55341E-03, 7.019708E-02
9.59568E-08, 6.65870E-03, 1.55341E-03, 7.002846E-02
9.59631E-08, 7.71256E-03, 1.65880E-03, 7.002846E-02
9.59693E-08, 9.29334E-03, 1.86957E-03, 6.998631E-02
9.59756E-08, 1.087412E-02, 1.65880E-03, 6.990200E-02
9.59818E-08, 1.298183E-02, 1.44803E-03, 6.994416E-02
9.59881E-08, 1.667033E-02, 1.02648E-03, 6.990200E-02
9.59943E-08, 1.825111E-02, 4.9956E-04, 6.994416E-02
9.60006E-08, 2.193961E-02, 7.801E-05, 7.007062E-02
9.60068E-08, 2.510118E-02, -6.5968E-04, 7.011277E-02
9.60131E-08, 2.826274E-02, -1.18661E-03, 7.023923E-02
9.60193E-08, 3.195124E-02, -2.02970E-03, 7.040785E-02
9.60256E-08, 3.563973E-02, -2.87278E-03, 7.061862E-02
9.60318E-08, 3.827437E-02, -4.03202E-03, 7.078724E-02
9.60381E-08, 4.248980E-02, -5.19126E-03, 7.108232E-02
9.60443E-08, 4.512443E-02, -6.24512E-03, 7.133524E-02
9.60506E-08, 4.828600E-02, -7.40436E-03, 7.154602E-02
9.60568E-08, 5.197450E-02, -8.45822E-03, 7.188325E-02
9.60631E-08, 5.355528E-02, -9.61746E-03, 7.217833E-02
9.60693E-08, 5.618992E-02, -1.088209E-02, 7.247341E-02
9.60756E-08, 5.829763E-02, -1.225210E-02, 7.281064E-02
9.60818E-08, 5.882456E-02, -1.320057E-02, 7.314788E-02
9.60881E-08, 6.145920E-02, -1.404365E-02, 7.340080E-02
9.60943E-08, 6.093227E-02, -1.499212E-02, 7.378019E-02
9.61006E-08, 6.145920E-02, -1.583521E-02, 7.411742E-02
9.61068E-08, 6.145920E-02, -1.657291E-02, 7.441250E-02
9.61131E-08, 6.093227E-02, -1.709983E-02, 7.453897E-02
9.61193E-08, 5.935149E-02, -1.752138E-02, 7.483405E-02
9.61256E-08, 5.829763E-02, -1.794292E-02, 7.512912E-02
9.61318E-08, 5.566299E-02, -1.815369E-02, 7.525559E-02
9.61381E-08, 5.355528E-02, -1.804830E-02, 7.546636E-02
9.61443E-08, 4.986679E-02, -1.783753E-02, 7.559282E-02
9.61506E-08, 4.775907E-02, -1.762676E-02, 7.571928E-02
9.61568E-08, 4.459751E-02, -1.720522E-02, 7.576144E-02
9.61631E-08, 4.196287E-02, -1.667829E-02, 7.584575E-02
9.61693E-08, 3.827437E-02, -1.604598E-02, 7.588790E-02
9.61756E-08, 3.353202E-02, -1.488674E-02, 7.593006E-02
9.61818E-08, 2.931660E-02, -1.414904E-02, 7.584575E-02
9.61881E-08, 2.510118E-02, -1.277903E-02, 7.580359E-02
9.61943E-08, 2.193961E-02, -1.193594E-02, 7.580359E-02
9.62006E-08, 1.719726E-02, -1.056593E-02, 7.576144E-02
9.62068E-08, 1.350876E-02, -9.30130E-03, 7.567713E-02
9.62131E-08, 9.29334E-03, -8.14206E-03, 7.555067E-02
9.62193E-08, 4.55099E-03, -6.77205E-03, 7.542420E-02
9.62256E-08, 8.6249E-04, -5.50742E-03, 7.538205E-02
9.62318E-08, -3.35293E-03, -4.34818E-03, 7.529774E-02
9.62381E-08, -6.51450E-03, -3.29432E-03, 7.504482E-02
9.62443E-08, -1.020299E-02, -2.13508E-03, 7.496051E-02
9.62506E-08, -1.283763E-02, -1.18661E-03, 7.483405E-02
9.62568E-08, -1.547227E-02, -1.3276E-04, 7.466543E-02
9.62631E-08, -1.863384E-02, 6.0494E-04, 7.453897E-02
9.62693E-08, -2.232233E-02, 1.13187E-03, 7.445466E-02
9.62756E-08, -2.390312E-02, 1.44803E-03, 7.432819E-02
9.62818E-08, -2.706468E-02, 1.76418E-03, 7.420173E-02
9.62881E-08, -2.811854E-02, 1.97495E-03, 7.399096E-02
9.62943E-08, -3.022625E-02, 1.86957E-03, 7.394881E-02
9.63006E-08, -3.233396E-02, 1.44803E-03, 7.378019E-02
9.63068E-08, -3.286089E-02, 1.23726E-03, 7.365373E-02
9.63131E-08, -3.391474E-02, 7.1033E-04, 7.344296E-02
9.63193E-08, -3.549553E-02, -1.3276E-04, 7.327434E-02
9.63256E-08, -3.602246E-02, -1.08123E-03, 7.314788E-02
9.63318E-08, -3.654939E-02, -1.81893E-03, 7.297926E-02
9.63381E-08, -3.654939E-02, -2.97817E-03, 7.276849E-02
9.63443E-08, -3.549553E-02, -4.13741E-03, 7.259987E-02
9.63506E-08, -3.549553E-02, -5.19126E-03, 7.243125E-02
9.63568E-08, -3.496860E-02, -6.56128E-03, 7.213617E-02
9.63631E-08, -3.391474E-02, -7.72052E-03, 7.192540E-02
9.63693E-08, -3.286089E-02, -8.98515E-03, 7.175679E-02
9.63756E-08, -3.075318E-02, -1.024977E-02, 7.150386E-02
9.63818E-08, -2.969932E-02, -1.119824E-02, 7.120878E-02
9.63881E-08, -2.759161E-02, -1.214671E-02, 7.091370E-02
9.63943E-08, -2.601083E-02, -1.320057E-02, 7.074509E-02
9.64006E-08, -2.337619E-02, -1.393827E-02, 7.032354E-02
9.64068E-08, -2.021462E-02, -1.467597E-02, 7.015493E-02
9.64131E-08, -1.757998E-02, -1.499212E-02, 6.998631E-02
9.64193E-08, -1.441841E-02, -1.541366E-02, 6.977554E-02
9.64256E-08, -1.072992E-02, -1.562444E-02, 6.948046E-02
9.64318E-08, -7.56835E-03, -1.551905E-02, 6.939615E-02
9.64381E-08, -4.40678E-03, -1.530828E-02, 6.918538E-02
9.64443E-08, -1.24522E-03, -1.478135E-02, 6.910107E-02
9.64506E-08, 2.97021E-03, -1.404365E-02, 6.884815E-02
9.64568E-08, 6.13177E-03, -1.330595E-02, 6.889030E-02
9.64631E-08, 9.82027E-03, -1.256825E-02, 6.876384E-02
9.64693E-08, 1.403569E-02, -1.130363E-02, 6.880599E-02
9.64756E-08, 1.719726E-02, -1.014439E-02, 6.880599E-02
9.64818E-08, 1.930497E-02, -9.09053E-03, 6.884815E-02
9.64881E-08, 2.352039E-02, -7.50975E-03, 6.897461E-02
9.64943E-08, 2.562810E-02, -5.92896E-03, 6.910107E-02
9.65006E-08, 2.878967E-02, -4.55895E-03, 6.931184E-02
9.65068E-08, 3.089738E-02, -2.87278E-03, 6.948046E-02
9.65131E-08, 3.458588E-02, -1.39738E-03, 6.977554E-02
9.65193E-08, 3.616666E-02, -2.737E-05, 7.007062E-02
9.65256E-08, 3.827437E-02, 1.65880E-03, 7.032354E-02
9.65318E-08, 3.932823E-02, 3.02881E-03, 7.066078E-02
9.65381E-08, 4.090901E-02, 4.08267E-03, 7.099801E-02
9.65443E-08, 4.248980E-02, 5.34729E-03, 7.133524E-02
9.65506E-08, 4.354365E-02, 6.50653E-03, 7.167248E-02
9.65568E-08, 4.459751E-02, 7.34962E-03, 7.205187E-02
9.65631E-08, 4.459751E-02, 8.08732E-03, 7.238910E-02
9.65693E-08, 4.407058E-02, 8.71963E-03, 7.264203E-02
9.65756E-08, 4.459751E-02, 9.03579E-03, 7.297926E-02
9.65818E-08, 4.512443E-02, 9.24656E-03, 7.335865E-02
9.65881E-08, 4.459751E-02, 9.45733E-03, 7.356942E-02
9.65943E-08, 4.459751E-02, 9.45733E-03, 7.390665E-02
9.66006E-08, 4.407058E-02, 9.24656E-03, 7.420173E-02
9.66068E-08, 4.407058E-02, 8.82502E-03, 7.437035E-02
9.66131E-08, 4.459751E-02, 8.29809E-03, 7.445466E-02
9.66193E-08, 4.407058E-02, 7.77116E-03, 7.458112E-02
9.66256E-08, 4.301672E-02, 7.03346E-03, 7.470758E-02
9.66318E-08, 4.196287E-02, 6.08499E-03, 7.470758E-02
9.66381E-08, 4.090901E-02, 5.34729E-03, 7.474974E-02
9.66443E-08, 4.038208E-02, 4.39882E-03, 7.474974E-02
9.66506E-08, 3.985516E-02, 3.23958E-03, 7.462327E-02
9.66568E-08, 3.880130E-02, 2.18573E-03, 7.458112E-02
9.66631E-08, 3.827437E-02, 1.13187E-03, 7.445466E-02
9.66693E-08, 3.669359E-02, 7.801E-05, 7.437035E-02
9.66756E-08, 3.616666E-02, -9.7584E-04, 7.415958E-02
9.66818E-08, 3.405895E-02, -1.71354E-03, 7.407527E-02
9.66881E-08, 3.300510E-02, -2.87278E-03, 7.386450E-02
9.66943E-08, 3.037046E-02, -3.61048E-03, 7.369588E-02
9.67006E-08, 2.878967E-02, -4.45356E-03, 7.352726E-02
9.67068E-08, 2.668196E-02, -5.40204E-03, 7.340080E-02
9.67131E-08, 2.457425E-02, -5.82358E-03, 7.319003E-02
9.67193E-08, 2.193961E-02, -6.24512E-03, 7.310572E-02
9.67256E-08, 1.930497E-02, -6.77205E-03, 7.297926E-02
9.67318E-08, 1.825111E-02, -7.19359E-03, 7.285280E-02
9.67381E-08, 1.403569E-02, -7.50975E-03, 7.285280E-02
9.67443E-08, 1.140105E-02, -7.50975E-03, 7.276849E-02
9.67506E-08, 9.82027E-03, -7.61513E-03, 7.281064E-02
9.67568E-08, 6.65870E-03, -7.50975E-03, 7.268418E-02
9.67631E-08, 2.44328E-03, -7.40436E-03, 7.272633E-02
9.67693E-08, 3.3557E-04, -7.19359E-03, 7.285280E-02
9.67756E-08, -1.77215E-03, -6.87743E-03, 7.285280E-02
9.67818E-08, -4.40678E-03, -6.45589E-03, 7.302141E-02
9.67881E-08, -5.98757E-03, -6.03435E-03, 7.310572E-02
9.67943E-08, -8.62221E-03, -5.50742E-03, 7.327434E-02
9.68006E-08, -1.020299E-02, -4.76972E-03, 7.331649E-02
9.68068E-08, -1.072992E-02, -4.24279E-03, 7.352726E-02
9.68131E-08, -1.125685E-02, -3.61048E-03, 7.361157E-02
9.68193E-08, -1.125685E-02, -2.76740E-03, 7.386450E-02
9.68256E-08, -1.178377E-02, -2.02970E-03, 7.394881E-02
9.68318E-08, -1.125685E-02, -1.50277E-03, 7.411742E-02
9.68381E-08, -1.072992E-02, -7.6507E-04, 7.424389E-02
9.68443E-08, -9.67606E-03, 1.8340E-04, 7.437035E-02
9.68506E-08, -8.09528E-03, 1.02648E-03, 7.441250E-02
9.68568E-08, -5.98757E-03, 1.55341E-03, 7.458112E-02
9.68631E-08, -3.35293E-03, 2.29111E-03, 7.453897E-02
9.68693E-08, -1.77215E-03, 2.92343E-03, 7.453897E-02
9.68756E-08, 8.6249E-04, 3.55574E-03, 7.458112E-02
9.68818E-08, 3.49713E-03, 4.29344E-03, 7.458112E-02
9.68881E-08, 6.65870E-03, 4.82037E-03, 7.453897E-02
9.68943E-08, 9.29334E-03, 5.24191E-03, 7.449681E-02
9.69006E-08, 1.192798E-02, 6.08499E-03, 7.428604E-02
9.69068E-08, 1.508955E-02, 6.19038E-03, 7.428604E-02
9.69131E-08, 1.667033E-02, 6.71731E-03, 7.420173E-02
9.69193E-08, 1.877804E-02, 7.03346E-03, 7.403312E-02
9.69256E-08, 2.141268E-02, 7.34962E-03, 7.382234E-02
9.69318E-08, 2.246654E-02, 7.45500E-03, 7.365373E-02
9.69381E-08, 2.404732E-02, 7.34962E-03, 7.352726E-02
9.69443E-08, 2.352039E-02, 7.56039E-03, 7.335865E-02
9.69506E-08, 2.404732E-02, 7.45500E-03, 7.319003E-02
9.69568E-08, 2.457425E-02, 7.34962E-03, 7.302141E-02
9.69631E-08, 2.352039E-02, 7.03346E-03, 7.289495E-02
9.69693E-08, 2.141268E-02, 6.71731E-03, 7.268418E-02
9.69756E-08, 2.088575E-02, 6.50653E-03, 7.251556E-02
9.69818E-08, 1.825111E-02, 5.87422E-03, 7.234695E-02
9.69881E-08, 1.667033E-02, 5.34729E-03, 7.217833E-02
9.69943E-08, 1.350876E-02, 4.71498E-03, 7.213617E-02
9.70006E-08, 1.034720E-02, 3.87190E-03, 7.196756E-02
9.70068E-08, 8.23948E-03, 3.02881E-03, 7.179894E-02
9.70131E-08, 6.13177E-03, 2.29111E-03, 7.167248E-02
9.70193E-08, 1.38942E-03, 1.34264E-03, 7.167248E-02
9.70256E-08, -1.9136E-04, 3.9417E-04, 7.158817E-02
9.70318E-08, -3.35293E-03, -6.5968E-04, 7.158817E-02
9.70381E-08, -5.98757E-03, -1.81893E-03, 7.146171E-02
9.70443E-08, -6.51450E-03, -2.87278E-03, 7.141955E-02
9.70506E-08, -8.62221E-03, -4.13741E-03, 7.125094E-02
9.70568E-08, -9.67606E-03, -5.08588E-03, 7.129309E-02
9.70631E-08, -1.020299E-02, -6.35051E-03, 7.120878E-02
9.70693E-08, -1.020299E-02, -7.40436E-03, 7.112447E-02
9.70756E-08, -1.020299E-02, -8.45822E-03, 7.104017E-02
9.70818E-08, -9.14914E-03, -9.51207E-03, 7.095586E-02
9.70881E-08, -7.56835E-03, -1.067131E-02, 7.082939E-02
9.70943E-08, -5.98757E-03, -1.161978E-02, 7.074509E-02
9.71006E-08, -3.35293E-03, -1.256825E-02, 7.066078E-02
9.71068E-08, -7.1829E-04, -1.341134E-02, 7.057647E-02
9.71131E-08, 1.91635E-03, -1.404365E-02, 7.040785E-02
9.71193E-08, 5.07792E-03, -1.467597E-02, 7.032354E-02
9.71256E-08, 8.76641E-03, -1.530828E-02, 7.015493E-02
9.71318E-08, 1.140105E-02, -1.572982E-02, 7.011277E-02
9.71381E-08, 1.508955E-02, -1.604598E-02, 6.990200E-02
9.71443E-08, 1.825111E-02, -1.636213E-02, 6.977554E-02
9.71506E-08, 2.141268E-02, -1.646752E-02, 6.964908E-02
9.71568E-08, 2.404732E-02, -1.667829E-02, 6.952261E-02
9.71631E-08, 2.720889E-02, -1.625675E-02, 6.943830E-02
9.71693E-08, 2.826274E-02, -1.604598E-02, 6.931184E-02
9.71756E-08, 2.931660E-02, -1.604598E-02, 6.926969E-02
9.71818E-08, 3.089738E-02, -1.530828E-02, 6.918538E-02
9.71881E-08, 3.142431E-02, -1.478135E-02, 6.914323E-02
9.71943E-08, 3.089738E-02, -1.425442E-02, 6.914323E-02
9.72006E-08, 3.089738E-02, -1.362211E-02, 6.918538E-02
9.72068E-08, 2.931660E-02, -1.267364E-02, 6.926969E-02
9.72131E-08, 2.773582E-02, -1.183056E-02, 6.926969E-02
9.72193E-08, 2.510118E-02, -1.119824E-02, 6.931184E-02
9.72256E-08, 2.299346E-02, -1.024977E-02, 6.943830E-02
9.72318E-08, 1.930497E-02, -9.09053E-03, 6.964908E-02
9.72381E-08, 1.614340E-02, -8.45822E-03, 6.985985E-02
9.72443E-08, 1.087412E-02, -7.40436E-03, 6.994416E-02
9.72506E-08, 7.71256E-03, -6.35051E-03, 7.015493E-02
9.72568E-08, 2.97021E-03, -5.71819E-03, 7.045001E-02
9.72631E-08, -7.1829E-04, -4.66434E-03, 7.061862E-02
9.72693E-08, -4.93371E-03, -3.82125E-03, 7.082939E-02
9.72756E-08, -8.62221E-03, -3.29432E-03, 7.108232E-02
9.72818E-08, -1.283763E-02, -2.55662E-03, 7.129309E-02
9.72881E-08, -1.547227E-02, -2.24047E-03, 7.167248E-02
9.72943E-08, -1.863384E-02, -1.71354E-03, 7.179894E-02
9.73006E-08, -2.126848E-02, -1.39738E-03, 7.205187E-02
9.73068E-08, -2.284926E-02, -1.08123E-03, 7.222048E-02
9.73131E-08, -2.337619E-02, -7.6507E-04, 7.230479E-02
9.73193E-08, -2.548390E-02, -7.6507E-04, 7.251556E-02
9.73256E-08, -2.495697E-02, -5.5430E-04, 7.259987E-02
9.73318E-08, -2.548390E-02, -6.5968E-04, 7.268418E-02
9.73381E-08, -2.443004E-02, -6.5968E-04, 7.281064E-02
9.73443E-08, -2.443004E-02, -8.7046E-04, 7.276849E-02
9.73506E-08, -2.232233E-02, -8.7046E-04, 7.276849E-02
9.73568E-08, -2.074155E-02, -1.18661E-03, 7.268418E-02
9.73631E-08, -1.757998E-02, -1.50277E-03, 7.259987E-02
9.73693E-08, -1.652613E-02, -1.71354E-03, 7.243125E-02
9.73756E-08, -1.336456E-02, -1.81893E-03, 7.234695E-02
9.73818E-08, -1.072992E-02, -2.24047E-03, 7.213617E-02
9.73881E-08, -8.62221E-03, -2.66201E-03, 7.192540E-02
9.73943E-08, -5.98757E-03, -2.87278E-03, 7.167248E-02
9.74006E-08, -3.35293E-03, -3.08355E-03, 7.146171E-02
9.74068E-08, -1.24522E-03, -3.08355E-03, 7.116663E-02
9.74131E-08, 1.38942E-03, -3.18894E-03, 7.087155E-02
9.74193E-08, 2.97021E-03, -3.18894E-03, 7.061862E-02
9.74256E-08, 5.07792E-03, -2.97817E-03, 7.036570E-02
9.74318E-08, 6.13177E-03, -3.18894E-03, 7.015493E-02
9.74381E-08, 6.65870E-03, -2.87278E-03, 6.998631E-02
9.74443E-08, 7.18563E-03, -2.55662E-03, 6.977554E-02
9.74506E-08, 7.71256E-03, -2.24047E-03, 6.960692E-02
9.74568E-08, 6.65870E-03, -1.92431E-03, 6.948046E-02
9.74631E-08, 6.13177E-03, -1.60815E-03, 6.935400E-02
9.74693E-08, 5.60485E-03, -1.18661E-03, 6.931184E-02
9.74756E-08, 4.02406E-03, -7.6507E-04, 6.931184E-02
9.74818E-08, 2.97021E-03, -2.3814E-04, 6.926969E-02
9.74881E-08, 2.44328E-03, 4.9956E-04, 6.931184E-02
9.74943E-08, 3.3557E-04, 9.2110E-04, 6.939615E-02
9.75006E-08, -1.9136E-04, 1.34264E-03, 6.948046E-02
9.75068E-08, -2.29907E-03, 1.76418E-03, 6.969123E-02
9.75131E-08, -3.87986E-03, 2.08034E-03, 6.981769E-02
9.75193E-08, -5.98757E-03, 2.50188E-03, 7.011277E-02
9.75256E-08, -6.51450E-03, 3.02881E-03, 7.032354E-02
9.75318E-08, -7.56835E-03, 3.13420E-03, 7.049216E-02
9.75381E-08, -9.67606E-03, 3.34497E-03, 7.078724E-02
9.75443E-08, -9.14914E-03, 3.13420E-03, 7.099801E-02
9.75506E-08, -9.14914E-03, 3.34497E-03, 7.120878E-02
9.75568E-08, -1.020299E-02, 3.13420E-03, 7.141955E-02
9.75631E-08, -1.020299E-02, 2.81804E-03, 7.154602E-02
9.75693E-08, -9.14914E-03, 2.50188E-03, 7.171463E-02
9.75756E-08, -1.020299E-02, 2.18573E-03, 7.188325E-02
9.75818E-08, -8.62221E-03, 1.76418E-03, 7.192540E-02
9.75881E-08, -7.56835E-03, 1.23726E-03, 7.196756E-02
9.75943E-08, -7.56835E-03, 4.9956E-04, 7.205187E-02
9.76006E-08, -5.46064E-03, -2.3814E-04, 7.192540E-02
9.76068E-08, -4.40678E-03, -6.5968E-04, 7.192540E-02
9.76131E-08, -2.29907E-03, -1.39738E-03, 7.175679E-02
9.76193E-08, -2.82600E-03, -2.13508E-03, 7.163032E-02
9.76256E-08, -1.24522E-03, -2.76740E-03, 7.137740E-02
9.76318E-08, -1.9136E-04, -3.50509E-03, 7.116663E-02
9.76381E-08, 1.91635E-03, -3.92664E-03, 7.091370E-02
9.76443E-08, 2.97021E-03, -4.55895E-03, 7.053431E-02
9.76506E-08, 3.49713E-03, -4.98049E-03, 7.019708E-02
9.76568E-08, 5.07792E-03, -5.61281E-03, 6.985985E-02
9.76631E-08, 6.13177E-03, -5.92896E-03, 6.943830E-02
9.76693E-08, 6.65870E-03, -6.13973E-03, 6.914323E-02
9.76756E-08, 7.71256E-03, -6.24512E-03, 6.884815E-02
9.76818E-08, 8.76641E-03, -6.35051E-03, 6.851091E-02
9.76881E-08, 1.087412E-02, -6.24512E-03, 6.813152E-02
9.76943E-08, 1.034720E-02, -5.92896E-03, 6.787860E-02
9.77006E-08, 1.192798E-02, -5.71819E-03, 6.754136E-02
9.77068E-08, 1.298183E-02, -5.29665E-03, 6.737275E-02
9.77131E-08, 1.403569E-02, -4.98049E-03, 6.720413E-02
9.77193E-08, 1.561647E-02, -4.24279E-03, 6.703551E-02
9.77256E-08, 1.614340E-02, -3.50509E-03, 6.699336E-02
9.77318E-08, 1.719726E-02, -2.87278E-03, 6.699336E-02
9.77381E-08, 1.877804E-02, -2.02970E-03, 6.699336E-02
9.77443E-08, 1.930497E-02, -1.29200E-03, 6.711982E-02
9.77506E-08, 2.088575E-02, -6.5968E-04, 6.728844E-02
9.77568E-08, 2.193961E-02, 3.9417E-04, 6.741490E-02
9.77631E-08, 2.352039E-02, 1.13187E-03, 6.766783E-02
9.77693E-08, 2.352039E-02, 1.86957E-03, 6.787860E-02
9.77756E-08, 2.404732E-02, 2.71265E-03, 6.821583E-02
9.77818E-08, 2.457425E-02, 3.13420E-03, 6.859522E-02
9.77881E-08, 2.510118E-02, 3.97728E-03, 6.889030E-02
9.77943E-08, 2.510118E-02, 4.18805E-03, 6.926969E-02
9.78006E-08, 2.510118E-02, 4.71498E-03, 6.960692E-02
9.78068E-08, 2.352039E-02, 5.03114E-03, 6.994416E-02
9.78131E-08, 2.246654E-02, 5.34729E-03, 7.023923E-02
9.78193E-08, 2.088575E-02, 5.34729E-03, 7.061862E-02
9.78256E-08, 1.930497E-02, 5.45268E-03, 7.095586E-02
9.78318E-08, 1.614340E-02, 5.34729E-03, 7.125094E-02
9.78381E-08, 1.298183E-02, 5.13652E-03, 7.141955E-02
9.78443E-08, 9.82027E-03, 4.82037E-03, 7.158817E-02
9.78506E-08, 6.13177E-03, 4.39882E-03, 7.179894E-02
9.78568E-08, 2.44328E-03, 3.87190E-03, 7.184110E-02
9.78631E-08, -2.29907E-03, 3.34497E-03, 7.188325E-02
9.78693E-08, -7.04142E-03, 2.71265E-03, 7.184110E-02
9.78756E-08, -1.283763E-02, 1.86957E-03, 7.175679E-02
9.78818E-08, -1.863384E-02, 1.23726E-03, 7.167248E-02
9.78881E-08, -2.337619E-02, 4.9956E-04, 7.146171E-02
9.78943E-08, -2.917239E-02, -5.5430E-04, 7.129309E-02
9.79006E-08, -3.391474E-02, -1.39738E-03, 7.104017E-02
9.79068E-08, -3.918403E-02, -2.13508E-03, 7.074509E-02
9.79131E-08, -4.392638E-02, -2.87278E-03, 7.049216E-02
9.79193E-08, -4.814180E-02, -3.82125E-03, 7.011277E-02
9.79256E-08, -5.130336E-02, -4.76972E-03, 6.969123E-02
9.79318E-08, -5.499186E-02, -5.61281E-03, 6.931184E-02
9.79381E-08, -5.709957E-02, -6.45589E-03, 6.897461E-02
9.79443E-08, -5.920728E-02, -7.19359E-03, 6.859522E-02
9.79506E-08, -5.920728E-02, -8.03667E-03, 6.825799E-02
9.79568E-08, -5.973421E-02, -8.87976E-03, 6.792075E-02
9.79631E-08, -5.868036E-02, -9.51207E-03, 6.754136E-02
9.79693E-08, -5.762650E-02, -1.035516E-02, 6.728844E-02
9.79756E-08, -5.446493E-02, -1.088209E-02, 6.703551E-02
9.79818E-08, -5.183030E-02, -1.151440E-02, 6.669828E-02
9.79881E-08, -4.761487E-02, -1.204133E-02, 6.648751E-02
9.79943E-08, -4.287252E-02, -1.256825E-02, 6.623458E-02
9.80006E-08, -3.760324E-02, -1.341134E-02, 6.606597E-02
9.80068E-08, -3.180704E-02, -1.362211E-02, 6.598166E-02
9.80131E-08, -2.495697E-02, -1.404365E-02, 6.577089E-02
9.80193E-08, -1.810691E-02, -1.467597E-02, 6.572873E-02
9.80256E-08, -1.178377E-02, -1.488674E-02, 6.572873E-02
9.80318E-08, -4.93371E-03, -1.520289E-02, 6.568658E-02
9.80381E-08, 2.44328E-03, -1.551905E-02, 6.572873E-02
9.80443E-08, 9.29334E-03, -1.594059E-02, 6.581304E-02
9.80506E-08, 1.614340E-02, -1.594059E-02, 6.577089E-02
9.80568E-08, 2.299346E-02, -1.594059E-02, 6.593950E-02
9.80631E-08, 2.826274E-02, -1.594059E-02, 6.598166E-02
9.80693E-08, 3.353202E-02, -1.604598E-02, 6.606597E-02
9.80756E-08, 3.774745E-02, -1.572982E-02, 6.627674E-02
9.80818E-08, 4.196287E-02, -1.562444E-02, 6.636105E-02
9.80881E-08, 4.565137E-02, -1.509751E-02, 6.640320E-02
9.80943E-08, 4.723215E-02, -1.478135E-02, 6.661397E-02
9.81006E-08, 4.828600E-02, -1.435981E-02, 6.674043E-02
9.81068E-08, 4.986679E-02, -1.372750E-02, 6.686690E-02
9.81131E-08, 5.039372E-02, -1.288441E-02, 6.690905E-02
9.81193E-08, 4.775907E-02, -1.235748E-02, 6.699336E-02
9.81256E-08, 4.670522E-02, -1.140901E-02, 6.720413E-02
9.81318E-08, 4.354365E-02, -1.046054E-02, 6.728844E-02
9.81381E-08, 4.090901E-02, -9.72284E-03, 6.737275E-02
9.81443E-08, 3.722052E-02, -8.45822E-03, 6.754136E-02
9.81506E-08, 3.353202E-02, -7.61513E-03, 6.762567E-02
9.81568E-08, 2.773582E-02, -6.56128E-03, 6.779429E-02
9.81631E-08, 2.352039E-02, -5.50742E-03, 6.787860E-02
9.81693E-08, 1.877804E-02, -4.24279E-03, 6.796291E-02
9.81756E-08, 1.298183E-02, -3.18894E-03, 6.813152E-02
9.81818E-08, 8.23948E-03, -2.24047E-03, 6.825799E-02
9.81881E-08, 4.55099E-03, -1.39738E-03, 6.838445E-02
9.81943E-08, -1.24522E-03, -5.5430E-04, 6.863737E-02
9.82006E-08, -4.93371E-03, 7.801E-05, 6.872168E-02
9.82068E-08, -9.14914E-03, 9.2110E-04, 6.889030E-02
9.82131E-08, -1.283763E-02, 1.65880E-03, 6.905892E-02
9.82193E-08, -1.547227E-02, 1.86957E-03, 6.926969E-02
9.82256E-08, -1.810691E-02, 2.29111E-03, 6.943830E-02
9.82318E-08, -2.021462E-02, 2.60727E-03, 6.964908E-02
9.82381E-08, -2.126848E-02, 2.60727E-03, 6.977554E-02
9.82443E-08, -2.284926E-02, 2.50188E-03, 7.002846E-02
9.82506E-08, -2.232233E-02, 2.50188E-03, 7.015493E-02
9.82568E-08, -2.179541E-02, 2.18573E-03, 7.036570E-02
9.82631E-08, -2.126848E-02, 1.86957E-03, 7.040785E-02
9.82693E-08, -2.021462E-02, 1.13187E-03, 7.061862E-02
9.82756E-08, -1.863384E-02, 8.1571E-04, 7.074509E-02
9.82818E-08, -1.652613E-02, 7.801E-05, 7.087155E-02
9.82881E-08, -1.389149E-02, -4.4891E-04, 7.087155E-02
9.82943E-08, -1.125685E-02, -1.18661E-03, 7.095586E-02
9.83006E-08, -9.14914E-03, -1.92431E-03, 7.099801E-02
9.83068E-08, -5.98757E-03, -2.87278E-03, 7.099801E-02
9.83131E-08, -2.29907E-03, -3.39971E-03, 7.095586E-02
9.83193E-08, -1.9136E-04, -4.03202E-03, 7.091370E-02
9.83256E-08, 2.97021E-03, -4.55895E-03, 7.082939E-02
9.83318E-08, 5.60485E-03, -4.98049E-03, 7.078724E-02
9.83381E-08, 8.76641E-03, -5.29665E-03, 7.061862E-02
9.83443E-08, 1.034720E-02, -5.82358E-03, 7.049216E-02
9.83506E-08, 1.298183E-02, -5.71819E-03, 7.036570E-02
9.83568E-08, 1.508955E-02, -5.71819E-03, 7.015493E-02
9.83631E-08, 1.772419E-02, -5.71819E-03, 6.994416E-02
9.83693E-08, 1.825111E-02, -5.50742E-03, 6.985985E-02
9.83756E-08, 1.983190E-02, -4.98049E-03, 6.956477E-02
9.83818E-08, 2.088575E-02, -4.34818E-03, 6.939615E-02
9.83881E-08, 2.193961E-02, -3.92664E-03, 6.914323E-02
9.83943E-08, 2.193961E-02, -3.08355E-03, 6.901676E-02
9.84006E-08, 2.352039E-02, -2.13508E-03, 6.889030E-02
9.84068E-08, 2.299346E-02, -1.18661E-03, 6.872168E-02
9.84131E-08, 2.352039E-02, -1.3276E-04, 6.859522E-02
9.84193E-08, 2.352039E-02, 9.2110E-04, 6.846876E-02
9.84256E-08, 2.457425E-02, 2.29111E-03, 6.834229E-02
9.84318E-08, 2.352039E-02, 3.23958E-03, 6.825799E-02
9.84381E-08, 2.352039E-02, 4.39882E-03, 6.830014E-02
9.84443E-08, 2.404732E-02, 5.55806E-03, 6.813152E-02
9.84506E-08, 2.457425E-02, 6.82269E-03, 6.813152E-02
9.84568E-08, 2.457425E-02, 7.77116E-03, 6.821583E-02
9.84631E-08, 2.457425E-02, 8.82502E-03, 6.821583E-02
9.84693E-08, 2.562810E-02, 9.66810E-03, 6.830014E-02
9.84756E-08, 2.510118E-02, 1.051119E-02, 6.838445E-02
9.84818E-08, 2.668196E-02, 1.082734E-02, 6.855307E-02
9.84881E-08, 2.668196E-02, 1.135427E-02, 6.855307E-02
9.84943E-08, 2.720889E-02, 1.177581E-02, 6.876384E-02
9.85006E-08, 2.773582E-02, 1.188120E-02, 6.884815E-02
9.85068E-08, 2.826274E-02, 1.177581E-02, 6.901676E-02
9.85131E-08, 2.878967E-02, 1.167043E-02, 6.914323E-02
9.85193E-08, 2.984353E-02, 1.124889E-02, 6.926969E-02
9.85256E-08, 3.089738E-02, 1.072196E-02, 6.939615E-02
9.85318E-08, 3.142431E-02, 1.019503E-02, 6.948046E-02
9.85381E-08, 3.142431E-02, 9.35195E-03, 6.964908E-02
9.85443E-08, 3.142431E-02, 8.71963E-03, 6.973338E-02
9.85506E-08, 3.195124E-02, 7.66578E-03, 6.985985E-02
9.85568E-08, 3.089738E-02, 6.40115E-03, 6.985985E-02
9.85631E-08, 3.142431E-02, 5.45268E-03, 6.990200E-02
9.85693E-08, 3.037046E-02, 4.08267E-03, 6.998631E-02
9.85756E-08, 3.037046E-02, 3.02881E-03, 6.994416E-02
9.85818E-08, 2.826274E-02, 1.55341E-03, 6.998631E-02
9.85881E-08, 2.720889E-02, 3.9417E-04, 6.990200E-02
9.85943E-08, 2.510118E-02, -1.08123E-03, 6.994416E-02
9.86006E-08, 2.299346E-02, -2.34585E-03, 6.985985E-02
9.86068E-08, 2.088575E-02, -3.61048E-03, 6.981769E-02
9.86131E-08, 1.825111E-02, -4.76972E-03, 6.973338E-02
9.86193E-08, 1.561647E-02, -6.03435E-03, 6.969123E-02
9.86256E-08, 1.298183E-02, -6.77205E-03, 6.964908E-02
9.86318E-08, 9.82027E-03, -7.82590E-03, 6.956477E-02
9.86381E-08, 6.13177E-03, -8.66899E-03, 6.952261E-02
9.86443E-08, 2.44328E-03, -9.51207E-03, 6.948046E-02
9.86506E-08, -1.9136E-04, -1.014439E-02, 6.935400E-02
9.86568E-08, -2.82600E-03, -1.067131E-02, 6.935400E-02
9.86631E-08, -6.51450E-03, -1.119824E-02, 6.926969E-02
9.86693E-08, -9.67606E-03, -1.161978E-02, 6.922753E-02
9.86756E-08, -1.283763E-02, -1.193594E-02, 6.918538E-02
9.86818E-08, -1.494534E-02, -1.204133E-02, 6.922753E-02
9.86881E-08, -1.705305E-02, -1.193594E-02, 6.918538E-02
9.86943E-08, -1.916077E-02, -1.214671E-02, 6.918538E-02
9.87006E-08, -2.126848E-02, -1.225210E-02, 6.910107E-02
9.87068E-08, -2.232233E-02, -1.183056E-02, 6.910107E-02
9.87131E-08, -2.337619E-02, -1.183056E-02, 6.901676E-02
9.87193E-08, -2.390312E-02, -1.151440E-02, 6.901676E-02
9.87256E-08, -2.443004E-02, -1.119824E-02, 6.897461E-02
9.87318E-08, -2.390312E-02, -1.088209E-02, 6.897461E-02
9.87381E-08, -2.390312E-02, -1.067131E-02, 6.884815E-02
9.87443E-08, -2.284926E-02, -1.014439E-02, 6.880599E-02
9.87506E-08, -2.179541E-02, -9.72284E-03, 6.867953E-02
9.87568E-08, -2.021462E-02, -9.51207E-03, 6.863737E-02
9.87631E-08, -1.810691E-02, -8.87976E-03, 6.842660E-02
9.87693E-08, -1.705305E-02, -8.56360E-03, 6.830014E-02
9.87756E-08, -1.441841E-02, -8.14206E-03, 6.817368E-02
9.87818E-08, -1.178377E-02, -7.82590E-03, 6.804722E-02
9.87881E-08, -9.14914E-03, -7.40436E-03, 6.779429E-02
9.87943E-08, -6.51450E-03, -6.98282E-03, 6.758352E-02
9.88006E-08, -2.82600E-03, -6.56128E-03, 6.741490E-02
9.88068E-08, -1.9136E-04, -6.35051E-03, 6.711982E-02
9.88131E-08, 2.97021E-03, -5.92896E-03, 6.682474E-02
9.88193E-08, 5.07792E-03, -5.71819E-03, 6.657182E-02
9.88256E-08, 8.23948E-03, -5.29665E-03, 6.631889E-02
9.88318E-08, 1.087412E-02, -5.29665E-03, 6.606597E-02
9.88381E-08, 1.350876E-02, -5.19126E-03, 6.585520E-02
9.88443E-08, 1.561647E-02, -4.87511E-03, 6.547581E-02
9.88506E-08, 1.825111E-02, -4.66434E-03, 6.530719E-02
9.88568E-08, 2.035883E-02, -4.66434E-03, 6.505427E-02
9.88631E-08, 2.193961E-02, -4.45356E-03, 6.492780E-02
9.88693E-08, 2.352039E-02, -4.45356E-03, 6.475919E-02
9.88756E-08, 2.562810E-02, -4.13741E-03, 6.467488E-02
9.88818E-08, 2.562810E-02, -4.13741E-03, 6.454841E-02
9.88881E-08, 2.720889E-02, -3.82125E-03, 6.446411E-02
9.88943E-08, 2.720889E-02, -3.82125E-03, 6.446411E-02
9.89006E-08, 2.720889E-02, -3.71587E-03, 6.446411E-02
9.89068E-08, 2.720889E-02, -3.61048E-03, 6.454841E-02
9.89131E-08, 2.720889E-02, -3.71587E-03, 6.467488E-02
9.89193E-08, 2.720889E-02, -3.50509E-03, 6.475919E-02
9.89256E-08, 2.668196E-02, -3.18894E-03, 6.496996E-02
9.89318E-08, 2.562810E-02, -3.29432E-03, 6.518073E-02
9.89381E-08, 2.562810E-02, -3.18894E-03, 6.547581E-02
9.89443E-08, 2.457425E-02, -3.29432E-03, 6.581304E-02
9.89506E-08, 2.404732E-02, -3.08355E-03, 6.598166E-02
9.89568E-08, 2.246654E-02, -2.87278E-03, 6.636105E-02
9.89631E-08, 2.141268E-02, -2.66201E-03, 6.661397E-02
9.89693E-08, 2.035883E-02, -2.76740E-03, 6.699336E-02
9.89756E-08, 1.877804E-02, -2.55662E-03, 6.720413E-02
9.89818E-08, 1.825111E-02, -2.45124E-03, 6.758352E-02
9.89881E-08, 1.772419E-02, -2.13508E-03, 6.787860E-02
9.89943E-08, 1.719726E-02, -2.13508E-03, 6.817368E-02
9.90006E-08, 1.614340E-02, -1.81893E-03, 6.846876E-02
9.90068E-08, 1.508955E-02, -1.60815E-03, 6.863737E-02
9.90131E-08, 1.456262E-02, -1.39738E-03, 6.884815E-02
9.90193E-08, 1.456262E-02, -1.50277E-03, 6.901676E-02
9.90256E-08, 1.508955E-02, -1.08123E-03, 6.910107E-02
9.90318E-08, 1.456262E-02, -9.7584E-04, 6.922753E-02
9.90381E-08, 1.456262E-02, -8.7046E-04, 6.931184E-02
9.90443E-08, 1.561647E-02, -6.5968E-04, 6.926969E-02
9.90506E-08, 1.667033E-02, -4.4891E-04, 6.922753E-02
9.90568E-08, 1.667033E-02, -2.3814E-04, 6.910107E-02
9.90631E-08, 1.772419E-02, -2.3814E-04, 6.897461E-02
9.90693E-08, 1.930497E-02, 7.801E-05, 6.880599E-02
9.90756E-08, 1.983190E-02, -2.737E-05, 6.859522E-02
9.90818E-08, 2.088575E-02, 1.8340E-04, 6.830014E-02
9.90881E-08, 2.352039E-02, 2.8879E-04, 6.804722E-02
9.90943E-08, 2.352039E-02, 2.8879E-04, 6.783644E-02
9.91006E-08, 2.562810E-02, 2.8879E-04, 6.745706E-02
9.91068E-08, 2.720889E-02, 2.8879E-04, 6.716198E-02
9.91131E-08, 2.878967E-02, 7.801E-05, 6.686690E-02
9.91193E-08, 3.089738E-02, 7.801E-05, 6.657182E-02
9.91256E-08, 3.247816E-02, -3.4353E-04, 6.623458E-02
9.91318E-08, 3.247816E-02, -5.5430E-04, 6.598166E-02
9.91381E-08, 3.511281E-02, -9.7584E-04, 6.572873E-02
9.91443E-08, 3.511281E-02, -1.18661E-03, 6.551796E-02
9.91506E-08, 3.669359E-02, -1.71354E-03, 6.534934E-02
9.91568E-08, 3.722052E-02, -2.13508E-03, 6.518073E-02
9.91631E-08, 3.722052E-02, -2.66201E-03, 6.505427E-02
9.91693E-08, 3.669359E-02, -3.50509E-03, 6.505427E-02
9.91756E-08, 3.722052E-02, -4.13741E-03, 6.492780E-02
9.91818E-08, 3.511281E-02, -4.76972E-03, 6.488565E-02
9.91881E-08, 3.511281E-02, -5.40204E-03, 6.496996E-02
9.91943E-08, 3.353202E-02, -6.03435E-03, 6.501211E-02
9.92006E-08, 3.195124E-02, -6.98282E-03, 6.513857E-02
9.92068E-08, 2.984353E-02, -7.72052E-03, 6.526504E-02
9.92131E-08, 2.773582E-02, -8.66899E-03, 6.539150E-02
9.92193E-08, 2.510118E-02, -9.51207E-03, 6.568658E-02
9.92256E-08, 2.193961E-02, -1.046054E-02, 6.585520E-02
9.92318E-08, 1.825111E-02, -1.130363E-02, 6.602381E-02
9.92381E-08, 1.508955E-02, -1.214671E-02, 6.631889E-02
9.92443E-08, 1.087412E-02, -1.288441E-02, 6.657182E-02
9.92506E-08, 7.18563E-03, -1.362211E-02, 6.665613E-02
9.92568E-08, 1.91635E-03, -1.435981E-02, 6.695121E-02
9.92631E-08, -1.77215E-03, -1.509751E-02, 6.707767E-02
9.92693E-08, -6.51450E-03, -1.572982E-02, 6.728844E-02
9.92756E-08, -1.072992E-02, -1.636213E-02, 6.741490E-02
9.92818E-08, -1.599920E-02, -1.678368E-02, 6.754136E-02
9.92881E-08, -2.021462E-02, -1.699445E-02, 6.758352E-02
9.92943E-08, -2.495697E-02, -1.762676E-02, 6.762567E-02
9.93006E-08, -2.969932E-02, -1.773215E-02, 6.775214E-02
9.93068E-08, -3.391474E-02, -1.825907E-02, 6.766783E-02
9.93131E-08, -3.707631E-02, -1.815369E-02, 6.749921E-02
9.93193E-08, -4.129174E-02, -1.804830E-02, 6.745706E-02
9.93256E-08, -4.498023E-02, -1.815369E-02, 6.733059E-02
9.93318E-08, -4.761487E-02, -1.794292E-02, 6.716198E-02
9.93381E-08, -5.077644E-02, -1.783753E-02, 6.703551E-02
9.93443E-08, -5.235722E-02, -1.741599E-02, 6.678259E-02
9.93506E-08, -5.393801E-02, -1.731060E-02, 6.652966E-02
9.93568E-08, -5.604572E-02, -1.709983E-02, 6.636105E-02
9.93631E-08, -5.604572E-02, -1.657291E-02, 6.606597E-02
9.93693E-08, -5.762650E-02, -1.636213E-02, 6.577089E-02
9.93756E-08, -5.815343E-02, -1.594059E-02, 6.543365E-02
9.93818E-08, -5.709957E-02, -1.572982E-02, 6.522288E-02
9.93881E-08, -5.604572E-02, -1.520289E-02, 6.492780E-02
9.93943E-08, -5.551879E-02, -1.499212E-02, 6.467488E-02
9.94006E-08, -5.446493E-02, -1.488674E-02, 6.450626E-02
9.94068E-08, -5.235722E-02, -1.457058E-02, 6.425334E-02
9.94131E-08, -4.919565E-02, -1.425442E-02, 6.416903E-02
9.94193E-08, -4.761487E-02, -1.414904E-02, 6.404256E-02
9.94256E-08, -4.445330E-02, -1.404365E-02, 6.387395E-02
9.94318E-08, -4.129174E-02, -1.404365E-02, 6.378964E-02
9.94381E-08, -3.813017E-02, -1.425442E-02, 6.378964E-02
9.94443E-08, -3.444167E-02, -1.425442E-02, 6.383179E-02
9.94506E-08, -3.022625E-02, -1.425442E-02, 6.378964E-02
9.94568E-08, -2.759161E-02, -1.446519E-02, 6.395826E-02
9.94631E-08, -2.390312E-02, -1.457058E-02, 6.408472E-02
9.94693E-08, -2.074155E-02, -1.488674E-02, 6.421118E-02
9.94756E-08, -1.810691E-02, -1.499212E-02, 6.433764E-02
9.94818E-08, -1.389149E-02, -1.509751E-02, 6.459057E-02
9.94881E-08, -1.020299E-02, -1.509751E-02, 6.480134E-02
9.94943E-08, -8.09528E-03, -1.551905E-02, 6.505427E-02
9.95006E-08, -4.93371E-03, -1.562444E-02, 6.530719E-02
9.95068E-08, -2.29907E-03, -1.583521E-02, 6.568658E-02
9.95131E-08, -7.1829E-04, -1.572982E-02, 6.581304E-02
9.95193E-08, 8.6249E-04, -1.562444E-02, 6.606597E-02
9.95256E-08, 2.44328E-03, -1.541366E-02, 6.640320E-02
9.95318E-08, 3.49713E-03, -1.509751E-02, 6.665613E-02
9.95381E-08, 4.55099E-03, -1.478135E-02, 6.690905E-02
9.95443E-08, 5.07792E-03, -1.414904E-02, 6.711982E-02
9.95506E-08, 4.55099E-03, -1.362211E-02, 6.741490E-02
9.95568E-08, 4.55099E-03, -1.277903E-02, 6.758352E-02
9.95631E-08, 4.02406E-03, -1.183056E-02, 6.779429E-02
9.95693E-08, 3.49713E-03, -1.098747E-02, 6.792075E-02
9.95756E-08, 1.38942E-03, -9.82823E-03, 6.813152E-02
9.95818E-08, 8.6249E-04, -8.56360E-03, 6.821583E-02
9.95881E-08, -1.9136E-04, -7.29898E-03, 6.825799E-02
9.95943E-08, -1.77215E-03, -5.82358E-03, 6.834229E-02
9.96006E-08, -3.87986E-03, -4.24279E-03, 6.842660E-02
9.96068E-08, -6.51450E-03, -2.87278E-03, 6.842660E-02
9.96131E-08, -8.09528E-03, -1.18661E-03, 6.842660E-02
9.96193E-08, -1.125685E-02, 4.9956E-04, 6.834229E-02
9.96256E-08, -1.283763E-02, 2.08034E-03, 6.838445E-02
9.96318E-08, -1.599920E-02, 3.66112E-03, 6.825799E-02
9.96381E-08, -1.810691E-02, 5.34729E-03, 6.825799E-02
9.96443E-08, -1.968769E-02, 6.50653E-03, 6.808937E-02
9.96506E-08, -2.179541E-02, 7.87655E-03, 6.800506E-02
9.96568E-08, -2.337619E-02, 9.14117E-03, 6.787860E-02
9.96631E-08, -2.495697E-02, 1.040580E-02, 6.770998E-02
9.96693E-08, -2.653776E-02, 1.145966E-02, 6.758352E-02
9.96756E-08, -2.759161E-02, 1.230274E-02, 6.741490E-02
9.96818E-08, -2.969932E-02, 1.272428E-02, 6.728844E-02
9.96881E-08, -2.969932E-02, 1.335660E-02, 6.707767E-02
9.96943E-08, -3.022625E-02, 1.367275E-02, 6.699336E-02
9.97006E-08, -2.917239E-02, 1.388352E-02, 6.682474E-02
9.97068E-08, -2.969932E-02, 1.367275E-02, 6.669828E-02
9.97131E-08, -2.917239E-02, 1.335660E-02, 6.652966E-02
9.97193E-08, -2.759161E-02, 1.293505E-02, 6.623458E-02
9.97256E-08, -2.601083E-02, 1.230274E-02, 6.610812E-02
9.97318E-08, -2.548390E-02, 1.167043E-02, 6.589735E-02
9.97381E-08, -2.390312E-02, 1.051119E-02, 6.572873E-02
9.97443E-08, -2.126848E-02, 9.45733E-03, 6.556012E-02
9.97506E-08, -2.021462E-02, 8.40348E-03, 6.526504E-02
9.97568E-08, -1.757998E-02, 7.03346E-03, 6.513857E-02
9.97631E-08, -1.547227E-02, 5.66345E-03, 6.488565E-02
9.97693E-08, -1.231070E-02, 3.97728E-03, 6.467488E-02
9.97756E-08, -9.67606E-03, 2.60727E-03, 6.442195E-02
9.97818E-08, -7.56835E-03, 1.02648E-03, 6.425334E-02
9.97881E-08, -4.93371E-03, -2.3814E-04, 6.404256E-02
9.97943E-08, -3.35293E-03, -1.81893E-03, 6.378964E-02
9.98006E-08, -1.77215E-03, -3.08355E-03, 6.353671E-02
9.98068E-08, 1.38942E-03, -4.45356E-03, 6.332594E-02
9.98131E-08, 2.97021E-03, -5.71819E-03, 6.311517E-02
9.98193E-08, 4.02406E-03, -6.87743E-03, 6.290440E-02
9.98256E-08, 5.60485E-03, -7.72052E-03, 6.269363E-02
9.98318E-08, 6.65870E-03, -8.56360E-03, 6.256717E-02
9.98381E-08, 7.18563E-03, -9.19592E-03, 6.244070E-02
9.98443E-08, 7.18563E-03, -9.82823E-03, 6.222993E-02
9.98506E-08, 7.71256E-03, -1.003900E-02, 6.210347E-02
9.98568E-08, 6.13177E-03, -1.024977E-02, 6.201916E-02
9.98631E-08, 6.13177E-03, -1.035516E-02, 6.189270E-02
9.98693E-08, 5.07792E-03, -1.014439E-02, 6.180839E-02
9.98756E-08, 4.55099E-03, -9.93362E-03, 6.176623E-02
9.98818E-08, 3.49713E-03, -9.61746E-03, 6.180839E-02
9.98881E-08, 3.49713E-03, -8.98515E-03, 6.176623E-02
9.98943E-08, 8.6249E-04, -8.35283E-03, 6.185054E-02
9.99006E-08, -7.1829E-04, -7.82590E-03, 6.193485E-02
9.99068E-08, -1.24522E-03, -6.87743E-03, 6.201916E-02
9.99131E-08, -3.35293E-03, -6.03435E-03, 6.210347E-02
9.99193E-08, -3.87986E-03, -5.19126E-03, 6.222993E-02
9.99256E-08, -4.93371E-03, -4.24279E-03, 6.239855E-02
9.99318E-08, -6.51450E-03, -3.39971E-03, 6.256717E-02
9.99381E-08, -6.51450E-03, -2.76740E-03, 6.277794E-02
9.99443E-08, -6.51450E-03, -1.81893E-03, 6.290440E-02
9.99506E-08, -7.56835E-03, -1.08123E-03, 6.315733E-02
9.99568E-08, -6.51450E-03, -3.4353E-04, 6.332594E-02
9.99631E-08, -6.51450E-03, 1.8340E-04, 6.345240E-02
9.99693E-08, -5.46064E-03, 6.0494E-04, 6.374748E-02
9.99756E-08, -3.87986E-03, 8.1571E-04, 6.395826E-02
9.99818E-08, -2.82600E-03, 1.02648E-03, 6.421118E-02
9.99881E-08, -7.1829E-04, 1.23726E-03, 6.442195E-02
9.99943E-08, 1.38942E-03, 1.13187E-03, 6.467488E-02
1.000006E-07, 4.02406E-03, 8.1571E-04, 6.480134E-02
1.000068E-07, 5.60485E-03, 4.9956E-04, 6.505427E-02
1.000131E-07, 9.29334E-03, -2.3814E-04, 6.526504E-02
1.000193E-07, 1.140105E-02, -9.7584E-04, 6.543365E-02
1.000256E-07, 1.561647E-02, -1.60815E-03, 6.560227E-02
1.000318E-07, 1.772419E-02, -2.66201E-03, 6.572873E-02
1.000381E-07, 2.088575E-02, -3.92664E-03, 6.585520E-02
1.000443E-07, 2.352039E-02, -4.98049E-03, 6.598166E-02
1.000506E-07, 2.562810E-02, -6.35051E-03, 6.615028E-02
1.000568E-07, 2.826274E-02, -7.93129E-03, 6.619243E-02
1.000631E-07, 2.878967E-02, -9.19592E-03, 6.631889E-02
1.000693E-07, 3.037046E-02, -1.088209E-02, 6.648751E-02
1.000756E-07, 3.195124E-02, -1.246287E-02, 6.657182E-02
1.000818E-07, 3.195124E-02, -1.404365E-02, 6.674043E-02
1.000881E-07, 3.195124E-02, -1.551905E-02, 6.669828E-02
1.000943E-07, 3.089738E-02, -1.720522E-02, 6.690905E-02
1.001006E-07, 2.984353E-02, -1.878600E-02, 6.699336E-02
1.001068E-07, 2.826274E-02, -2.026140E-02, 6.711982E-02
1.001131E-07, 2.615503E-02, -2.152603E-02, 6.716198E-02
1.001193E-07, 2.352039E-02, -2.310681E-02, 6.733059E-02
1.001256E-07, 1.983190E-02, -2.437144E-02, 6.741490E-02
1.001318E-07, 1.561647E-02, -2.563607E-02, 6.758352E-02
1.001381E-07, 1.245491E-02, -2.668992E-02, 6.766783E-02
1.001443E-07, 8.23948E-03, -2.753301E-02, 6.775214E-02
1.001506E-07, 3.49713E-03, -2.816532E-02, 6.792075E-02
1.001568E-07, -1.24522E-03, -2.900840E-02, 6.804722E-02
1.001631E-07, -5.46064E-03, -2.921917E-02, 6.804722E-02
1.001693E-07, -1.020299E-02, -2.964072E-02, 6.825799E-02
1.001756E-07, -1.547227E-02, -2.985149E-02, 6.834229E-02
1.001818E-07, -1.916077E-02, -2.995687E-02, 6.834229E-02
1.001881E-07, -2.337619E-02, -2.953533E-02, 6.838445E-02
1.001943E-07, -2.706468E-02, -2.942995E-02, 6.846876E-02
1.002006E-07, -2.969932E-02, -2.890302E-02, 6.842660E-02
1.002068E-07, -3.286089E-02, -2.816532E-02, 6.838445E-02
1.002131E-07, -3.496860E-02, -2.742762E-02, 6.838445E-02
1.002193E-07, -3.760324E-02, -2.637376E-02, 6.834229E-02
1.002256E-07, -3.760324E-02, -2.542529E-02, 6.821583E-02
1.002318E-07, -3.865710E-02, -2.426605E-02, 6.813152E-02
1.002381E-07, -3.865710E-02, -2.300143E-02, 6.800506E-02
1.002443E-07, -3.707631E-02, -2.173680E-02, 6.775214E-02
1.002506E-07, -3.549553E-02, -2.005063E-02, 6.758352E-02
1.002568E-07, -3.338782E-02, -1.868062E-02, 6.733059E-02
1.002631E-07, -2.917239E-02, -1.720522E-02, 6.716198E-02
1.002693E-07, -2.601083E-02, -1.551905E-02, 6.695121E-02
1.002756E-07, -2.179541E-02, -1.393827E-02, 6.665613E-02
1.002818E-07, -1.757998E-02, -1.246287E-02, 6.644535E-02
1.002881E-07, -1.178377E-02, -1.056593E-02, 6.610812E-02
1.002943E-07, -7.56835E-03, -9.09053E-03, 6.589735E-02
1.003006E-07, -1.77215E-03, -7.50975E-03, 6.560227E-02
1.003068E-07, 4.02406E-03, -6.13973E-03, 6.539150E-02
1.003131E-07, 1.034720E-02, -4.55895E-03, 6.518073E-02
1.003193E-07, 1.456262E-02, -3.39971E-03, 6.492780E-02
1.003256E-07, 2.035883E-02, -1.92431E-03, 6.475919E-02
1.003318E-07, 2.562810E-02, -6.5968E-04, 6.467488E-02
1.003381E-07, 2.984353E-02, 2.8879E-04, 6.454841E-02
1.003443E-07, 3.405895E-02, 1.44803E-03, 6.442195E-02
1.003506E-07, 3.985516E-02, 2.29111E-03, 6.433764E-02
1.003568E-07, 4.196287E-02, 3.23958E-03, 6.433764E-02
1.003631E-07, 4.512443E-02, 3.97728E-03, 6.442195E-02
1.003693E-07, 4.723215E-02, 4.50421E-03, 6.446411E-02
1.003756E-07, 4.881293E-02, 4.92575E-03, 6.459057E-02
1.003818E-07, 4.933986E-02, 5.24191E-03, 6.463272E-02
1.003881E-07, 5.144757E-02, 5.45268E-03, 6.480134E-02
1.003943E-07, 4.986679E-02, 5.55806E-03, 6.496996E-02
1.004006E-07, 4.881293E-02, 5.66345E-03, 6.509642E-02
1.004068E-07, 4.775907E-02, 5.76884E-03, 6.526504E-02
1.004131E-07, 4.565137E-02, 5.66345E-03, 6.547581E-02
1.004193E-07, 4.196287E-02, 5.55806E-03, 6.572873E-02
1.004256E-07, 3.932823E-02, 5.24191E-03, 6.589735E-02
1.004318E-07, 3.669359E-02, 5.24191E-03, 6.606597E-02
1.004381E-07, 3.142431E-02, 4.92575E-03, 6.623458E-02
1.004443E-07, 2.773582E-02, 4.82037E-03, 6.636105E-02
1.004506E-07, 2.299346E-02, 4.39882E-03, 6.640320E-02
1.004568E-07, 1.877804E-02, 4.08267E-03, 6.661397E-02
1.004631E-07, 1.350876E-02, 3.97728E-03, 6.657182E-02
1.004693E-07, 7.71256E-03, 3.55574E-03, 6.661397E-02
1.004756E-07, 4.02406E-03, 3.34497E-03, 6.657182E-02
1.004818E-07, -7.1829E-04, 3.13420E-03, 6.644535E-02
1.004881E-07, -4.40678E-03, 2.81804E-03, 6.631889E-02
1.004943E-07, -9.67606E-03, 2.71265E-03, 6.615028E-02
1.005006E-07, -1.283763E-02, 2.29111E-03, 6.598166E-02
1.005068E-07, -1.652613E-02, 2.39650E-03, 6.572873E-02
1.005131E-07, -1.916077E-02, 2.29111E-03, 6.547581E-02
1.005193E-07, -2.232233E-02, 2.08034E-03, 6.522288E-02
1.005256E-07, -2.443004E-02, 2.29111E-03, 6.488565E-02
1.005318E-07, -2.495697E-02, 2.29111E-03, 6.463272E-02
1.005381E-07, -2.601083E-02, 2.18573E-03, 6.429549E-02
1.005443E-07, -2.601083E-02, 2.18573E-03, 6.400041E-02
1.005506E-07, -2.601083E-02, 2.39650E-03, 6.366318E-02
1.005568E-07, -2.495697E-02, 2.50188E-03, 6.328379E-02
1.005631E-07, -2.443004E-02, 2.71265E-03, 6.307302E-02
1.005693E-07, -2.284926E-02, 2.71265E-03, 6.282009E-02
1.005756E-07, -2.074155E-02, 2.81804E-03, 6.260932E-02
1.005818E-07, -1.810691E-02, 2.81804E-03, 6.248286E-02
1.005881E-07, -1.494534E-02, 3.13420E-03, 6.231424E-02
1.005943E-07, -1.178377E-02, 3.13420E-03, 6.222993E-02
1.006006E-07, -8.62221E-03, 3.34497E-03, 6.218778E-02
1.006068E-07, -4.40678E-03, 3.34497E-03, 6.222993E-02
1.006131E-07, -1.9136E-04, 3.34497E-03, 6.227209E-02
1.006193E-07, 3.49713E-03, 3.34497E-03, 6.248286E-02
1.006256E-07, 7.71256E-03, 3.55574E-03, 6.260932E-02
1.006318E-07, 1.140105E-02, 3.55574E-03, 6.277794E-02
1.006381E-07, 1.561647E-02, 3.55574E-03, 6.315733E-02
1.006443E-07, 1.930497E-02, 3.87190E-03, 6.336810E-02
1.006506E-07, 2.352039E-02, 3.66112E-03, 6.374748E-02
1.006568E-07, 2.773582E-02, 3.87190E-03, 6.404256E-02
1.006631E-07, 3.089738E-02, 3.87190E-03, 6.446411E-02
1.006693E-07, 3.353202E-02, 3.87190E-03, 6.488565E-02
1.006756E-07, 3.616666E-02, 3.97728E-03, 6.530719E-02
1.006818E-07, 3.880130E-02, 4.08267E-03, 6.564442E-02
1.006881E-07, 4.038208E-02, 4.08267E-03, 6.602381E-02
1.006943E-07, 4.248980E-02, 4.08267E-03, 6.644535E-02
1.007006E-07, 4.248980E-02, 4.29344E-03, 6.678259E-02
1.007068E-07, 4.354365E-02, 4.18805E-03, 6.703551E-02
1.007131E-07, 4.407058E-02, 4.60959E-03, 6.733059E-02
1.007193E-07, 4.301672E-02, 4.60959E-03, 6.749921E-02
1.007256E-07, 4.196287E-02, 4.71498E-03, 6.770998E-02
1.007318E-07, 3.985516E-02, 4.82037E-03, 6.796291E-02
1.007381E-07, 3.880130E-02, 5.03114E-03, 6.808937E-02
1.007443E-07, 3.669359E-02, 5.24191E-03, 6.813152E-02
1.007506E-07, 3.405895E-02, 5.34729E-03, 6.817368E-02
1.007568E-07, 3.089738E-02, 5.55806E-03, 6.813152E-02
1.007631E-07, 2.773582E-02, 5.66345E-03, 6.808937E-02
1.007693E-07, 2.404732E-02, 5.76884E-03, 6.800506E-02
1.007756E-07, 2.035883E-02, 5.97961E-03, 6.787860E-02
1.007818E-07, 1.667033E-02, 5.87422E-03, 6.775214E-02
1.007881E-07, 1.350876E-02, 6.08499E-03, 6.754136E-02
1.007943E-07, 8.23948E-03, 6.08499E-03, 6.745706E-02
1.008006E-07, 4.02406E-03, 5.97961E-03, 6.720413E-02
1.008068E-07, -7.1829E-04, 6.08499E-03, 6.690905E-02
1.008131E-07, -4.93371E-03, 5.97961E-03, 6.665613E-02
1.008193E-07, -8.62221E-03, 5.66345E-03, 6.648751E-02
1.008256E-07, -1.283763E-02, 5.45268E-03, 6.623458E-02
1.008318E-07, -1.705305E-02, 5.24191E-03, 6.606597E-02
1.008381E-07, -2.021462E-02, 4.82037E-03, 6.585520E-02
1.008443E-07, -2.337619E-02, 4.60959E-03, 6.560227E-02
1.008506E-07, -2.653776E-02, 4.18805E-03, 6.530719E-02
1.008568E-07, -2.969932E-02, 3.55574E-03, 6.518073E-02
1.008631E-07, -3.338782E-02, 3.13420E-03, 6.488565E-02
1.008693E-07, -3.602246E-02, 2.50188E-03, 6.475919E-02
1.008756E-07, -3.865710E-02, 1.86957E-03, 6.446411E-02
1.008818E-07, -4.076481E-02, 1.34264E-03, 6.433764E-02
1.008881E-07, -4.181866E-02, 8.1571E-04, 6.408472E-02
1.008943E-07, -4.339945E-02, 1.8340E-04, 6.400041E-02
1.009006E-07, -4.445330E-02, -3.4353E-04, 6.383179E-02
1.009068E-07, -4.445330E-02, -9.7584E-04, 6.366318E-02
1.009131E-07, -4.550716E-02, -1.50277E-03, 6.341025E-02
1.009193E-07, -4.550716E-02, -2.02970E-03, 6.332594E-02
1.009256E-07, -4.550716E-02, -2.45124E-03, 6.303086E-02
1.009318E-07, -4.498023E-02, -3.08355E-03, 6.290440E-02
1.009381E-07, -4.498023E-02, -3.50509E-03, 6.277794E-02
1.009443E-07, -4.445330E-02, -3.82125E-03, 6.252501E-02
1.009506E-07, -4.234559E-02, -4.13741E-03, 6.231424E-02
1.009568E-07, -4.076481E-02, -4.34818E-03, 6.214562E-02
1.009631E-07, -4.023788E-02, -4.45356E-03, 6.193485E-02
1.009693E-07, -3.865710E-02, -4.76972E-03, 6.176623E-02
1.009756E-07, -3.602246E-02, -4.76972E-03, 6.159762E-02
1.009818E-07, -3.444167E-02, -4.87511E-03, 6.138685E-02
1.009881E-07, -3.180704E-02, -4.45356E-03, 6.121823E-02
1.009943E-07, -2.917239E-02, -4.66434E-03, 6.109177E-02
1.010006E-07, -2.653776E-02, -4.66434E-03, 6.104961E-02
1.010068E-07, -2.232233E-02, -4.34818E-03, 6.096530E-02
1.010131E-07, -1.968769E-02, -4.24279E-03, 6.088100E-02
1.010193E-07, -1.599920E-02, -4.34818E-03, 6.096530E-02
1.010256E-07, -1.389149E-02, -4.03202E-03, 6.100746E-02
1.010318E-07, -9.67606E-03, -3.92664E-03, 6.117608E-02
1.010381E-07, -5.98757E-03, -4.03202E-03, 6.117608E-02
1.010443E-07, -2.29907E-03, -4.03202E-03, 6.147116E-02
1.010506E-07, 1.91635E-03, -3.82125E-03, 6.168193E-02
1.010568E-07, 4.02406E-03, -3.82125E-03, 6.189270E-02
1.010631E-07, 8.23948E-03, -3.82125E-03, 6.214562E-02
1.010693E-07, 1.087412E-02, -4.03202E-03, 6.256717E-02
1.010756E-07, 1.456262E-02, -4.03202E-03, 6.294655E-02
1.010818E-07, 1.772419E-02, -4.45356E-03, 6.336810E-02
1.010881E-07, 2.088575E-02, -4.66434E-03, 6.370533E-02
1.010943E-07, 2.352039E-02, -4.98049E-03, 6.416903E-02
1.011006E-07, 2.510118E-02, -5.40204E-03, 6.463272E-02
1.011068E-07, 2.826274E-02, -5.71819E-03, 6.509642E-02
1.011131E-07, 2.984353E-02, -6.03435E-03, 6.547581E-02
1.011193E-07, 3.089738E-02, -6.56128E-03, 6.581304E-02
1.011256E-07, 3.247816E-02, -6.87743E-03, 6.623458E-02
1.011318E-07, 3.300510E-02, -7.50975E-03, 6.661397E-02
1.011381E-07, 3.353202E-02, -7.82590E-03, 6.695121E-02
1.011443E-07, 3.353202E-02, -8.14206E-03, 6.716198E-02
1.011506E-07, 3.405895E-02, -8.56360E-03, 6.737275E-02
1.011568E-07, 3.195124E-02, -8.98515E-03, 6.754136E-02
1.011631E-07, 3.247816E-02, -9.09053E-03, 6.762567E-02
1.011693E-07, 3.037046E-02, -9.30130E-03, 6.762567E-02
1.011756E-07, 3.037046E-02, -9.51207E-03, 6.758352E-02
1.011818E-07, 2.773582E-02, -9.51207E-03, 6.741490E-02
1.011881E-07, 2.668196E-02, -9.30130E-03, 6.724629E-02
1.011943E-07, 2.352039E-02, -9.30130E-03, 6.707767E-02
1.012006E-07, 2.193961E-02, -8.98515E-03, 6.674043E-02
1.012068E-07, 2.035883E-02, -8.87976E-03, 6.631889E-02
1.012131E-07, 1.825111E-02, -8.45822E-03, 6.593950E-02
1.012193E-07, 1.614340E-02, -7.93129E-03, 6.556012E-02
1.012256E-07, 1.403569E-02, -7.50975E-03, 6.501211E-02
1.012318E-07, 1.298183E-02, -7.08820E-03, 6.459057E-02
1.012381E-07, 1.140105E-02, -6.35051E-03, 6.404256E-02
1.012443E-07, 9.29334E-03, -5.61281E-03, 6.353671E-02
1.012506E-07, 9.82027E-03, -5.08588E-03, 6.290440E-02
1.012568E-07, 8.23948E-03, -4.34818E-03, 6.248286E-02
1.012631E-07, 7.71256E-03, -3.82125E-03, 6.197701E-02
1.012693E-07, 6.65870E-03, -3.18894E-03, 6.155546E-02
1.012756E-07, 7.18563E-03, -2.45124E-03, 6.113392E-02
1.012818E-07, 6.65870E-03, -2.02970E-03, 6.075453E-02
1.012881E-07, 7.18563E-03, -1.50277E-03, 6.033299E-02
1.012943E-07, 6.65870E-03, -1.39738E-03, 6.012222E-02
1.013006E-07, 8.23948E-03, -1.08123E-03, 5.986929E-02
1.013068E-07, 8.23948E-03, -6.5968E-04, 5.965852E-02
1.013131E-07, 8.76641E-03, -4.4891E-04, 5.944775E-02
1.013193E-07, 9.82027E-03, -6.5968E-04, 5.944775E-02
1.013256E-07, 1.034720E-02, -6.5968E-04, 5.944775E-02
1.013318E-07, 1.087412E-02, -8.7046E-04, 5.953206E-02
1.013381E-07, 1.140105E-02, -1.18661E-03, 5.961637E-02
1.013443E-07, 1.192798E-02, -1.50277E-03, 5.978499E-02
1.013506E-07, 1.140105E-02, -1.92431E-03, 5.986929E-02
1.013568E-07, 1.140105E-02, -2.55662E-03, 6.020653E-02
1.013631E-07, 1.087412E-02, -3.08355E-03, 6.037515E-02
1.013693E-07, 1.034720E-02, -3.71587E-03, 6.067022E-02
1.013756E-07, 1.034720E-02, -4.34818E-03, 6.096530E-02
1.013818E-07, 7.71256E-03, -5.08588E-03, 6.126038E-02
1.013881E-07, 7.71256E-03, -5.50742E-03, 6.147116E-02
1.013943E-07, 5.60485E-03, -6.13973E-03, 6.180839E-02
1.014006E-07, 5.60485E-03, -6.66666E-03, 6.210347E-02
1.014068E-07, 2.44328E-03, -7.19359E-03, 6.231424E-02
1.014131E-07, -1.9136E-04, -7.40436E-03, 6.256717E-02
1.014193E-07, -2.82600E-03, -7.82590E-03, 6.282009E-02
1.014256E-07, -4.40678E-03, -8.24745E-03, 6.298871E-02
1.014318E-07, -7.04142E-03, -8.24745E-03, 6.319948E-02
1.014381E-07, -9.14914E-03, -8.24745E-03, 6.336810E-02
1.014443E-07, -1.178377E-02, -8.03667E-03, 6.341025E-02
1.014506E-07, -1.283763E-02, -7.61513E-03, 6.349456E-02
1.014568E-07, -1.599920E-02, -7.40436E-03, 6.362102E-02
1.014631E-07, -1.652613E-02, -6.87743E-03, 6.357887E-02
1.014693E-07, -1.916077E-02, -6.03435E-03, 6.357887E-02
1.014756E-07, -1.968769E-02, -5.29665E-03, 6.362102E-02
1.014818E-07, -2.074155E-02, -4.34818E-03, 6.353671E-02
1.014881E-07, -1.968769E-02, -3.39971E-03, 6.345240E-02
1.014943E-07, -2.021462E-02, -2.66201E-03, 6.341025E-02
1.015006E-07, -1.968769E-02, -1.39738E-03, 6.336810E-02
1.015068E-07, -1.810691E-02, -2.3814E-04, 6.328379E-02
1.015131E-07, -1.599920E-02, 9.2110E-04, 6.315733E-02
1.015193E-07, -1.547227E-02, 1.97495E-03, 6.303086E-02
1.015256E-07, -1.125685E-02, 3.23958E-03, 6.294655E-02
1.015318E-07, -9.67606E-03, 4.39882E-03, 6.290440E-02
1.015381E-07, -6.51450E-03, 5.45268E-03, 6.282009E-02
1.015443E-07, -3.35293E-03, 6.50653E-03, 6.269363E-02
1.015506E-07, 3.3557E-04, 7.45500E-03, 6.265147E-02
1.015568E-07, 3.49713E-03, 8.29809E-03, 6.256717E-02
1.015631E-07, 8.23948E-03, 8.93040E-03, 6.252501E-02
1.015693E-07, 9.82027E-03, 9.35195E-03, 6.252501E-02
1.015756E-07, 1.403569E-02, 9.77349E-03, 6.248286E-02
1.015818E-07, 1.667033E-02, 1.019503E-02, 6.248286E-02
1.015881E-07, 2.035883E-02, 1.051119E-02, 6.248286E-02
1.015943E-07, 2.299346E-02, 1.040580E-02, 6.256717E-02
1.016006E-07, 2.510118E-02, 1.008964E-02, 6.244070E-02
1.016068E-07, 2.773582E-02, 9.87887E-03, 6.252501E-02
1.016131E-07, 2.984353E-02, 9.35195E-03, 6.260932E-02
1.016193E-07, 3.142431E-02, 8.71963E-03, 6.256717E-02
1.016256E-07, 3.195124E-02, 8.08732E-03, 6.256717E-02
1.016318E-07, 3.247816E-02, 7.13885E-03, 6.265147E-02
1.016381E-07, 3.195124E-02, 6.08499E-03, 6.273578E-02
1.016443E-07, 3.300510E-02, 5.03114E-03, 6.282009E-02
1.016506E-07, 3.247816E-02, 3.87190E-03, 6.277794E-02
1.016568E-07, 2.984353E-02, 2.50188E-03, 6.290440E-02
1.016631E-07, 2.931660E-02, 1.23726E-03, 6.286225E-02
1.016693E-07, 2.720889E-02, -3.4353E-04, 6.294655E-02
1.016756E-07, 2.510118E-02, -1.50277E-03, 6.303086E-02
1.016818E-07, 2.246654E-02, -2.97817E-03, 6.298871E-02
1.016881E-07, 2.035883E-02, -4.45356E-03, 6.303086E-02
1.016943E-07, 1.667033E-02, -5.82358E-03, 6.311517E-02
1.017006E-07, 1.350876E-02, -7.08820E-03, 6.315733E-02
1.017068E-07, 1.087412E-02, -8.45822E-03, 6.328379E-02
1.017131E-07, 8.23948E-03, -9.51207E-03, 6.328379E-02
1.017193E-07, 4.55099E-03, -1.056593E-02, 6.341025E-02
1.017256E-07, 2.97021E-03, -1.161978E-02, 6.345240E-02
1.017318E-07, -7.1829E-04, -1.267364E-02, 6.362102E-02
1.017381E-07, -3.35293E-03, -1.330595E-02, 6.366318E-02
1.017443E-07, -5.46064E-03, -1.414904E-02, 6.383179E-02
1.017506E-07, -7.04142E-03, -1.467597E-02, 6.395826E-02
1.017568E-07, -8.62221E-03, -1.488674E-02, 6.404256E-02
1.017631E-07, -1.072992E-02, -1.520289E-02, 6.416903E-02
1.017693E-07, -1.178377E-02, -1.530828E-02, 6.433764E-02
1.017756E-07, -1.283763E-02, -1.530828E-02, 6.437980E-02
1.017818E-07, -1.336456E-02, -1.520289E-02, 6.459057E-02
1.017881E-07, -1.494534E-02, -1.488674E-02, 6.463272E-02
1.017943E-07, -1.547227E-02, -1.446519E-02, 6.475919E-02
1.018006E-07, -1.547227E-02, -1.383288E-02, 6.488565E-02
1.018068E-07, -1.547227E-02, -1.330595E-02, 6.496996E-02
1.018131E-07, -1.441841E-02, -1.256825E-02, 6.501211E-02
1.018193E-07, -1.441841E-02, -1.183056E-02, 6.509642E-02
1.018256E-07, -1.494534E-02, -1.088209E-02, 6.513857E-02
1.018318E-07, -1.389149E-02, -1.003900E-02, 6.513857E-02
1.018381E-07, -1.441841E-02, -9.09053E-03, 6.505427E-02
1.018443E-07, -1.389149E-02, -7.82590E-03, 6.501211E-02
1.018506E-07, -1.231070E-02, -6.98282E-03, 6.496996E-02
1.018568E-07, -1.283763E-02, -6.13973E-03, 6.492780E-02
1.018631E-07, -1.178377E-02, -4.98049E-03, 6.471703E-02
1.018693E-07, -1.125685E-02, -4.13741E-03, 6.459057E-02
1.018756E-07, -1.020299E-02, -3.39971E-03, 6.437980E-02
1.018818E-07, -9.14914E-03, -2.45124E-03, 6.416903E-02
1.018881E-07, -8.62221E-03, -1.60815E-03, 6.391610E-02
1.018943E-07, -8.09528E-03, -1.08123E-03, 6.370533E-02
1.019006E-07, -7.56835E-03, -4.4891E-04, 6.336810E-02
1.019068E-07, -6.51450E-03, -1.3276E-04, 6.307302E-02
1.019131E-07, -4.93371E-03, 2.8879E-04, 6.286225E-02
1.019193E-07, -3.87986E-03, 6.0494E-04, 6.256717E-02
1.019256E-07, -2.29907E-03, 4.9956E-04, 6.231424E-02
1.019318E-07, -1.77215E-03, 4.9956E-04, 6.210347E-02
1.019381E-07, -1.9136E-04, 6.0494E-04, 6.185054E-02
1.019443E-07, 1.38942E-03, 4.9956E-04, 6.155546E-02
1.019506E-07, 2.97021E-03, 2.8879E-04, 6.138685E-02
1.019568E-07, 5.07792E-03, -2.737E-05, 6.117608E-02
1.019631E-07, 6.65870E-03, -2.3814E-04, 6.109177E-02
1.019693E-07, 7.71256E-03, -9.7584E-04, 6.096530E-02
1.019756E-07, 1.034720E-02, -1.50277E-03, 6.092315E-02
1.019818E-07, 1.192798E-02, -1.92431E-03, 6.088100E-02
1.019881E-07, 1.456262E-02, -2.45124E-03, 6.088100E-02
1.019943E-07, 1.614340E-02, -3.08355E-03, 6.100746E-02
1.020006E-07, 1.772419E-02, -3.71587E-03, 6.100746E-02
1.020068E-07, 1.983190E-02, -4.13741E-03, 6.117608E-02
1.020131E-07, 2.141268E-02, -4.55895E-03, 6.134469E-02
1.020193E-07, 2.299346E-02, -4.98049E-03, 6.159762E-02
1.020256E-07, 2.510118E-02, -5.40204E-03, 6.180839E-02
1.020318E-07, 2.510118E-02, -6.03435E-03, 6.214562E-02
1.020381E-07, 2.668196E-02, -6.13973E-03, 6.244070E-02
1.020443E-07, 2.773582E-02, -6.45589E-03, 6.265147E-02
1.020506E-07, 2.773582E-02, -6.66666E-03, 6.303086E-02
1.020568E-07, 2.826274E-02, -6.56128E-03, 6.332594E-02
1.020631E-07, 2.931660E-02, -6.77205E-03, 6.366318E-02
1.020693E-07, 2.826274E-02, -6.77205E-03, 6.404256E-02
1.020756E-07, 2.773582E-02, -6.56128E-03, 6.433764E-02
1.020818E-07, 2.720889E-02, -6.77205E-03, 6.459057E-02
1.020881E-07, 2.826274E-02, -6.35051E-03, 6.488565E-02
1.020943E-07, 2.668196E-02, -6.24512E-03, 6.522288E-02
1.021006E-07, 2.615503E-02, -6.13973E-03, 6.547581E-02
1.021068E-07, 2.457425E-02, -5.92896E-03, 6.560227E-02
1.021131E-07, 2.457425E-02, -5.61281E-03, 6.577089E-02
1.021193E-07, 2.352039E-02, -5.40204E-03, 6.585520E-02
1.021256E-07, 2.246654E-02, -5.08588E-03, 6.598166E-02
1.021318E-07, 2.141268E-02, -4.98049E-03, 6.593950E-02
1.021381E-07, 2.088575E-02, -4.76972E-03, 6.598166E-02
1.021443E-07, 2.035883E-02, -4.45356E-03, 6.585520E-02
1.021506E-07, 1.983190E-02, -4.24279E-03, 6.572873E-02
1.021568E-07, 1.930497E-02, -4.34818E-03, 6.556012E-02
1.021631E-07, 1.930497E-02, -4.03202E-03, 6.530719E-02
1.021693E-07, 2.141268E-02, -4.13741E-03, 6.509642E-02
1.021756E-07, 1.983190E-02, -4.24279E-03, 6.484349E-02
1.021818E-07, 2.246654E-02, -4.24279E-03, 6.450626E-02
1.021881E-07, 2.352039E-02, -4.24279E-03, 6.412687E-02
1.021943E-07, 2.457425E-02, -4.45356E-03, 6.378964E-02
1.022006E-07, 2.615503E-02, -4.45356E-03, 6.336810E-02
1.022068E-07, 2.773582E-02, -4.66434E-03, 6.294655E-02
1.022131E-07, 3.037046E-02, -4.66434E-03, 6.256717E-02
1.022193E-07, 3.247816E-02, -4.55895E-03, 6.214562E-02
1.022256E-07, 3.511281E-02, -4.66434E-03, 6.168193E-02
1.022318E-07, 3.563973E-02, -4.87511E-03, 6.134469E-02
1.022381E-07, 3.827437E-02, -4.76972E-03, 6.083884E-02
1.022443E-07, 4.038208E-02, -4.87511E-03, 6.050161E-02
1.022506E-07, 4.248980E-02, -4.66434E-03, 6.012222E-02
1.022568E-07, 4.248980E-02, -4.55895E-03, 5.974283E-02
1.022631E-07, 4.354365E-02, -4.34818E-03, 5.936344E-02
1.022693E-07, 4.459751E-02, -4.03202E-03, 5.915267E-02
1.022756E-07, 4.459751E-02, -3.82125E-03, 5.885759E-02
1.022818E-07, 4.354365E-02, -3.50509E-03, 5.864682E-02
1.022881E-07, 4.354365E-02, -3.18894E-03, 5.835174E-02
1.022943E-07, 4.038208E-02, -2.66201E-03, 5.835174E-02
1.023006E-07, 3.932823E-02, -2.02970E-03, 5.805666E-02
1.023068E-07, 3.616666E-02, -1.71354E-03, 5.801451E-02
1.023131E-07, 3.195124E-02, -1.18661E-03, 5.801451E-02
1.023193E-07, 2.773582E-02, -4.4891E-04, 5.797235E-02
1.023256E-07, 2.352039E-02, 7.801E-05, 5.797235E-02
1.023318E-07, 1.825111E-02, 8.1571E-04, 5.805666E-02
1.023381E-07, 1.245491E-02, 1.44803E-03, 5.805666E-02
1.023443E-07, 7.18563E-03, 1.97495E-03, 5.818313E-02
1.023506E-07, 8.6249E-04, 2.60727E-03, 5.835174E-02
1.023568E-07, -6.51450E-03, 2.92343E-03, 5.847821E-02
1.023631E-07, -1.389149E-02, 3.45035E-03, 5.868898E-02
1.023693E-07, -2.021462E-02, 3.87190E-03, 5.881544E-02
1.023756E-07, -2.706468E-02, 4.29344E-03, 5.911052E-02
1.023818E-07, -3.391474E-02, 4.39882E-03, 5.927914E-02
1.023881E-07, -3.865710E-02, 4.82037E-03, 5.948991E-02
1.023943E-07, -4.656101E-02, 4.92575E-03, 5.965852E-02
1.024006E-07, -5.235722E-02, 4.82037E-03, 5.986929E-02
1.024068E-07, -5.709957E-02, 4.82037E-03, 6.012222E-02
1.024131E-07, -6.236885E-02, 4.82037E-03, 6.037515E-02
1.024193E-07, -6.711120E-02, 4.71498E-03, 6.058592E-02
1.024256E-07, -6.921891E-02, 4.50421E-03, 6.075453E-02
1.024318E-07, -7.290741E-02, 3.97728E-03, 6.088100E-02
1.024381E-07, -7.501512E-02, 3.76651E-03, 6.117608E-02
1.024443E-07, -7.659590E-02, 3.45035E-03, 6.134469E-02
1.024506E-07, -7.712283E-02, 3.13420E-03, 6.138685E-02
1.024568E-07, -7.764976E-02, 2.71265E-03, 6.147116E-02
1.024631E-07, -7.606898E-02, 2.29111E-03, 6.151331E-02
1.024693E-07, -7.501512E-02, 1.76418E-03, 6.159762E-02
1.024756E-07, -7.238048E-02, 1.23726E-03, 6.163977E-02
1.024818E-07, -6.974584E-02, 8.1571E-04, 6.168193E-02
1.024881E-07, -6.553042E-02, 3.9417E-04, 6.159762E-02
1.024943E-07, -6.184192E-02, 7.801E-05, 6.163977E-02
1.025006E-07, -5.762650E-02, -4.4891E-04, 6.147116E-02
1.025068E-07, -5.288415E-02, -8.7046E-04, 6.142900E-02
1.025131E-07, -4.708794E-02, -8.7046E-04, 6.134469E-02
1.025193E-07, -4.234559E-02, -1.29200E-03, 6.117608E-02
1.025256E-07, -3.602246E-02, -1.39738E-03, 6.092315E-02
1.025318E-07, -3.075318E-02, -1.71354E-03, 6.083884E-02
1.025381E-07, -2.601083E-02, -2.13508E-03, 6.058592E-02
1.025443E-07, -2.074155E-02, -2.24047E-03, 6.029084E-02
1.025506E-07, -1.494534E-02, -2.24047E-03, 6.008007E-02
1.025568E-07, -8.62221E-03, -2.45124E-03, 5.982714E-02
1.025631E-07, -4.40678E-03, -2.34585E-03, 5.953206E-02
1.025693E-07, 8.6249E-04, -2.55662E-03, 5.927914E-02
1.025756E-07, 4.02406E-03, -2.45124E-03, 5.902621E-02
1.025818E-07, 8.23948E-03, -2.66201E-03, 5.881544E-02
1.025881E-07, 1.192798E-02, -2.55662E-03, 5.847821E-02
1.025943E-07, 1.403569E-02, -2.66201E-03, 5.826743E-02
1.026006E-07, 1.667033E-02, -2.76740E-03, 5.805666E-02
1.026068E-07, 1.930497E-02, -2.66201E-03, 5.788805E-02
1.026131E-07, 2.088575E-02, -2.76740E-03, 5.767728E-02
1.026193E-07, 2.141268E-02, -2.87278E-03, 5.750866E-02
1.026256E-07, 2.193961E-02, -3.08355E-03, 5.742435E-02
1.026318E-07, 2.246654E-02, -2.87278E-03, 5.729789E-02
1.026381E-07, 2.088575E-02, -3.08355E-03, 5.725573E-02
1.026443E-07, 2.035883E-02, -3.18894E-03, 5.725573E-02
1.026506E-07, 1.930497E-02, -3.50509E-03, 5.717142E-02
1.026568E-07, 1.719726E-02, -3.39971E-03, 5.725573E-02
1.026631E-07, 1.614340E-02, -3.61048E-03, 5.734004E-02
1.026693E-07, 1.403569E-02, -3.82125E-03, 5.746650E-02
1.026756E-07, 1.245491E-02, -3.82125E-03, 5.763512E-02
1.026818E-07, 1.034720E-02, -3.82125E-03, 5.784589E-02
1.026881E-07, 7.71256E-03, -3.82125E-03, 5.809882E-02
1.026943E-07, 5.07792E-03, -4.13741E-03, 5.835174E-02
1.027006E-07, 2.97021E-03, -4.13741E-03, 5.868898E-02
1.027068E-07, 3.3557E-04, -3.92664E-03, 5.906836E-02
1.027131E-07, -1.77215E-03, -4.13741E-03, 5.932129E-02
1.027193E-07, -3.35293E-03, -4.03202E-03, 5.974283E-02
1.027256E-07, -5.98757E-03, -3.92664E-03, 6.016437E-02
1.027318E-07, -7.56835E-03, -3.92664E-03, 6.062807E-02
1.027381E-07, -9.14914E-03, -3.92664E-03, 6.100746E-02
1.027443E-07, -1.020299E-02, -3.82125E-03, 6.147116E-02
1.027506E-07, -1.125685E-02, -3.61048E-03, 6.180839E-02
1.027568E-07, -1.283763E-02, -3.50509E-03, 6.222993E-02
1.027631E-07, -1.336456E-02, -3.18894E-03, 6.252501E-02
1.027693E-07, -1.389149E-02, -3.18894E-03, 6.290440E-02
1.027756E-07, -1.336456E-02, -3.08355E-03, 6.324163E-02
1.027818E-07, -1.283763E-02, -2.87278E-03, 6.349456E-02
1.027881E-07, -1.231070E-02, -2.55662E-03, 6.378964E-02
1.027943E-07, -1.125685E-02, -2.45124E-03, 6.391610E-02
1.028006E-07, -1.072992E-02, -2.24047E-03, 6.416903E-02
1.028068E-07, -8.62221E-03, -1.92431E-03, 6.429549E-02
1.028131E-07, -7.04142E-03, -1.81893E-03, 6.425334E-02
1.028193E-07, -5.46064E-03, -1.81893E-03, 6.442195E-02
1.028256E-07, -3.87986E-03, -1.60815E-03, 6.437980E-02
1.028318E-07, -1.24522E-03, -1.50277E-03, 6.437980E-02
1.028381E-07, 8.6249E-04, -1.29200E-03, 6.429549E-02
1.028443E-07, 4.02406E-03, -1.39738E-03, 6.412687E-02
1.028506E-07, 6.65870E-03, -1.18661E-03, 6.395826E-02
1.028568E-07, 8.23948E-03, -1.08123E-03, 6.374748E-02
1.028631E-07, 1.192798E-02, -1.18661E-03, 6.353671E-02
1.028693E-07, 1.403569E-02, -1.29200E-03, 6.328379E-02
1.028756E-07, 1.719726E-02, -1.18661E-03, 6.311517E-02
1.028818E-07, 1.930497E-02, -1.18661E-03, 6.286225E-02
1.028881E-07, 2.246654E-02, -1.18661E-03, 6.260932E-02
1.028943E-07, 2.352039E-02, -1.39738E-03, 6.239855E-02
1.029006E-07, 2.615503E-02, -1.29200E-03, 6.214562E-02
1.029068E-07, 2.826274E-02, -1.39738E-03, 6.185054E-02
1.029131E-07, 3.037046E-02, -1.29200E-03, 6.163977E-02
1.029193E-07, 3.195124E-02, -1.50277E-03, 6.138685E-02
1.029256E-07, 3.405895E-02, -1.50277E-03, 6.121823E-02
1.029318E-07, 3.405895E-02, -1.50277E-03, 6.100746E-02
1.029381E-07, 3.563973E-02, -1.81893E-03, 6.092315E-02
1.029443E-07, 3.563973E-02, -1.71354E-03, 6.079669E-02
1.029506E-07, 3.616666E-02, -1.81893E-03, 6.062807E-02
1.029568E-07, 3.616666E-02, -1.92431E-03, 6.054376E-02
1.029631E-07, 3.722052E-02, -2.02970E-03, 6.045945E-02
1.029693E-07, 3.616666E-02, -1.92431E-03, 6.050161E-02
1.029756E-07, 3.563973E-02, -2.13508E-03, 6.045945E-02
1.029818E-07, 3.405895E-02, -2.24047E-03, 6.041730E-02
1.029881E-07, 3.405895E-02, -2.24047E-03, 6.037515E-02
1.029943E-07, 3.195124E-02, -2.45124E-03, 6.041730E-02
1.030006E-07, 3.089738E-02, -2.55662E-03, 6.037515E-02
1.030068E-07, 2.984353E-02, -2.87278E-03, 6.037515E-02
1.030131E-07, 2.773582E-02, -2.87278E-03, 6.024868E-02
1.030193E-07, 2.615503E-02, -2.97817E-03, 6.024868E-02
1.030256E-07, 2.352039E-02, -3.29432E-03, 6.029084E-02
1.030318E-07, 2.193961E-02, -3.61048E-03, 6.020653E-02
1.030381E-07, 1.930497E-02, -3.71587E-03, 6.016437E-02
1.030443E-07, 1.667033E-02, -3.71587E-03, 6.003791E-02
1.030506E-07, 1.508955E-02, -4.03202E-03, 5.991145E-02
1.030568E-07, 1.245491E-02, -4.24279E-03, 5.991145E-02
1.030631E-07, 1.140105E-02, -4.34818E-03, 5.965852E-02
1.030693E-07, 8.23948E-03, -4.45356E-03, 5.948991E-02
1.030756E-07, 5.07792E-03, -4.45356E-03, 5.932129E-02
1.030818E-07, 2.97021E-03, -4.66434E-03, 5.915267E-02
1.030881E-07, 1.38942E-03, -4.55895E-03, 5.889975E-02
1.030943E-07, -1.24522E-03, -4.76972E-03, 5.868898E-02
1.031006E-07, -3.87986E-03, -4.55895E-03, 5.839390E-02
1.031068E-07, -5.98757E-03, -4.66434E-03, 5.818313E-02
1.031131E-07, -6.51450E-03, -4.24279E-03, 5.793020E-02
1.031193E-07, -1.072992E-02, -3.92664E-03, 5.771943E-02
1.031256E-07, -1.072992E-02, -3.82125E-03, 5.750866E-02
1.031318E-07, -1.336456E-02, -3.39971E-03, 5.734004E-02
1.031381E-07, -1.652613E-02, -2.97817E-03, 5.712927E-02
1.031443E-07, -1.863384E-02, -2.34585E-03, 5.700281E-02
1.031506E-07, -1.863384E-02, -1.71354E-03, 5.691850E-02
1.031568E-07, -2.232233E-02, -1.29200E-03, 5.683419E-02
1.031631E-07, -2.284926E-02, -7.6507E-04, 5.670773E-02
1.031693E-07, -2.548390E-02, -1.3276E-04, 5.666557E-02
1.031756E-07, -2.706468E-02, 4.9956E-04, 5.674988E-02
1.031818E-07, -2.811854E-02, 1.23726E-03, 5.670773E-02
1.031881E-07, -2.864547E-02, 1.76418E-03, 5.687634E-02
1.031943E-07, -3.022625E-02, 2.39650E-03, 5.704496E-02
1.032006E-07, -3.128011E-02, 3.02881E-03, 5.708712E-02
1.032068E-07, -3.233396E-02, 3.45035E-03, 5.729789E-02
1.032131E-07, -3.338782E-02, 3.97728E-03, 5.759297E-02
1.032193E-07, -3.338782E-02, 4.08267E-03, 5.780374E-02
1.032256E-07, -3.391474E-02, 4.50421E-03, 5.809882E-02
1.032318E-07, -3.444167E-02, 4.50421E-03, 5.839390E-02
1.032381E-07, -3.338782E-02, 4.60959E-03, 5.877328E-02
1.032443E-07, -3.233396E-02, 4.50421E-03, 5.915267E-02
1.032506E-07, -3.233396E-02, 4.39882E-03, 5.944775E-02
1.032568E-07, -2.969932E-02, 4.08267E-03, 5.978499E-02
1.032631E-07, -2.811854E-02, 3.66112E-03, 6.008007E-02
1.032693E-07, -2.759161E-02, 3.02881E-03, 6.050161E-02
1.032756E-07, -2.601083E-02, 2.29111E-03, 6.083884E-02
1.032818E-07, -2.337619E-02, 1.55341E-03, 6.117608E-02
1.032881E-07, -2.126848E-02, 8.1571E-04, 6.134469E-02
1.032943E-07, -1.757998E-02, -1.3276E-04, 6.163977E-02
1.033006E-07, -1.599920E-02, -1.18661E-03, 6.189270E-02
1.033068E-07, -1.336456E-02, -2.45124E-03, 6.214562E-02
1.033131E-07, -1.020299E-02, -3.50509E-03, 6.227209E-02
1.033193E-07, -8.09528E-03, -4.45356E-03, 6.231424E-02
1.033256E-07, -6.51450E-03, -5.82358E-03, 6.244070E-02
1.033318E-07, -3.87986E-03, -6.87743E-03, 6.248286E-02
1.033381E-07, -7.1829E-04, -7.93129E-03, 6.244070E-02
1.033443E-07, 3.3557E-04, -8.98515E-03, 6.239855E-02
1.033506E-07, 2.44328E-03, -9.82823E-03, 6.231424E-02
1.033568E-07, 3.49713E-03, -1.088209E-02, 6.214562E-02
1.033631E-07, 5.60485E-03, -1.161978E-02, 6.189270E-02
1.033693E-07, 5.60485E-03, -1.235748E-02, 6.172408E-02
1.033756E-07, 6.13177E-03, -1.288441E-02, 6.138685E-02
1.033818E-07, 5.07792E-03, -1.341134E-02, 6.117608E-02
1.033881E-07, 5.07792E-03, -1.393827E-02, 6.088100E-02
1.033943E-07, 4.55099E-03, -1.425442E-02, 6.054376E-02
1.034006E-07, 3.49713E-03, -1.425442E-02, 6.008007E-02
1.034068E-07, 1.38942E-03, -1.435981E-02, 5.970068E-02
1.034131E-07, 3.3557E-04, -1.446519E-02, 5.915267E-02
1.034193E-07, -2.29907E-03, -1.414904E-02, 5.885759E-02
1.034256E-07, -4.93371E-03, -1.404365E-02, 5.843605E-02
1.034318E-07, -8.09528E-03, -1.383288E-02, 5.797235E-02
1.034381E-07, -9.67606E-03, -1.362211E-02, 5.759297E-02
1.034443E-07, -1.231070E-02, -1.320057E-02, 5.712927E-02
1.034506E-07, -1.494534E-02, -1.298980E-02, 5.670773E-02
1.034568E-07, -1.757998E-02, -1.246287E-02, 5.632834E-02
1.034631E-07, -2.021462E-02, -1.193594E-02, 5.594895E-02
1.034693E-07, -2.284926E-02, -1.183056E-02, 5.565387E-02
1.034756E-07, -2.443004E-02, -1.151440E-02, 5.540095E-02
1.034818E-07, -2.601083E-02, -1.109286E-02, 5.510587E-02
1.034881E-07, -2.706468E-02, -1.077670E-02, 5.489510E-02
1.034943E-07, -2.811854E-02, -1.046054E-02, 5.472648E-02
1.035006E-07, -2.759161E-02, -1.046054E-02, 5.464217E-02
1.035068E-07, -2.811854E-02, -1.024977E-02, 5.460002E-02
1.035131E-07, -2.759161E-02, -1.024977E-02, 5.455786E-02
1.035193E-07, -2.759161E-02, -1.024977E-02, 5.460002E-02
1.035256E-07, -2.495697E-02, -1.024977E-02, 5.472648E-02
1.035318E-07, -2.284926E-02, -1.024977E-02, 5.485294E-02
1.035381E-07, -2.179541E-02, -1.014439E-02, 5.506371E-02
1.035443E-07, -1.863384E-02, -1.024977E-02, 5.531664E-02
1.035506E-07, -1.494534E-02, -1.035516E-02, 5.561172E-02
1.035568E-07, -1.125685E-02, -1.035516E-02, 5.599111E-02
1.035631E-07, -8.62221E-03, -1.046054E-02, 5.641265E-02
1.035693E-07, -4.40678E-03, -1.035516E-02, 5.674988E-02
1.035756E-07, -7.1829E-04, -1.035516E-02, 5.729789E-02
1.035818E-07, 2.97021E-03, -1.003900E-02, 5.771943E-02
1.035881E-07, 7.18563E-03, -9.93362E-03, 5.826743E-02
1.035943E-07, 1.087412E-02, -9.82823E-03, 5.873113E-02
1.036006E-07, 1.403569E-02, -9.40669E-03, 5.923698E-02
1.036068E-07, 1.667033E-02, -8.98515E-03, 5.978499E-02
1.036131E-07, 2.088575E-02, -8.45822E-03, 6.033299E-02
1.036193E-07, 2.299346E-02, -7.93129E-03, 6.083884E-02
1.036256E-07, 2.510118E-02, -7.29898E-03, 6.130254E-02
1.036318E-07, 2.720889E-02, -6.56128E-03, 6.176623E-02
1.036381E-07, 2.878967E-02, -5.82358E-03, 6.222993E-02
1.036443E-07, 2.878967E-02, -5.19126E-03, 6.265147E-02
1.036506E-07, 2.984353E-02, -4.55895E-03, 6.286225E-02
1.036568E-07, 2.984353E-02, -3.82125E-03, 6.324163E-02
1.036631E-07, 3.037046E-02, -3.08355E-03, 6.345240E-02
1.036693E-07, 2.984353E-02, -2.34585E-03, 6.357887E-02
1.036756E-07, 2.931660E-02, -1.71354E-03, 6.374748E-02
1.036818E-07, 2.773582E-02, -1.29200E-03, 6.374748E-02
1.036881E-07, 2.668196E-02, -8.7046E-04, 6.370533E-02
1.036943E-07, 2.457425E-02, -5.5430E-04, 6.362102E-02
1.037006E-07, 2.246654E-02, -1.3276E-04, 6.357887E-02
1.037068E-07, 2.035883E-02, -2.737E-05, 6.328379E-02
1.037131E-07, 1.930497E-02, -2.737E-05, 6.303086E-02
1.037193E-07, 1.719726E-02, -3.4353E-04, 6.282009E-02
1.037256E-07, 1.667033E-02, -5.5430E-04, 6.235639E-02
1.037318E-07, 1.508955E-02, -1.08123E-03, 6.201916E-02
1.037381E-07, 1.403569E-02, -1.71354E-03, 6.159762E-02
1.037443E-07, 1.192798E-02, -2.45124E-03, 6.121823E-02
1.037506E-07, 1.245491E-02, -3.39971E-03, 6.062807E-02
1.037568E-07, 1.192798E-02, -4.55895E-03, 6.020653E-02
1.037631E-07, 1.245491E-02, -5.50742E-03, 5.978499E-02
1.037693E-07, 1.298183E-02, -6.77205E-03, 5.919483E-02
1.037756E-07, 1.403569E-02, -7.93129E-03, 5.881544E-02
1.037818E-07, 1.403569E-02, -9.40669E-03, 5.830959E-02
1.037881E-07, 1.614340E-02, -1.056593E-02, 5.788805E-02
1.037943E-07, 1.614340E-02, -1.204133E-02, 5.742435E-02
1.038006E-07, 1.825111E-02, -1.341134E-02, 5.708712E-02
1.038068E-07, 1.983190E-02, -1.467597E-02, 5.679204E-02
1.038131E-07, 2.141268E-02, -1.562444E-02, 5.653911E-02
1.038193E-07, 2.352039E-02, -1.688906E-02, 5.624403E-02
1.038256E-07, 2.562810E-02, -1.794292E-02, 5.603326E-02
1.038318E-07, 2.615503E-02, -1.878600E-02, 5.594895E-02
1.038381E-07, 2.826274E-02, -1.941832E-02, 5.586464E-02
1.038443E-07, 2.984353E-02, -2.005063E-02, 5.578033E-02
1.038506E-07, 3.142431E-02, -2.047217E-02, 5.578033E-02
1.038568E-07, 3.142431E-02, -2.047217E-02, 5.582249E-02
1.038631E-07, 3.195124E-02, -2.068294E-02, 5.590680E-02
1.038693E-07, 3.247816E-02, -2.057756E-02, 5.603326E-02
1.038756E-07, 3.247816E-02, -2.005063E-02, 5.615972E-02
1.038818E-07, 3.089738E-02, -1.994525E-02, 5.628619E-02
1.038881E-07, 3.037046E-02, -1.899678E-02, 5.653911E-02
1.038943E-07, 2.878967E-02, -1.857523E-02, 5.683419E-02
1.039006E-07, 2.773582E-02, -1.762676E-02, 5.704496E-02
1.039068E-07, 2.615503E-02, -1.646752E-02, 5.734004E-02
1.039131E-07, 2.404732E-02, -1.530828E-02, 5.755081E-02
1.039193E-07, 2.141268E-02, -1.435981E-02, 5.788805E-02
1.039256E-07, 2.035883E-02, -1.298980E-02, 5.809882E-02
1.039318E-07, 1.719726E-02, -1.183056E-02, 5.843605E-02
1.039381E-07, 1.456262E-02, -1.056593E-02, 5.868898E-02
1.039443E-07, 1.298183E-02, -9.51207E-03, 5.898406E-02
1.039506E-07, 1.034720E-02, -8.14206E-03, 5.927914E-02
1.039568E-07, 8.23948E-03, -7.19359E-03, 5.948991E-02
1.039631E-07, 6.13177E-03, -5.92896E-03, 5.978499E-02
1.039693E-07, 4.55099E-03, -4.98049E-03, 6.003791E-02
1.039756E-07, 2.44328E-03, -3.82125E-03, 6.024868E-02
1.039818E-07, 1.38942E-03, -3.18894E-03, 6.050161E-02
1.039881E-07, 1.91635E-03, -2.34585E-03, 6.079669E-02
1.039943E-07, 3.3557E-04, -1.92431E-03, 6.096530E-02
1.040006E-07, -1.9136E-04, -1.29200E-03, 6.117608E-02
1.040068E-07, 3.3557E-04, -8.7046E-04, 6.142900E-02
1.040131E-07, 1.38942E-03, -5.5430E-04, 6.159762E-02
1.040193E-07, 2.44328E-03, -3.4353E-04, 6.185054E-02
1.040256E-07, 2.44328E-03, -1.3276E-04, 6.201916E-02
1.040318E-07, 5.07792E-03, -1.3276E-04, 6.227209E-02
1.040381E-07, 5.60485E-03, -2.737E-05, 6.248286E-02
1.040443E-07, 7.71256E-03, -2.3814E-04, 6.269363E-02
1.040506E-07, 8.76641E-03, -4.4891E-04, 6.290440E-02
1.040568E-07, 1.087412E-02, -4.4891E-04, 6.307302E-02
1.040631E-07, 1.298183E-02, -6.5968E-04, 6.324163E-02
1.040693E-07, 1.456262E-02, -9.7584E-04, 6.345240E-02
1.040756E-07, 1.561647E-02, -1.18661E-03, 6.357887E-02
1.040818E-07, 1.825111E-02, -1.29200E-03, 6.378964E-02
1.040881E-07, 2.035883E-02, -1.50277E-03, 6.378964E-02
1.040943E-07, 2.035883E-02, -1.60815E-03, 6.395826E-02
1.041006E-07, 2.193961E-02, -1.81893E-03, 6.400041E-02
1.041068E-07, 2.246654E-02, -1.92431E-03, 6.400041E-02
1.041131E-07, 2.246654E-02, -1.92431E-03, 6.395826E-02
1.041193E-07, 2.299346E-02, -1.92431E-03, 6.400041E-02
1.041256E-07, 2.193961E-02, -1.81893E-03, 6.387395E-02
1.041318E-07, 2.193961E-02, -1.81893E-03, 6.370533E-02
1.041381E-07, 2.088575E-02, -1.81893E-03, 6.362102E-02
1.041443E-07, 2.088575E-02, -1.50277E-03, 6.332594E-02
1.041506E-07, 2.035883E-02, -1.39738E-03, 6.307302E-02
1.041568E-07, 1.772419E-02, -1.18661E-03, 6.273578E-02
1.041631E-07, 1.614340E-02, -8.7046E-04, 6.239855E-02
1.041693E-07, 1.508955E-02, -4.4891E-04, 6.193485E-02
1.041756E-07, 1.350876E-02, -4.4891E-04, 6.155546E-02
1.041818E-07, 1.087412E-02, -1.3276E-04, 6.109177E-02
1.041881E-07, 1.034720E-02, 4.9956E-04, 6.058592E-02
1.041943E-07, 8.76641E-03, 6.0494E-04, 6.008007E-02
1.042006E-07, 8.23948E-03, 9.2110E-04, 5.957422E-02
1.042068E-07, 6.65870E-03, 1.34264E-03, 5.902621E-02
1.042131E-07, 5.60485E-03, 1.76418E-03, 5.852036E-02
1.042193E-07, 5.07792E-03, 1.97495E-03, 5.793020E-02
1.042256E-07, 4.55099E-03, 2.39650E-03, 5.746650E-02
1.042318E-07, 3.49713E-03, 2.71265E-03, 5.691850E-02
1.042381E-07, 2.97021E-03, 3.02881E-03, 5.653911E-02
1.042443E-07, 2.97021E-03, 3.23958E-03, 5.607541E-02
1.042506E-07, 2.97021E-03, 3.55574E-03, 5.569603E-02
1.042568E-07, 2.44328E-03, 3.76651E-03, 5.540095E-02
1.042631E-07, 2.97021E-03, 4.18805E-03, 5.514802E-02
1.042693E-07, 2.44328E-03, 4.39882E-03, 5.489510E-02
1.042756E-07, 1.91635E-03, 4.60959E-03, 5.481079E-02
1.042818E-07, 1.38942E-03, 4.60959E-03, 5.472648E-02
1.042881E-07, 1.91635E-03, 4.92575E-03, 5.464217E-02
1.042943E-07, 8.6249E-04, 4.92575E-03, 5.472648E-02
1.043006E-07, -1.9136E-04, 5.45268E-03, 5.485294E-02
1.043068E-07, -1.9136E-04, 5.45268E-03, 5.497940E-02
1.043131E-07, -1.24522E-03, 5.66345E-03, 5.514802E-02
1.043193E-07, -2.82600E-03, 5.66345E-03, 5.544310E-02
1.043256E-07, -5.46064E-03, 5.66345E-03, 5.573818E-02
1.043318E-07, -7.04142E-03, 5.66345E-03, 5.607541E-02
1.043381E-07, -9.67606E-03, 5.66345E-03, 5.637049E-02
1.043443E-07, -1.283763E-02, 5.76884E-03, 5.674988E-02
1.043506E-07, -1.441841E-02, 5.66345E-03, 5.721358E-02
1.043568E-07, -1.863384E-02, 5.55806E-03, 5.750866E-02
1.043631E-07, -2.126848E-02, 5.55806E-03, 5.793020E-02
1.043693E-07, -2.548390E-02, 5.03114E-03, 5.830959E-02
1.043756E-07, -2.811854E-02, 4.82037E-03, 5.877328E-02
1.043818E-07, -3.286089E-02, 4.50421E-03, 5.911052E-02
1.043881E-07, -3.549553E-02, 4.29344E-03, 5.940560E-02
1.043943E-07, -3.918403E-02, 3.87190E-03, 5.965852E-02
1.044006E-07, -4.339945E-02, 3.55574E-03, 5.991145E-02
1.044068E-07, -4.656101E-02, 3.02881E-03, 6.012222E-02
1.044131E-07, -5.024951E-02, 2.71265E-03, 6.033299E-02
1.044193E-07, -5.235722E-02, 1.97495E-03, 6.037515E-02
1.044256E-07, -5.499186E-02, 1.34264E-03, 6.045945E-02
1.044318E-07, -5.709957E-02, 7.1033E-04, 6.050161E-02
1.044381E-07, -5.920728E-02, 2.8879E-04, 6.045945E-02
1.044443E-07, -6.078807E-02, -3.4353E-04, 6.037515E-02
1.044506E-07, -6.236885E-02, -1.18661E-03, 6.020653E-02
1.044568E-07, -6.236885E-02, -1.81893E-03, 6.012222E-02
1.044631E-07, -6.184192E-02, -2.55662E-03, 5.999576E-02
1.044693E-07, -6.184192E-02, -3.08355E-03, 5.982714E-02
1.044756E-07, -6.131500E-02, -3.71587E-03, 5.961637E-02
1.044818E-07, -5.920728E-02, -4.24279E-03, 5.940560E-02
1.044881E-07, -5.709957E-02, -4.66434E-03, 5.915267E-02
1.044943E-07, -5.604572E-02, -5.40204E-03, 5.898406E-02
1.045006E-07, -5.393801E-02, -5.82358E-03, 5.868898E-02
1.045068E-07, -5.024951E-02, -6.45589E-03, 5.852036E-02
1.045131E-07, -4.708794E-02, -6.98282E-03, 5.822528E-02
1.045193E-07, -4.392638E-02, -7.19359E-03, 5.801451E-02
1.045256E-07, -3.971095E-02, -7.72052E-03, 5.788805E-02
1.045318E-07, -3.654939E-02, -8.24745E-03, 5.771943E-02
1.045381E-07, -3.286089E-02, -8.45822E-03, 5.763512E-02
1.045443E-07, -3.022625E-02, -8.87976E-03, 5.755081E-02
1.045506E-07, -2.495697E-02, -9.09053E-03, 5.746650E-02
1.045568E-07, -2.232233E-02, -9.40669E-03, 5.738220E-02
1.045631E-07, -1.810691E-02, -9.61746E-03, 5.734004E-02
1.045693E-07, -1.494534E-02, -9.82823E-03, 5.725573E-02
1.045756E-07, -1.178377E-02, -1.014439E-02, 5.734004E-02
1.045818E-07, -9.14914E-03, -1.056593E-02, 5.734004E-02
1.045881E-07, -5.98757E-03, -1.088209E-02, 5.734004E-02
1.045943E-07, -3.87986E-03, -1.119824E-02, 5.734004E-02
1.046006E-07, -1.24522E-03, -1.140901E-02, 5.738220E-02
1.046068E-07, -1.9136E-04, -1.172517E-02, 5.742435E-02
1.046131E-07, 1.91635E-03, -1.204133E-02, 5.738220E-02
1.046193E-07, 2.97021E-03, -1.246287E-02, 5.729789E-02
1.046256E-07, 3.49713E-03, -1.256825E-02, 5.725573E-02
1.046318E-07, 4.55099E-03, -1.330595E-02, 5.721358E-02
1.046381E-07, 5.07792E-03, -1.351672E-02, 5.712927E-02
1.046443E-07, 4.55099E-03, -1.383288E-02, 5.708712E-02
1.046506E-07, 4.55099E-03, -1.414904E-02, 5.700281E-02
1.046568E-07, 4.02406E-03, -1.467597E-02, 5.687634E-02
1.046631E-07, 3.49713E-03, -1.488674E-02, 5.670773E-02
1.046693E-07, 1.91635E-03, -1.520289E-02, 5.653911E-02
1.046756E-07, 3.3557E-04, -1.551905E-02, 5.632834E-02
1.046818E-07, -1.9136E-04, -1.583521E-02, 5.611757E-02
1.046881E-07, -1.9136E-04, -1.594059E-02, 5.586464E-02
1.046943E-07, -2.82600E-03, -1.646752E-02, 5.565387E-02
1.047006E-07, -3.87986E-03, -1.625675E-02, 5.540095E-02
1.047068E-07, -5.98757E-03, -1.636213E-02, 5.519018E-02
1.047131E-07, -8.09528E-03, -1.646752E-02, 5.489510E-02
1.047193E-07, -1.020299E-02, -1.657291E-02, 5.472648E-02
1.047256E-07, -1.125685E-02, -1.625675E-02, 5.443140E-02
1.047318E-07, -1.389149E-02, -1.625675E-02, 5.426278E-02
1.047381E-07, -1.441841E-02, -1.604598E-02, 5.409417E-02
1.047443E-07, -1.705305E-02, -1.583521E-02, 5.396770E-02
1.047506E-07, -1.863384E-02, -1.562444E-02, 5.384124E-02
1.047568E-07, -1.968769E-02, -1.509751E-02, 5.375693E-02
1.047631E-07, -2.179541E-02, -1.478135E-02, 5.371478E-02
1.047693E-07, -2.284926E-02, -1.457058E-02, 5.367262E-02
1.047756E-07, -2.390312E-02, -1.404365E-02, 5.367262E-02
1.047818E-07, -2.548390E-02, -1.372750E-02, 5.379909E-02
1.047881E-07, -2.495697E-02, -1.309518E-02, 5.384124E-02
1.047943E-07, -2.653776E-02, -1.288441E-02, 5.392555E-02
1.048006E-07, -2.759161E-02, -1.235748E-02, 5.409417E-02
1.048068E-07, -2.706468E-02, -1.214671E-02, 5.426278E-02
1.048131E-07, -2.548390E-02, -1.151440E-02, 5.447355E-02
1.048193E-07, -2.601083E-02, -1.119824E-02, 5.476863E-02
1.048256E-07, -2.495697E-02, -1.098747E-02, 5.493725E-02
1.048318E-07, -2.337619E-02, -1.077670E-02, 5.523233E-02
1.048381E-07, -2.232233E-02, -1.067131E-02, 5.552741E-02
1.048443E-07, -2.021462E-02, -1.035516E-02, 5.582249E-02
1.048506E-07, -1.863384E-02, -1.024977E-02, 5.603326E-02
1.048568E-07, -1.652613E-02, -1.014439E-02, 5.628619E-02
1.048631E-07, -1.389149E-02, -1.003900E-02, 5.645480E-02
1.048693E-07, -1.178377E-02, -9.93362E-03, 5.666557E-02
1.048756E-07, -9.14914E-03, -9.93362E-03, 5.691850E-02
1.048818E-07, -5.98757E-03, -1.003900E-02, 5.704496E-02
1.048881E-07, -2.82600E-03, -9.93362E-03, 5.712927E-02
1.048943E-07, -7.1829E-04, -1.003900E-02, 5.725573E-02
1.049006E-07, 1.91635E-03, -1.024977E-02, 5.725573E-02
1.049068E-07, 5.07792E-03, -1.035516E-02, 5.734004E-02
1.049131E-07, 7.18563E-03, -1.024977E-02, 5.721358E-02
1.049193E-07, 8.76641E-03, -1.024977E-02, 5.712927E-02
1.049256E-07, 1.034720E-02, -1.056593E-02, 5.708712E-02
1.049318E-07, 1.192798E-02, -1.035516E-02, 5.691850E-02
1.049381E-07, 1.298183E-02, -1.056593E-02, 5.687634E-02
1.049443E-07, 1.350876E-02, -1.067131E-02, 5.666557E-02
1.049506E-07, 1.456262E-02, -1.056593E-02, 5.653911E-02
1.049568E-07, 1.403569E-02, -1.056593E-02, 5.628619E-02
1.049631E-07, 1.403569E-02, -1.077670E-02, 5.615972E-02
1.049693E-07, 1.245491E-02, -1.067131E-02, 5.590680E-02
1.049756E-07, 9.82027E-03, -1.067131E-02, 5.573818E-02
1.049818E-07, 8.76641E-03, -1.067131E-02, 5.552741E-02
1.049881E-07, 7.18563E-03, -1.067131E-02, 5.531664E-02
1.049943E-07, 4.02406E-03, -1.056593E-02, 5.514802E-02
1.050006E-07, 1.38942E-03, -1.046054E-02, 5.493725E-02
1.050068E-07, -1.24522E-03, -1.046054E-02, 5.476863E-02
1.050131E-07, -4.93371E-03, -1.056593E-02, 5.468433E-02
1.050193E-07, -9.67606E-03, -1.046054E-02, 5.464217E-02
1.050256E-07, -1.283763E-02, -1.035516E-02, 5.455786E-02
1.050318E-07, -1.652613E-02, -1.067131E-02, 5.455786E-02
1.050381E-07, -2.126848E-02, -1.067131E-02, 5.460002E-02
1.050443E-07, -2.390312E-02, -1.056593E-02, 5.455786E-02
1.050506E-07, -2.811854E-02, -1.098747E-02, 5.468433E-02
1.050568E-07, -3.180704E-02, -1.098747E-02, 5.476863E-02
1.050631E-07, -3.444167E-02, -1.109286E-02, 5.481079E-02
1.050693E-07, -3.813017E-02, -1.119824E-02, 5.506371E-02
1.050756E-07, -4.129174E-02, -1.130363E-02, 5.514802E-02
1.050818E-07, -4.392638E-02, -1.151440E-02, 5.527448E-02
1.050881E-07, -4.550716E-02, -1.183056E-02, 5.552741E-02
1.050943E-07, -4.814180E-02, -1.183056E-02, 5.569603E-02
1.051006E-07, -4.919565E-02, -1.193594E-02, 5.586464E-02
1.051068E-07, -5.077644E-02, -1.193594E-02, 5.607541E-02
1.051131E-07, -5.077644E-02, -1.183056E-02, 5.632834E-02
1.051193E-07, -5.235722E-02, -1.172517E-02, 5.649696E-02
1.051256E-07, -5.288415E-02, -1.151440E-02, 5.674988E-02
1.051318E-07, -5.341108E-02, -1.140901E-02, 5.691850E-02
1.051381E-07, -5.288415E-02, -1.077670E-02, 5.708712E-02
1.051443E-07, -5.341108E-02, -1.067131E-02, 5.729789E-02
1.051506E-07, -5.235722E-02, -1.024977E-02, 5.738220E-02
1.051568E-07, -5.235722E-02, -9.51207E-03, 5.755081E-02
1.051631E-07, -5.130336E-02, -8.98515E-03, 5.771943E-02
1.051693E-07, -5.077644E-02, -8.45822E-03, 5.788805E-02
1.051756E-07, -5.024951E-02, -7.29898E-03, 5.801451E-02
1.051818E-07, -5.077644E-02, -6.45589E-03, 5.814097E-02
1.051881E-07, -4.919565E-02, -5.61281E-03, 5.814097E-02
1.051943E-07, -5.024951E-02, -4.66434E-03, 5.830959E-02
1.052006E-07, -4.919565E-02, -3.39971E-03, 5.830959E-02
1.052068E-07, -4.866873E-02, -2.45124E-03, 5.839390E-02
1.052131E-07, -4.814180E-02, -1.18661E-03, 5.835174E-02
1.052193E-07, -4.919565E-02, -2.3814E-04, 5.839390E-02
1.052256E-07, -4.814180E-02, 1.02648E-03, 5.843605E-02
1.052318E-07, -4.761487E-02, 1.97495E-03, 5.852036E-02
1.052381E-07, -4.708794E-02, 3.13420E-03, 5.847821E-02
1.052443E-07, -4.761487E-02, 3.97728E-03, 5.843605E-02
1.052506E-07, -4.761487E-02, 5.13652E-03, 5.847821E-02
1.052568E-07, -4.656101E-02, 5.55806E-03, 5.835174E-02
1.052631E-07, -4.445330E-02, 6.40115E-03, 5.835174E-02
1.052693E-07, -4.498023E-02, 7.03346E-03, 5.835174E-02
1.052756E-07, -4.339945E-02, 7.34962E-03, 5.822528E-02
1.052818E-07, -4.234559E-02, 7.56039E-03, 5.809882E-02
1.052881E-07, -3.918403E-02, 7.66578E-03, 5.797235E-02
1.052943E-07, -3.813017E-02, 7.45500E-03, 5.780374E-02
1.053006E-07, -3.496860E-02, 7.56039E-03, 5.767728E-02
1.053068E-07, -3.286089E-02, 7.13885E-03, 5.742435E-02
1.053131E-07, -2.917239E-02, 6.71731E-03, 5.721358E-02
1.053193E-07, -2.548390E-02, 6.08499E-03, 5.696065E-02
1.053256E-07, -2.074155E-02, 5.45268E-03, 5.666557E-02
1.053318E-07, -1.757998E-02, 4.60959E-03, 5.637049E-02
1.053381E-07, -1.336456E-02, 3.66112E-03, 5.611757E-02
1.053443E-07, -8.62221E-03, 2.50188E-03, 5.573818E-02
1.053506E-07, -2.82600E-03, 1.44803E-03, 5.540095E-02
1.053568E-07, 1.38942E-03, 1.8340E-04, 5.502156E-02
1.053631E-07, 5.07792E-03, -8.7046E-04, 5.460002E-02
1.053693E-07, 1.034720E-02, -2.13508E-03, 5.426278E-02
1.053756E-07, 1.561647E-02, -3.18894E-03, 5.379909E-02
1.053818E-07, 1.930497E-02, -4.34818E-03, 5.337754E-02
1.053881E-07, 2.457425E-02, -5.40204E-03, 5.304031E-02
1.053943E-07, 2.826274E-02, -6.45589E-03, 5.266092E-02
1.054006E-07, 3.195124E-02, -7.40436E-03, 5.228153E-02
1.054068E-07, 3.458588E-02, -8.24745E-03, 5.190215E-02
1.054131E-07, 3.722052E-02, -8.87976E-03, 5.164922E-02
1.054193E-07, 3.985516E-02, -9.72284E-03, 5.131198E-02
1.054256E-07, 4.143594E-02, -1.014439E-02, 5.110122E-02
1.054318E-07, 4.196287E-02, -1.056593E-02, 5.080613E-02
1.054381E-07, 4.301672E-02, -1.098747E-02, 5.076398E-02
1.054443E-07, 4.248980E-02, -1.119824E-02, 5.059537E-02
1.054506E-07, 4.248980E-02, -1.098747E-02, 5.055321E-02
1.054568E-07, 4.038208E-02, -1.109286E-02, 5.051105E-02
1.054631E-07, 3.880130E-02, -1.077670E-02, 5.055321E-02
1.054693E-07, 3.616666E-02, -1.056593E-02, 5.067967E-02
1.054756E-07, 3.300510E-02, -1.003900E-02, 5.084829E-02
1.054818E-07, 3.037046E-02, -9.61746E-03, 5.101691E-02
1.054881E-07, 2.668196E-02, -8.87976E-03, 5.122768E-02
1.054943E-07, 2.246654E-02, -8.24745E-03, 5.152276E-02
1.055006E-07, 1.825111E-02, -7.61513E-03, 5.190215E-02
1.055068E-07, 1.403569E-02, -6.77205E-03, 5.223938E-02
1.055131E-07, 1.034720E-02, -6.24512E-03, 5.266092E-02
1.055193E-07, 4.55099E-03, -5.40204E-03, 5.308246E-02
1.055256E-07, 8.6249E-04, -4.76972E-03, 5.341970E-02
1.055318E-07, -3.87986E-03, -3.92664E-03, 5.392555E-02
1.055381E-07, -8.09528E-03, -3.39971E-03, 5.430494E-02
1.055443E-07, -1.231070E-02, -2.76740E-03, 5.472648E-02
1.055506E-07, -1.494534E-02, -1.81893E-03, 5.519018E-02
1.055568E-07, -1.810691E-02, -1.71354E-03, 5.556956E-02
1.055631E-07, -2.126848E-02, -9.7584E-04, 5.603326E-02
1.055693E-07, -2.443004E-02, -8.7046E-04, 5.637049E-02
1.055756E-07, -2.811854E-02, -4.4891E-04, 5.662342E-02
1.055818E-07, -2.969932E-02, -3.4353E-04, 5.691850E-02
1.055881E-07, -3.022625E-02, -1.3276E-04, 5.721358E-02
1.055943E-07, -3.233396E-02, -1.3276E-04, 5.742435E-02
1.056006E-07, -3.391474E-02, -2.737E-05, 5.759297E-02
1.056068E-07, -3.444167E-02, -2.737E-05, 5.759297E-02
1.056131E-07, -3.444167E-02, -3.4353E-04, 5.776158E-02
1.056193E-07, -3.444167E-02, -6.5968E-04, 5.776158E-02
1.056256E-07, -3.444167E-02, -7.6507E-04, 5.771943E-02
1.056318E-07, -3.391474E-02, -1.08123E-03, 5.763512E-02
1.056381E-07, -3.338782E-02, -1.60815E-03, 5.767728E-02
1.056443E-07, -3.233396E-02, -1.71354E-03, 5.746650E-02
1.056506E-07, -3.075318E-02, -2.02970E-03, 5.734004E-02
1.056568E-07, -3.075318E-02, -2.45124E-03, 5.721358E-02
1.056631E-07, -2.917239E-02, -2.76740E-03, 5.704496E-02
1.056693E-07, -2.759161E-02, -3.29432E-03, 5.691850E-02
1.056756E-07, -2.653776E-02, -3.61048E-03, 5.666557E-02
1.056818E-07, -2.443004E-02, -3.92664E-03, 5.649696E-02
1.056881E-07, -2.284926E-02, -3.92664E-03, 5.624403E-02
1.056943E-07, -2.232233E-02, -4.24279E-03, 5.620188E-02
1.057006E-07, -2.021462E-02, -4.45356E-03, 5.611757E-02
1.057068E-07, -1.916077E-02, -4.66434E-03, 5.599111E-02
1.057131E-07, -1.810691E-02, -4.66434E-03, 5.586464E-02
1.057193E-07, -1.547227E-02, -4.76972E-03, 5.578033E-02
1.057256E-07, -1.441841E-02, -4.66434E-03, 5.569603E-02
1.057318E-07, -1.336456E-02, -4.76972E-03, 5.569603E-02
1.057381E-07, -1.125685E-02, -4.76972E-03, 5.573818E-02
1.057443E-07, -9.67606E-03, -4.45356E-03, 5.578033E-02
1.057506E-07, -7.56835E-03, -4.34818E-03, 5.578033E-02
1.057568E-07, -5.98757E-03, -4.24279E-03, 5.590680E-02
1.057631E-07, -3.87986E-03, -3.92664E-03, 5.603326E-02
1.057693E-07, -3.35293E-03, -3.92664E-03, 5.611757E-02
1.057756E-07, -1.77215E-03, -3.82125E-03, 5.624403E-02
1.057818E-07, 3.3557E-04, -3.61048E-03, 5.637049E-02
1.057881E-07, 2.97021E-03, -3.39971E-03, 5.641265E-02
1.057943E-07, 4.02406E-03, -3.39971E-03, 5.666557E-02
1.058006E-07, 5.07792E-03, -3.18894E-03, 5.666557E-02
1.058068E-07, 6.65870E-03, -2.97817E-03, 5.674988E-02
1.058131E-07, 8.76641E-03, -3.08355E-03, 5.683419E-02
1.058193E-07, 9.29334E-03, -3.18894E-03, 5.700281E-02
1.058256E-07, 1.034720E-02, -3.18894E-03, 5.704496E-02
1.058318E-07, 1.140105E-02, -3.08355E-03, 5.700281E-02
1.058381E-07, 1.298183E-02, -3.29432E-03, 5.708712E-02
1.058443E-07, 1.350876E-02, -3.61048E-03, 5.704496E-02
1.058506E-07, 1.403569E-02, -3.71587E-03, 5.696065E-02
1.058568E-07, 1.561647E-02, -4.13741E-03, 5.696065E-02
1.058631E-07, 1.614340E-02, -4.13741E-03, 5.683419E-02
1.058693E-07, 1.561647E-02, -4.66434E-03, 5.679204E-02
1.058756E-07, 1.561647E-02, -5.08588E-03, 5.662342E-02
1.058818E-07, 1.561647E-02, -5.61281E-03, 5.645480E-02
1.058881E-07, 1.614340E-02, -5.82358E-03, 5.624403E-02
1.058943E-07, 1.614340E-02, -6.24512E-03, 5.615972E-02
1.059006E-07, 1.561647E-02, -6.66666E-03, 5.603326E-02
1.059068E-07, 1.561647E-02, -7.08820E-03, 5.586464E-02
1.059131E-07, 1.614340E-02, -7.40436E-03, 5.565387E-02
1.059193E-07, 1.456262E-02, -7.72052E-03, 5.552741E-02
1.059256E-07, 1.561647E-02, -8.14206E-03, 5.544310E-02
1.059318E-07, 1.456262E-02, -8.45822E-03, 5.540095E-02
1.059381E-07, 1.456262E-02, -8.56360E-03, 5.531664E-02
1.059443E-07, 1.456262E-02, -8.77437E-03, 5.523233E-02
1.059506E-07, 1.508955E-02, -8.87976E-03, 5.519018E-02
1.059568E-07, 1.508955E-02, -9.09053E-03, 5.519018E-02
1.059631E-07, 1.614340E-02, -8.98515E-03, 5.523233E-02
1.059693E-07, 1.614340E-02, -8.87976E-03, 5.535879E-02
1.059756E-07, 1.719726E-02, -8.56360E-03, 5.540095E-02
1.059818E-07, 1.825111E-02, -8.45822E-03, 5.544310E-02
1.059881E-07, 1.930497E-02, -7.93129E-03, 5.556956E-02
1.059943E-07, 1.983190E-02, -7.72052E-03, 5.573818E-02
1.060006E-07, 2.088575E-02, -7.08820E-03, 5.594895E-02
1.060068E-07, 2.193961E-02, -6.56128E-03, 5.615972E-02
1.060131E-07, 2.299346E-02, -5.71819E-03, 5.628619E-02
1.060193E-07, 2.510118E-02, -5.40204E-03, 5.653911E-02
1.060256E-07, 2.615503E-02, -4.45356E-03, 5.666557E-02
1.060318E-07, 2.773582E-02, -3.82125E-03, 5.687634E-02
1.060381E-07, 2.826274E-02, -3.08355E-03, 5.704496E-02
1.060443E-07, 2.931660E-02, -2.24047E-03, 5.712927E-02
1.060506E-07, 3.089738E-02, -1.50277E-03, 5.725573E-02
1.060568E-07, 3.142431E-02, -7.6507E-04, 5.738220E-02
1.060631E-07, 3.142431E-02, -1.3276E-04, 5.738220E-02
1.060693E-07, 3.247816E-02, 7.1033E-04, 5.738220E-02
1.060756E-07, 3.195124E-02, 1.34264E-03, 5.738220E-02
1.060818E-07, 3.142431E-02, 2.08034E-03, 5.738220E-02
1.060881E-07, 3.247816E-02, 2.81804E-03, 5.725573E-02
1.060943E-07, 3.089738E-02, 3.23958E-03, 5.712927E-02
1.061006E-07, 2.931660E-02, 3.76651E-03, 5.700281E-02
1.061068E-07, 2.826274E-02, 4.08267E-03, 5.683419E-02
1.061131E-07, 2.773582E-02, 4.60959E-03, 5.662342E-02
1.061193E-07, 2.668196E-02, 4.82037E-03, 5.641265E-02
1.061256E-07, 2.299346E-02, 5.13652E-03, 5.615972E-02
1.061318E-07, 2.193961E-02, 5.24191E-03, 5.599111E-02
1.061381E-07, 1.930497E-02, 5.55806E-03, 5.569603E-02
1.061443E-07, 1.877804E-02, 5.55806E-03, 5.535879E-02
1.061506E-07, 1.614340E-02, 5.55806E-03, 5.514802E-02
1.061568E-07, 1.350876E-02, 5.55806E-03, 5.493725E-02
1.061631E-07, 1.192798E-02, 5.45268E-03, 5.464217E-02
1.061693E-07, 9.82027E-03, 5.24191E-03, 5.447355E-02
1.061756E-07, 9.29334E-03, 5.13652E-03, 5.430494E-02
1.061818E-07, 8.23948E-03, 5.03114E-03, 5.413632E-02
1.061881E-07, 6.13177E-03, 4.82037E-03, 5.388339E-02
1.061943E-07, 5.60485E-03, 4.39882E-03, 5.384124E-02
1.062006E-07, 5.60485E-03, 4.18805E-03, 5.375693E-02
1.062068E-07, 5.07792E-03, 3.87190E-03, 5.379909E-02
1.062131E-07, 5.07792E-03, 3.66112E-03, 5.379909E-02
1.062193E-07, 5.60485E-03, 3.13420E-03, 5.379909E-02
1.062256E-07, 6.13177E-03, 2.71265E-03, 5.384124E-02
1.062318E-07, 6.13177E-03, 2.18573E-03, 5.392555E-02
1.062381E-07, 7.71256E-03, 1.76418E-03, 5.405201E-02
1.062443E-07, 9.29334E-03, 1.44803E-03, 5.422063E-02
1.062506E-07, 1.034720E-02, 9.2110E-04, 5.430494E-02
1.062568E-07, 1.192798E-02, 2.8879E-04, 5.447355E-02
1.062631E-07, 1.350876E-02, -2.3814E-04, 5.460002E-02
1.062693E-07, 1.456262E-02, -9.7584E-04, 5.476863E-02
1.062756E-07, 1.508955E-02, -1.60815E-03, 5.485294E-02
1.062818E-07, 1.614340E-02, -2.02970E-03, 5.506371E-02
1.062881E-07, 1.825111E-02, -2.87278E-03, 5.514802E-02
1.062943E-07, 1.825111E-02, -3.61048E-03, 5.527448E-02
1.063006E-07, 1.825111E-02, -4.34818E-03, 5.531664E-02
1.063068E-07, 1.772419E-02, -5.19126E-03, 5.535879E-02
1.063131E-07, 1.719726E-02, -6.13973E-03, 5.535879E-02
1.063193E-07, 1.561647E-02, -6.98282E-03, 5.531664E-02
1.063256E-07, 1.508955E-02, -7.82590E-03, 5.519018E-02
1.063318E-07, 1.245491E-02, -8.77437E-03, 5.510587E-02
1.063381E-07, 9.29334E-03, -9.72284E-03, 5.493725E-02
1.063443E-07, 7.71256E-03, -1.067131E-02, 5.476863E-02
1.063506E-07, 4.02406E-03, -1.151440E-02, 5.451571E-02
1.063568E-07, 3.3557E-04, -1.235748E-02, 5.434709E-02
1.063631E-07, -3.87986E-03, -1.330595E-02, 5.405201E-02
1.063693E-07, -8.09528E-03, -1.414904E-02, 5.375693E-02
1.063756E-07, -1.336456E-02, -1.478135E-02, 5.354616E-02
1.063818E-07, -1.757998E-02, -1.541366E-02, 5.316677E-02
1.063881E-07, -2.179541E-02, -1.604598E-02, 5.282954E-02
1.063943E-07, -2.706468E-02, -1.678368E-02, 5.257661E-02
1.064006E-07, -3.180704E-02, -1.699445E-02, 5.232369E-02
1.064068E-07, -3.654939E-02, -1.752138E-02, 5.202861E-02
1.064131E-07, -4.076481E-02, -1.762676E-02, 5.173353E-02
1.064193E-07, -4.498023E-02, -1.794292E-02, 5.152276E-02
1.064256E-07, -4.866873E-02, -1.794292E-02, 5.122768E-02
1.064318E-07, -5.130336E-02, -1.783753E-02, 5.114337E-02
1.064381E-07, -5.393801E-02, -1.794292E-02, 5.097475E-02
1.064443E-07, -5.604572E-02, -1.762676E-02, 5.089045E-02
1.064506E-07, -5.762650E-02, -1.731060E-02, 5.084829E-02
1.064568E-07, -5.868036E-02, -1.688906E-02, 5.067967E-02
1.064631E-07, -5.868036E-02, -1.636213E-02, 5.076398E-02
1.064693E-07, -5.868036E-02, -1.572982E-02, 5.076398E-02
1.064756E-07, -5.762650E-02, -1.520289E-02, 5.084829E-02
1.064818E-07, -5.499186E-02, -1.457058E-02, 5.101691E-02
1.064881E-07, -5.183030E-02, -1.393827E-02, 5.101691E-02
1.064943E-07, -5.024951E-02, -1.309518E-02, 5.122768E-02
1.065006E-07, -4.550716E-02, -1.235748E-02, 5.131198E-02
1.065068E-07, -4.129174E-02, -1.161978E-02, 5.148060E-02
1.065131E-07, -3.602246E-02, -1.088209E-02, 5.164922E-02
1.065193E-07, -3.128011E-02, -1.024977E-02, 5.185999E-02
1.065256E-07, -2.653776E-02, -9.72284E-03, 5.202861E-02
1.065318E-07, -1.968769E-02, -9.09053E-03, 5.215507E-02
1.065381E-07, -1.547227E-02, -8.45822E-03, 5.232369E-02
1.065443E-07, -9.14914E-03, -7.82590E-03, 5.249231E-02
1.065506E-07, -2.82600E-03, -7.29898E-03, 5.261877E-02
1.065568E-07, 2.97021E-03, -6.77205E-03, 5.274523E-02
1.065631E-07, 9.29334E-03, -6.45589E-03, 5.291385E-02
1.065693E-07, 1.350876E-02, -6.13973E-03, 5.295600E-02
1.065756E-07, 1.825111E-02, -5.61281E-03, 5.299816E-02
1.065818E-07, 2.299346E-02, -5.40204E-03, 5.308246E-02
1.065881E-07, 2.720889E-02, -5.08588E-03, 5.308246E-02
1.065943E-07, 3.089738E-02, -4.87511E-03, 5.308246E-02
1.066006E-07, 3.247816E-02, -4.45356E-03, 5.316677E-02
1.066068E-07, 3.458588E-02, -4.34818E-03, 5.308246E-02
1.066131E-07, 3.669359E-02, -3.92664E-03, 5.304031E-02
1.066193E-07, 3.669359E-02, -3.61048E-03, 5.304031E-02
1.066256E-07, 3.616666E-02, -3.18894E-03, 5.308246E-02
1.066318E-07, 3.458588E-02, -2.76740E-03, 5.308246E-02
1.066381E-07, 3.247816E-02, -2.13508E-03, 5.308246E-02
1.066443E-07, 3.037046E-02, -1.71354E-03, 5.308246E-02
1.066506E-07, 2.773582E-02, -8.7046E-04, 5.308246E-02
1.066568E-07, 2.299346E-02, -4.4891E-04, 5.308246E-02
1.066631E-07, 1.877804E-02, 4.9956E-04, 5.312462E-02
1.066693E-07, 1.350876E-02, 1.34264E-03, 5.316677E-02
1.066756E-07, 8.23948E-03, 2.08034E-03, 5.333539E-02
1.066818E-07, 2.97021E-03, 3.13420E-03, 5.350401E-02
1.066881E-07, -3.35293E-03, 4.08267E-03, 5.358832E-02
1.066943E-07, -1.020299E-02, 5.13652E-03, 5.375693E-02
1.067006E-07, -1.547227E-02, 6.19038E-03, 5.392555E-02
1.067068E-07, -2.284926E-02, 6.82269E-03, 5.409417E-02
1.067131E-07, -2.811854E-02, 7.87655E-03, 5.434709E-02
1.067193E-07, -3.444167E-02, 8.82502E-03, 5.460002E-02
1.067256E-07, -3.971095E-02, 9.45733E-03, 5.485294E-02
1.067318E-07, -4.498023E-02, 1.019503E-02, 5.523233E-02
1.067381E-07, -5.024951E-02, 1.061657E-02, 5.540095E-02
1.067443E-07, -5.499186E-02, 1.124889E-02, 5.561172E-02
1.067506E-07, -5.709957E-02, 1.156504E-02, 5.603326E-02
1.067568E-07, -6.078807E-02, 1.177581E-02, 5.628619E-02
1.067631E-07, -6.289578E-02, 1.188120E-02, 5.653911E-02
1.067693E-07, -6.447656E-02, 1.177581E-02, 5.683419E-02
1.067756E-07, -6.500349E-02, 1.167043E-02, 5.708712E-02
1.067818E-07, -6.500349E-02, 1.114350E-02, 5.734004E-02
1.067881E-07, -6.342271E-02, 1.061657E-02, 5.755081E-02
1.067943E-07, -6.236885E-02, 9.66810E-03, 5.784589E-02
1.068006E-07, -5.973421E-02, 8.82502E-03, 5.809882E-02
1.068068E-07, -5.604572E-02, 7.77116E-03, 5.818313E-02
1.068131E-07, -5.393801E-02, 6.71731E-03, 5.830959E-02
1.068193E-07, -4.919565E-02, 5.24191E-03, 5.856251E-02
1.068256E-07, -4.498023E-02, 3.97728E-03, 5.856251E-02
1.068318E-07, -3.918403E-02, 2.29111E-03, 5.877328E-02
1.068381E-07, -3.391474E-02, 8.1571E-04, 5.877328E-02
1.068443E-07, -2.811854E-02, -6.5968E-04, 5.885759E-02
1.068506E-07, -2.179541E-02, -2.24047E-03, 5.885759E-02
1.068568E-07, -1.652613E-02, -3.82125E-03, 5.889975E-02
1.068631E-07, -1.020299E-02, -5.40204E-03, 5.898406E-02
1.068693E-07, -4.93371E-03, -6.87743E-03, 5.889975E-02
1.068756E-07, 8.6249E-04, -8.24745E-03, 5.881544E-02
1.068818E-07, 6.65870E-03, -9.82823E-03, 5.877328E-02
1.068881E-07, 1.140105E-02, -1.077670E-02, 5.868898E-02
1.068943E-07, 1.456262E-02, -1.183056E-02, 5.864682E-02
1.069006E-07, 2.035883E-02, -1.267364E-02, 5.864682E-02
1.069068E-07, 2.246654E-02, -1.341134E-02, 5.843605E-02
1.069131E-07, 2.562810E-02, -1.372750E-02, 5.835174E-02
1.069193E-07, 2.720889E-02, -1.414904E-02, 5.826743E-02
1.069256E-07, 2.878967E-02, -1.435981E-02, 5.814097E-02
1.069318E-07, 2.931660E-02, -1.414904E-02, 5.801451E-02
1.069381E-07, 2.931660E-02, -1.404365E-02, 5.788805E-02
1.069443E-07, 2.984353E-02, -1.362211E-02, 5.771943E-02
1.069506E-07, 2.878967E-02, -1.288441E-02, 5.755081E-02
1.069568E-07, 2.720889E-02, -1.225210E-02, 5.738220E-02
1.069631E-07, 2.562810E-02, -1.130363E-02, 5.729789E-02
1.069693E-07, 2.246654E-02, -1.024977E-02, 5.712927E-02
1.069756E-07, 1.983190E-02, -9.19592E-03, 5.704496E-02
1.069818E-07, 1.719726E-02, -7.93129E-03, 5.687634E-02
1.069881E-07, 1.403569E-02, -6.66666E-03, 5.666557E-02
1.069943E-07, 1.140105E-02, -5.61281E-03, 5.662342E-02
1.070006E-07, 7.71256E-03, -4.13741E-03, 5.645480E-02
1.070068E-07, 5.07792E-03, -2.87278E-03, 5.632834E-02
1.070131E-07, 2.97021E-03, -1.50277E-03, 5.607541E-02
1.070193E-07, -1.24522E-03, -6.5968E-04, 5.594895E-02
1.070256E-07, -2.82600E-03, 6.0494E-04, 5.586464E-02
1.070318E-07, -4.93371E-03, 1.55341E-03, 5.565387E-02
1.070381E-07, -7.04142E-03, 2.39650E-03, 5.548526E-02
1.070443E-07, -8.09528E-03, 3.34497E-03, 5.527448E-02
1.070506E-07, -9.14914E-03, 3.97728E-03, 5.506371E-02
1.070568E-07, -9.67606E-03, 4.39882E-03, 5.489510E-02
1.070631E-07, -9.67606E-03, 4.71498E-03, 5.464217E-02
1.070693E-07, -1.020299E-02, 5.03114E-03, 5.443140E-02
1.070756E-07, -1.020299E-02, 4.92575E-03, 5.430494E-02
1.070818E-07, -9.14914E-03, 4.92575E-03, 5.405201E-02
1.070881E-07, -7.56835E-03, 4.71498E-03, 5.375693E-02
1.070943E-07, -8.09528E-03, 4.39882E-03, 5.350401E-02
1.071006E-07, -6.51450E-03, 4.08267E-03, 5.329324E-02
1.071068E-07, -5.98757E-03, 3.45035E-03, 5.304031E-02
1.071131E-07, -4.93371E-03, 2.81804E-03, 5.274523E-02
1.071193E-07, -3.87986E-03, 2.08034E-03, 5.257661E-02
1.071256E-07, -3.87986E-03, 1.44803E-03, 5.228153E-02
1.071318E-07, -3.35293E-03, 4.9956E-04, 5.202861E-02
1.071381E-07, -3.87986E-03, -2.737E-05, 5.173353E-02
1.071443E-07, -2.82600E-03, -1.08123E-03, 5.152276E-02
1.071506E-07, -3.87986E-03, -1.81893E-03, 5.126983E-02
1.071568E-07, -4.40678E-03, -2.66201E-03, 5.101691E-02
1.071631E-07, -7.04142E-03, -3.39971E-03, 5.089045E-02
1.071693E-07, -8.09528E-03, -3.82125E-03, 5.063752E-02
1.071756E-07, -1.072992E-02, -4.55895E-03, 5.042675E-02
1.071818E-07, -1.231070E-02, -4.98049E-03, 5.025813E-02
1.071881E-07, -1.441841E-02, -5.19126E-03, 5.008951E-02
1.071943E-07, -1.863384E-02, -5.71819E-03, 4.996305E-02
1.072006E-07, -2.074155E-02, -5.92896E-03, 4.987874E-02
1.072068E-07, -2.337619E-02, -6.13973E-03, 4.975228E-02
1.072131E-07, -2.759161E-02, -6.03435E-03, 4.971012E-02
1.072193E-07, -3.075318E-02, -6.03435E-03, 4.966797E-02
1.072256E-07, -3.233396E-02, -5.92896E-03, 4.971012E-02
1.072318E-07, -3.549553E-02, -5.82358E-03, 4.975228E-02
1.072381E-07, -3.707631E-02, -5.71819E-03, 4.979444E-02
1.072443E-07, -3.918403E-02, -5.40204E-03, 4.996305E-02
1.072506E-07, -4.076481E-02, -5.08588E-03, 5.004736E-02
1.072568E-07, -4.076481E-02, -4.76972E-03, 5.021597E-02
1.072631E-07, -4.076481E-02, -4.34818E-03, 5.042675E-02
1.072693E-07, -3.971095E-02, -4.03202E-03, 5.059537E-02
1.072756E-07, -3.813017E-02, -3.50509E-03, 5.089045E-02
1.072818E-07, -3.549553E-02, -3.18894E-03, 5.114337E-02
1.072881E-07, -3.286089E-02, -2.66201E-03, 5.135414E-02
1.072943E-07, -3.022625E-02, -2.34585E-03, 5.164922E-02
1.073006E-07, -2.548390E-02, -1.92431E-03, 5.202861E-02
1.073068E-07, -2.074155E-02, -1.81893E-03, 5.223938E-02
1.073131E-07, -1.494534E-02, -1.50277E-03, 5.253446E-02
1.073193E-07, -8.62221E-03, -1.29200E-03, 5.282954E-02
1.073256E-07, -3.87986E-03, -1.08123E-03, 5.304031E-02
1.073318E-07, 2.44328E-03, -9.7584E-04, 5.333539E-02
1.073381E-07, 9.29334E-03, -7.6507E-04, 5.350401E-02
1.073443E-07, 1.456262E-02, -8.7046E-04, 5.371478E-02
1.073506E-07, 1.983190E-02, -6.5968E-04, 5.392555E-02
1.073568E-07, 2.510118E-02, -6.5968E-04, 5.405201E-02
1.073631E-07, 3.089738E-02, -4.4891E-04, 5.409417E-02
1.073693E-07, 3.511281E-02, -7.6507E-04, 5.413632E-02
1.073756E-07, 3.932823E-02, -4.4891E-04, 5.422063E-02
1.073818E-07, 4.248980E-02, -5.5430E-04, 5.413632E-02
1.073881E-07, 4.617829E-02, -4.4891E-04, 5.405201E-02
1.073943E-07, 4.775907E-02, -4.4891E-04, 5.409417E-02
1.074006E-07, 4.828600E-02, -3.4353E-04, 5.392555E-02
1.074068E-07, 4.933986E-02, -2.3814E-04, 5.375693E-02
1.074131E-07, 4.881293E-02, -1.3276E-04, 5.371478E-02
1.074193E-07, 4.775907E-02, -1.3276E-04, 5.341970E-02
1.074256E-07, 4.512443E-02, 2.8879E-04, 5.312462E-02
1.074318E-07, 4.143594E-02, 2.8879E-04, 5.287169E-02
1.074381E-07, 3.774745E-02, 4.9956E-04, 5.257661E-02
1.074443E-07, 3.353202E-02, 8.1571E-04, 5.232369E-02
1.074506E-07, 2.931660E-02, 1.02648E-03, 5.207076E-02
1.074568E-07, 2.457425E-02, 1.34264E-03, 5.181784E-02
1.074631E-07, 1.825111E-02, 1.55341E-03, 5.156491E-02
1.074693E-07, 1.350876E-02, 1.76418E-03, 5.131198E-02
1.074756E-07, 8.23948E-03, 1.97495E-03, 5.101691E-02
1.074818E-07, 3.49713E-03, 2.08034E-03, 5.080613E-02
1.074881E-07, -1.77215E-03, 2.39650E-03, 5.063752E-02
1.074943E-07, -7.04142E-03, 2.18573E-03, 5.046890E-02
1.075006E-07, -1.125685E-02, 2.50188E-03, 5.038459E-02
1.075068E-07, -1.494534E-02, 2.39650E-03, 5.030029E-02
1.075131E-07, -1.705305E-02, 2.39650E-03, 5.030029E-02
1.075193E-07, -2.021462E-02, 2.18573E-03, 5.025813E-02
1.075256E-07, -2.179541E-02, 2.29111E-03, 5.038459E-02
1.075318E-07, -2.337619E-02, 1.97495E-03, 5.042675E-02
1.075381E-07, -2.390312E-02, 1.55341E-03, 5.059537E-02
1.075443E-07, -2.390312E-02, 1.13187E-03, 5.076398E-02
1.075506E-07, -2.232233E-02, 8.1571E-04, 5.089045E-02
1.075568E-07, -2.126848E-02, 3.9417E-04, 5.122768E-02
1.075631E-07, -1.863384E-02, -3.4353E-04, 5.139630E-02
1.075693E-07, -1.652613E-02, -8.7046E-04, 5.173353E-02
1.075756E-07, -1.389149E-02, -1.29200E-03, 5.194430E-02
1.075818E-07, -1.072992E-02, -2.02970E-03, 5.236584E-02
1.075881E-07, -5.98757E-03, -2.87278E-03, 5.261877E-02
1.075943E-07, -2.82600E-03, -3.61048E-03, 5.291385E-02
1.076006E-07, 8.6249E-04, -4.34818E-03, 5.316677E-02
1.076068E-07, 4.02406E-03, -4.98049E-03, 5.350401E-02
1.076131E-07, 7.71256E-03, -5.71819E-03, 5.379909E-02
1.076193E-07, 1.087412E-02, -6.35051E-03, 5.400986E-02
1.076256E-07, 1.350876E-02, -6.87743E-03, 5.422063E-02
1.076318E-07, 1.667033E-02, -7.50975E-03, 5.443140E-02
1.076381E-07, 1.877804E-02, -7.93129E-03, 5.460002E-02
1.076443E-07, 1.930497E-02, -8.66899E-03, 5.476863E-02
1.076506E-07, 2.141268E-02, -9.09053E-03, 5.485294E-02
1.076568E-07, 2.035883E-02, -9.61746E-03, 5.493725E-02
1.076631E-07, 2.088575E-02, -9.93362E-03, 5.493725E-02
1.076693E-07, 1.983190E-02, -1.014439E-02, 5.485294E-02
1.076756E-07, 1.930497E-02, -1.035516E-02, 5.476863E-02
1.076818E-07, 1.614340E-02, -1.067131E-02, 5.468433E-02
1.076881E-07, 1.561647E-02, -1.088209E-02, 5.443140E-02
1.076943E-07, 1.245491E-02, -1.088209E-02, 5.434709E-02
1.077006E-07, 1.087412E-02, -1.077670E-02, 5.417847E-02
1.077068E-07, 7.18563E-03, -1.088209E-02, 5.392555E-02
1.077131E-07, 4.02406E-03, -1.067131E-02, 5.371478E-02
1.077193E-07, 8.6249E-04, -1.077670E-02, 5.350401E-02
1.077256E-07, -2.29907E-03, -1.056593E-02, 5.320892E-02
1.077318E-07, -5.98757E-03, -1.035516E-02, 5.295600E-02
1.077381E-07, -9.14914E-03, -1.014439E-02, 5.274523E-02
1.077443E-07, -1.178377E-02, -9.93362E-03, 5.249231E-02
1.077506E-07, -1.494534E-02, -9.51207E-03, 5.232369E-02
1.077568E-07, -1.757998E-02, -9.09053E-03, 5.207076E-02
1.077631E-07, -1.968769E-02, -8.77437E-03, 5.198645E-02
1.077693E-07, -2.232233E-02, -8.24745E-03, 5.198645E-02
1.077756E-07, -2.495697E-02, -7.72052E-03, 5.177568E-02
1.077818E-07, -2.601083E-02, -7.19359E-03, 5.173353E-02
1.077881E-07, -2.759161E-02, -6.77205E-03, 5.169138E-02
1.077943E-07, -2.864547E-02, -6.35051E-03, 5.177568E-02
1.078006E-07, -2.917239E-02, -5.50742E-03, 5.177568E-02
1.078068E-07, -2.969932E-02, -4.87511E-03, 5.185999E-02
1.078131E-07, -2.917239E-02, -3.92664E-03, 5.202861E-02
1.078193E-07, -3.022625E-02, -3.29432E-03, 5.211292E-02
1.078256E-07, -3.022625E-02, -2.45124E-03, 5.232369E-02
1.078318E-07, -3.022625E-02, -1.71354E-03, 5.253446E-02
1.078381E-07, -3.075318E-02, -7.6507E-04, 5.274523E-02
1.078443E-07, -2.969932E-02, 7.801E-05, 5.295600E-02
1.078506E-07, -2.917239E-02, 1.02648E-03, 5.320892E-02
1.078568E-07, -2.864547E-02, 1.86957E-03, 5.341970E-02
1.078631E-07, -2.864547E-02, 2.81804E-03, 5.363047E-02
1.078693E-07, -2.811854E-02, 3.87190E-03, 5.384124E-02
1.078756E-07, -2.811854E-02, 4.82037E-03, 5.409417E-02
1.078818E-07, -2.811854E-02, 5.55806E-03, 5.422063E-02
1.078881E-07, -2.706468E-02, 6.40115E-03, 5.443140E-02
1.078943E-07, -2.706468E-02, 7.34962E-03, 5.464217E-02
1.079006E-07, -2.706468E-02, 7.87655E-03, 5.468433E-02
1.079068E-07, -2.653776E-02, 8.71963E-03, 5.481079E-02
1.079131E-07, -2.653776E-02, 9.24656E-03, 5.485294E-02
1.079193E-07, -2.653776E-02, 9.66810E-03, 5.489510E-02
1.079256E-07, -2.548390E-02, 1.040580E-02, 5.489510E-02
1.079318E-07, -2.548390E-02, 1.051119E-02, 5.485294E-02
1.079381E-07, -2.495697E-02, 1.072196E-02, 5.476863E-02
1.079443E-07, -2.495697E-02, 1.093273E-02, 5.468433E-02
1.079506E-07, -2.337619E-02, 1.103811E-02, 5.455786E-02
1.079568E-07, -2.284926E-02, 1.093273E-02, 5.443140E-02
1.079631E-07, -2.232233E-02, 1.082734E-02, 5.426278E-02
1.079693E-07, -2.179541E-02, 1.040580E-02, 5.413632E-02
1.079756E-07, -2.126848E-02, 9.87887E-03, 5.384124E-02
1.079818E-07, -1.916077E-02, 9.24656E-03, 5.363047E-02
1.079881E-07, -1.705305E-02, 8.82502E-03, 5.346185E-02
1.079943E-07, -1.599920E-02, 7.87655E-03, 5.329324E-02
1.080006E-07, -1.494534E-02, 7.13885E-03, 5.312462E-02
1.080068E-07, -1.389149E-02, 6.40115E-03, 5.287169E-02
1.080131E-07, -1.072992E-02, 5.34729E-03, 5.261877E-02
1.080193E-07, -9.67606E-03, 4.29344E-03, 5.249231E-02
1.080256E-07, -7.56835E-03, 3.23958E-03, 5.240799E-02
1.080318E-07, -5.98757E-03, 2.08034E-03, 5.223938E-02
1.080381E-07, -4.40678E-03, 1.02648E-03, 5.211292E-02
1.080443E-07, -2.29907E-03, -2.737E-05, 5.211292E-02
1.080506E-07, -1.9136E-04, -1.29200E-03, 5.211292E-02
1.080568E-07, 3.3557E-04, -2.24047E-03, 5.207076E-02
1.080631E-07, 2.97021E-03, -3.29432E-03, 5.207076E-02
1.080693E-07, 4.02406E-03, -4.55895E-03, 5.215507E-02
1.080756E-07, 6.13177E-03, -5.40204E-03, 5.223938E-02
1.080818E-07, 7.18563E-03, -6.45589E-03, 5.240799E-02
1.080881E-07, 8.76641E-03, -7.29898E-03, 5.245015E-02
1.080943E-07, 9.82027E-03, -8.14206E-03, 5.261877E-02
1.081006E-07, 1.034720E-02, -8.98515E-03, 5.282954E-02
1.081068E-07, 1.192798E-02, -9.72284E-03, 5.299816E-02
1.081131E-07, 1.298183E-02, -1.046054E-02, 5.316677E-02
1.081193E-07, 1.245491E-02, -1.109286E-02, 5.350401E-02
1.081256E-07, 1.350876E-02, -1.161978E-02, 5.367262E-02
1.081318E-07, 1.350876E-02, -1.235748E-02, 5.392555E-02
1.081381E-07, 1.350876E-02, -1.277903E-02, 5.413632E-02
1.081443E-07, 1.298183E-02, -1.320057E-02, 5.443140E-02
1.081506E-07, 1.456262E-02, -1.372750E-02, 5.460002E-02
1.081568E-07, 1.298183E-02, -1.425442E-02, 5.481079E-02
1.081631E-07, 1.298183E-02, -1.425442E-02, 5.497940E-02
1.081693E-07, 1.140105E-02, -1.457058E-02, 5.510587E-02
1.081756E-07, 1.034720E-02, -1.488674E-02, 5.535879E-02
1.081818E-07, 1.034720E-02, -1.530828E-02, 5.548526E-02
1.081881E-07, 8.76641E-03, -1.541366E-02, 5.556956E-02
1.081943E-07, 7.71256E-03, -1.551905E-02, 5.578033E-02
1.082006E-07, 5.07792E-03, -1.572982E-02, 5.578033E-02
1.082068E-07, 3.49713E-03, -1.583521E-02, 5.586464E-02
1.082131E-07, 1.91635E-03, -1.583521E-02, 5.586464E-02
1.082193E-07, 8.6249E-04, -1.583521E-02, 5.594895E-02
1.082256E-07, -1.24522E-03, -1.572982E-02, 5.590680E-02
1.082318E-07, -3.35293E-03, -1.562444E-02, 5.599111E-02
1.082381E-07, -5.46064E-03, -1.562444E-02, 5.590680E-02
1.082443E-07, -7.56835E-03, -1.530828E-02, 5.586464E-02
1.082506E-07, -9.14914E-03, -1.520289E-02, 5.573818E-02
1.082568E-07, -1.125685E-02, -1.488674E-02, 5.578033E-02
1.082631E-07, -1.283763E-02, -1.446519E-02, 5.556956E-02
1.082693E-07, -1.494534E-02, -1.404365E-02, 5.552741E-02
1.082756E-07, -1.652613E-02, -1.351672E-02, 5.540095E-02
1.082818E-07, -1.705305E-02, -1.288441E-02, 5.523233E-02
1.082881E-07, -1.863384E-02, -1.235748E-02, 5.514802E-02
1.082943E-07, -2.021462E-02, -1.183056E-02, 5.497940E-02
1.083006E-07, -2.074155E-02, -1.098747E-02, 5.489510E-02
1.083068E-07, -2.021462E-02, -1.014439E-02, 5.468433E-02
1.083131E-07, -2.074155E-02, -9.30130E-03, 5.447355E-02
1.083193E-07, -2.074155E-02, -8.77437E-03, 5.430494E-02
1.083256E-07, -1.968769E-02, -8.03667E-03, 5.413632E-02
1.083318E-07, -1.863384E-02, -7.29898E-03, 5.400986E-02
1.083381E-07, -1.757998E-02, -6.66666E-03, 5.379909E-02
1.083443E-07, -1.652613E-02, -5.82358E-03, 5.358832E-02
1.083506E-07, -1.389149E-02, -5.08588E-03, 5.346185E-02
1.083568E-07, -1.283763E-02, -4.55895E-03, 5.316677E-02
1.083631E-07, -1.072992E-02, -3.82125E-03, 5.304031E-02
1.083693E-07, -8.62221E-03, -3.50509E-03, 5.282954E-02
1.083756E-07, -6.51450E-03, -3.18894E-03, 5.261877E-02
1.083818E-07, -3.87986E-03, -2.76740E-03, 5.240799E-02
1.083881E-07, -1.77215E-03, -2.45124E-03, 5.223938E-02
1.083943E-07, -7.1829E-04, -2.45124E-03, 5.211292E-02
1.084006E-07, 1.91635E-03, -2.45124E-03, 5.194430E-02
1.084068E-07, 3.49713E-03, -2.45124E-03, 5.164922E-02
1.084131E-07, 5.07792E-03, -2.45124E-03, 5.156491E-02
1.084193E-07, 6.13177E-03, -2.76740E-03, 5.148060E-02
1.084256E-07, 6.65870E-03, -2.76740E-03, 5.122768E-02
1.084318E-07, 6.65870E-03, -3.39971E-03, 5.126983E-02
1.084381E-07, 7.18563E-03, -3.61048E-03, 5.114337E-02
1.084443E-07, 6.65870E-03, -4.24279E-03, 5.105906E-02
1.084506E-07, 5.07792E-03, -4.55895E-03, 5.101691E-02
1.084568E-07, 4.02406E-03, -5.08588E-03, 5.097475E-02
1.084631E-07, 2.97021E-03, -5.40204E-03, 5.093260E-02
1.084693E-07, 3.3557E-04, -5.92896E-03, 5.097475E-02
1.084756E-07, -7.1829E-04, -6.13973E-03, 5.097475E-02
1.084818E-07, -4.40678E-03, -6.66666E-03, 5.105906E-02
1.084881E-07, -5.98757E-03, -6.87743E-03, 5.114337E-02
1.084943E-07, -9.67606E-03, -7.19359E-03, 5.131198E-02
1.085006E-07, -1.231070E-02, -7.40436E-03, 5.135414E-02
1.085068E-07, -1.494534E-02, -7.40436E-03, 5.152276E-02
1.085131E-07, -1.705305E-02, -7.61513E-03, 5.160706E-02
1.085193E-07, -2.074155E-02, -7.29898E-03, 5.181784E-02
1.085256E-07, -2.179541E-02, -7.29898E-03, 5.202861E-02
1.085318E-07, -2.495697E-02, -6.87743E-03, 5.211292E-02
1.085381E-07, -2.653776E-02, -6.56128E-03, 5.236584E-02
1.085443E-07, -2.653776E-02, -6.13973E-03, 5.253446E-02
1.085506E-07, -2.653776E-02, -5.40204E-03, 5.270308E-02
1.085568E-07, -2.759161E-02, -4.98049E-03, 5.291385E-02
1.085631E-07, -2.548390E-02, -4.34818E-03, 5.299816E-02
1.085693E-07, -2.548390E-02, -3.71587E-03, 5.325108E-02
1.085756E-07, -2.337619E-02, -2.97817E-03, 5.333539E-02
1.085818E-07, -2.284926E-02, -2.24047E-03, 5.337754E-02
1.085881E-07, -1.863384E-02, -1.50277E-03, 5.341970E-02
1.085943E-07, -1.599920E-02, -9.7584E-04, 5.354616E-02
1.086006E-07, -1.125685E-02, -3.4353E-04, 5.354616E-02
1.086068E-07, -7.56835E-03, 7.801E-05, 5.358832E-02
1.086131E-07, -2.82600E-03, 4.9956E-04, 5.350401E-02
1.086193E-07, 1.38942E-03, 7.1033E-04, 5.350401E-02
1.086256E-07, 6.13177E-03, 9.2110E-04, 5.346185E-02
1.086318E-07, 9.29334E-03, 9.2110E-04, 5.337754E-02
1.086381E-07, 1.508955E-02, 8.1571E-04, 5.325108E-02
1.086443E-07, 1.825111E-02, 9.2110E-04, 5.312462E-02
1.086506E-07, 2.141268E-02, 4.9956E-04, 5.299816E-02
1.086568E-07, 2.510118E-02, 7.801E-05, 5.291385E-02
1.086631E-07, 2.878967E-02, -5.5430E-04, 5.270308E-02
1.086693E-07, 3.089738E-02, -1.18661E-03, 5.249231E-02
1.086756E-07, 3.247816E-02, -1.92431E-03, 5.232369E-02
1.086818E-07, 3.353202E-02, -2.66201E-03, 5.228153E-02
1.086881E-07, 3.458588E-02, -3.71587E-03, 5.207076E-02
1.086943E-07, 3.300510E-02, -4.76972E-03, 5.202861E-02
1.087006E-07, 3.300510E-02, -5.71819E-03, 5.190215E-02
1.087068E-07, 2.931660E-02, -6.66666E-03, 5.177568E-02
1.087131E-07, 2.773582E-02, -7.61513E-03, 5.160706E-02
1.087193E-07, 2.352039E-02, -8.77437E-03, 5.160706E-02
1.087256E-07, 1.930497E-02, -9.51207E-03, 5.156491E-02
1.087318E-07, 1.456262E-02, -1.046054E-02, 5.156491E-02
1.087381E-07, 1.034720E-02, -1.119824E-02, 5.160706E-02
1.087443E-07, 4.55099E-03, -1.172517E-02, 5.173353E-02
1.087506E-07, -2.29907E-03, -1.235748E-02, 5.173353E-02
1.087568E-07, -7.56835E-03, -1.277903E-02, 5.177568E-02
1.087631E-07, -1.389149E-02, -1.288441E-02, 5.194430E-02
1.087693E-07, -2.126848E-02, -1.298980E-02, 5.215507E-02
1.087756E-07, -2.706468E-02, -1.288441E-02, 5.228153E-02
1.087818E-07, -3.286089E-02, -1.277903E-02, 5.245015E-02
1.087881E-07, -3.865710E-02, -1.225210E-02, 5.257661E-02
1.087943E-07, -4.445330E-02, -1.172517E-02, 5.278739E-02
1.088006E-07, -4.972258E-02, -1.119824E-02, 5.295600E-02
1.088068E-07, -5.393801E-02, -1.035516E-02, 5.316677E-02
1.088131E-07, -5.709957E-02, -9.40669E-03, 5.325108E-02
1.088193E-07, -6.078807E-02, -8.35283E-03, 5.354616E-02
1.088256E-07, -6.184192E-02, -7.08820E-03, 5.358832E-02
1.088318E-07, -6.394964E-02, -6.03435E-03, 5.379909E-02
1.088381E-07, -6.447656E-02, -4.76972E-03, 5.392555E-02
1.088443E-07, -6.447656E-02, -3.29432E-03, 5.400986E-02
1.088506E-07, -6.342271E-02, -2.13508E-03, 5.405201E-02
1.088568E-07, -6.131500E-02, -8.7046E-04, 5.405201E-02
1.088631E-07, -5.920728E-02, 6.0494E-04, 5.409417E-02
1.088693E-07, -5.604572E-02, 1.65880E-03, 5.405201E-02
1.088756E-07, -5.235722E-02, 3.02881E-03, 5.405201E-02
1.088818E-07, -4.814180E-02, 4.08267E-03, 5.392555E-02
1.088881E-07, -4.339945E-02, 5.34729E-03, 5.375693E-02
1.088943E-07, -3.865710E-02, 6.29576E-03, 5.375693E-02
1.089006E-07, -3.444167E-02, 7.13885E-03, 5.354616E-02
1.089068E-07, -2.759161E-02, 7.98193E-03, 5.333539E-02
1.089131E-07, -2.337619E-02, 8.71963E-03, 5.312462E-02
1.089193E-07, -1.810691E-02, 9.35195E-03, 5.295600E-02
1.089256E-07, -1.178377E-02, 9.98426E-03, 5.266092E-02
1.089318E-07, -5.98757E-03, 1.040580E-02, 5.240799E-02
1.089381E-07, -1.77215E-03, 1.061657E-02, 5.223938E-02
1.089443E-07, 2.97021E-03, 1.072196E-02, 5.194430E-02
1.089506E-07, 7.71256E-03, 1.103811E-02, 5.173353E-02
1.089568E-07, 1.140105E-02, 1.103811E-02, 5.152276E-02
1.089631E-07, 1.508955E-02, 1.124889E-02, 5.131198E-02
1.089693E-07, 1.719726E-02, 1.103811E-02, 5.114337E-02
1.089756E-07, 1.983190E-02, 1.082734E-02, 5.089045E-02
1.089818E-07, 2.141268E-02, 1.082734E-02, 5.080613E-02
1.089881E-07, 2.299346E-02, 1.051119E-02, 5.059537E-02
1.089943E-07, 2.404732E-02, 1.030042E-02, 5.055321E-02
1.090006E-07, 2.510118E-02, 9.98426E-03, 5.051105E-02
1.090068E-07, 2.457425E-02, 9.77349E-03, 5.034244E-02
1.090131E-07, 2.404732E-02, 9.24656E-03, 5.030029E-02
1.090193E-07, 2.299346E-02, 8.93040E-03, 5.038459E-02
1.090256E-07, 2.035883E-02, 8.40348E-03, 5.034244E-02
1.090318E-07, 1.983190E-02, 7.98193E-03, 5.042675E-02
1.090381E-07, 1.772419E-02, 7.24423E-03, 5.051105E-02
1.090443E-07, 1.456262E-02, 6.71731E-03, 5.055321E-02
1.090506E-07, 1.192798E-02, 6.40115E-03, 5.067967E-02
1.090568E-07, 9.29334E-03, 5.55806E-03, 5.076398E-02
1.090631E-07, 6.13177E-03, 4.71498E-03, 5.084829E-02
1.090693E-07, 2.97021E-03, 3.87190E-03, 5.097475E-02
1.090756E-07, -7.1829E-04, 3.02881E-03, 5.110122E-02
1.090818E-07, -3.87986E-03, 2.08034E-03, 5.122768E-02
1.090881E-07, -6.51450E-03, 1.23726E-03, 5.122768E-02
1.090943E-07, -1.072992E-02, 2.8879E-04, 5.143845E-02
1.091006E-07, -1.441841E-02, -8.7046E-04, 5.148060E-02
1.091068E-07, -1.705305E-02, -2.13508E-03, 5.148060E-02
1.091131E-07, -2.021462E-02, -3.50509E-03, 5.156491E-02
1.091193E-07, -2.284926E-02, -4.76972E-03, 5.160706E-02
1.091256E-07, -2.601083E-02, -6.03435E-03, 5.160706E-02
1.091318E-07, -2.969932E-02, -7.40436E-03, 5.160706E-02
1.091381E-07, -3.233396E-02, -8.45822E-03, 5.152276E-02
1.091443E-07, -3.444167E-02, -9.82823E-03, 5.152276E-02
1.091506E-07, -3.549553E-02, -1.130363E-02, 5.135414E-02
1.091568E-07, -3.813017E-02, -1.256825E-02, 5.139630E-02
1.091631E-07, -4.023788E-02, -1.372750E-02, 5.122768E-02
1.091693E-07, -4.181866E-02, -1.488674E-02, 5.110122E-02
1.091756E-07, -4.287252E-02, -1.594059E-02, 5.097475E-02
1.091818E-07, -4.392638E-02, -1.709983E-02, 5.084829E-02
1.091881E-07, -4.392638E-02, -1.783753E-02, 5.063752E-02
1.091943E-07, -4.498023E-02, -1.868062E-02, 5.055321E-02
1.092006E-07, -4.498023E-02, -1.931293E-02, 5.046890E-02
1.092068E-07, -4.445330E-02, -1.973447E-02, 5.034244E-02
1.092131E-07, -4.234559E-02, -1.994525E-02, 5.013167E-02
1.092193E-07, -4.181866E-02, -2.005063E-02, 5.013167E-02
1.092256E-07, -4.129174E-02, -1.994525E-02, 4.996305E-02
1.092318E-07, -3.865710E-02, -1.973447E-02, 5.000520E-02
1.092381E-07, -3.549553E-02, -1.931293E-02, 4.996305E-02
1.092443E-07, -3.338782E-02, -1.878600E-02, 4.996305E-02
1.092506E-07, -3.075318E-02, -1.783753E-02, 4.996305E-02
1.092568E-07, -2.653776E-02, -1.709983E-02, 5.000520E-02
1.092631E-07, -2.337619E-02, -1.625675E-02, 5.000520E-02
1.092693E-07, -1.968769E-02, -1.520289E-02, 5.013167E-02
1.092756E-07, -1.494534E-02, -1.393827E-02, 5.025813E-02
1.092818E-07, -9.14914E-03, -1.256825E-02, 5.038459E-02
1.092881E-07, -4.40678E-03, -1.119824E-02, 5.055321E-02
1.092943E-07, 8.6249E-04, -1.003900E-02, 5.076398E-02
1.093006E-07, 5.07792E-03, -8.56360E-03, 5.093260E-02
1.093068E-07, 1.034720E-02, -7.40436E-03, 5.118552E-02
1.093131E-07, 1.667033E-02, -5.92896E-03, 5.135414E-02
1.093193E-07, 2.193961E-02, -4.66434E-03, 5.160706E-02
1.093256E-07, 2.720889E-02, -3.82125E-03, 5.185999E-02
1.093318E-07, 3.142431E-02, -2.76740E-03, 5.198645E-02
1.093381E-07, 3.669359E-02, -2.02970E-03, 5.228153E-02
1.093443E-07, 4.090901E-02, -1.18661E-03, 5.249231E-02
1.093506E-07, 4.512443E-02, -5.5430E-04, 5.253446E-02
1.093568E-07, 4.881293E-02, -2.737E-05, 5.274523E-02
1.093631E-07, 5.197450E-02, 7.801E-05, 5.278739E-02
1.093693E-07, 5.355528E-02, 2.8879E-04, 5.291385E-02
1.093756E-07, 5.618992E-02, 1.8340E-04, 5.295600E-02
1.093818E-07, 5.829763E-02, -2.3814E-04, 5.304031E-02
1.093881E-07, 5.882456E-02, -5.5430E-04, 5.295600E-02
1.093943E-07, 5.829763E-02, -1.08123E-03, 5.299816E-02
1.094006E-07, 5.724378E-02, -1.39738E-03, 5.295600E-02
1.094068E-07, 5.566299E-02, -2.45124E-03, 5.282954E-02
1.094131E-07, 5.302835E-02, -3.08355E-03, 5.266092E-02
1.094193E-07, 4.881293E-02, -3.82125E-03, 5.245015E-02
1.094256E-07, 4.617829E-02, -4.87511E-03, 5.223938E-02
1.094318E-07, 3.985516E-02, -5.71819E-03, 5.202861E-02
1.094381E-07, 3.458588E-02, -6.56128E-03, 5.185999E-02
1.094443E-07, 2.826274E-02, -7.19359E-03, 5.169138E-02
1.094506E-07, 2.193961E-02, -8.03667E-03, 5.131198E-02
1.094568E-07, 1.403569E-02, -8.98515E-03, 5.114337E-02
1.094631E-07, 6.65870E-03, -9.30130E-03, 5.084829E-02
1.094693E-07, -2.29907E-03, -9.72284E-03, 5.055321E-02
1.094756E-07, -1.020299E-02, -1.003900E-02, 5.034244E-02
1.094818E-07, -1.916077E-02, -1.024977E-02, 5.004736E-02
1.094881E-07, -2.706468E-02, -1.014439E-02, 4.987874E-02
1.094943E-07, -3.654939E-02, -1.014439E-02, 4.971012E-02
1.095006E-07, -4.392638E-02, -9.72284E-03, 4.949936E-02
1.095068E-07, -5.130336E-02, -9.19592E-03, 4.933074E-02
1.095131E-07, -5.920728E-02, -8.56360E-03, 4.916212E-02
1.095193E-07, -6.500349E-02, -7.82590E-03, 4.907781E-02
1.095256E-07, -7.185356E-02, -7.08820E-03, 4.895135E-02
1.095318E-07, -7.554205E-02, -6.03435E-03, 4.890919E-02
1.095381E-07, -8.028440E-02, -4.98049E-03, 4.882489E-02
1.095443E-07, -8.502675E-02, -3.61048E-03, 4.882489E-02
1.095506E-07, -8.502675E-02, -2.45124E-03, 4.882489E-02
1.095568E-07, -8.660753E-02, -1.18661E-03, 4.882489E-02
1.095631E-07, -8.660753E-02, 7.801E-05, 4.882489E-02
1.095693E-07, -8.555368E-02, 1.44803E-03, 4.890919E-02
1.095756E-07, -8.291904E-02, 2.60727E-03, 4.899350E-02
1.095818E-07, -7.870361E-02, 3.66112E-03, 4.899350E-02
1.095881E-07, -7.396127E-02, 4.82037E-03, 4.903566E-02
1.095943E-07, -6.921891E-02, 5.87422E-03, 4.911997E-02
1.096006E-07, -6.236885E-02, 6.82269E-03, 4.916212E-02
1.096068E-07, -5.446493E-02, 7.66578E-03, 4.916212E-02
1.096131E-07, -4.603409E-02, 8.50886E-03, 4.928858E-02
1.096193E-07, -3.865710E-02, 9.03579E-03, 4.937289E-02
1.096256E-07, -2.811854E-02, 9.66810E-03, 4.937289E-02
1.096318E-07, -1.863384E-02, 9.87887E-03, 4.937289E-02
1.096381E-07, -1.020299E-02, 1.019503E-02, 4.937289E-02
1.096443E-07, -1.9136E-04, 1.008964E-02, 4.945720E-02
1.096506E-07, 8.76641E-03, 1.019503E-02, 4.941504E-02
1.096568E-07, 1.772419E-02, 1.008964E-02, 4.941504E-02
1.096631E-07, 2.668196E-02, 1.008964E-02, 4.933074E-02
1.096693E-07, 3.300510E-02, 9.66810E-03, 4.928858E-02
1.096756E-07, 3.985516E-02, 9.45733E-03, 4.933074E-02
1.096818E-07, 4.617829E-02, 8.82502E-03, 4.941504E-02
1.096881E-07, 5.197450E-02, 8.50886E-03, 4.933074E-02
1.096943E-07, 5.513607E-02, 8.08732E-03, 4.941504E-02
1.097006E-07, 5.724378E-02, 7.56039E-03, 4.941504E-02
1.097068E-07, 5.987842E-02, 7.13885E-03, 4.949936E-02
1.097131E-07, 6.040534E-02, 6.61192E-03, 4.949936E-02
1.097193E-07, 5.882456E-02, 6.29576E-03, 4.966797E-02
1.097256E-07, 5.724378E-02, 5.87422E-03, 4.971012E-02
1.097318E-07, 5.460914E-02, 5.45268E-03, 4.987874E-02
1.097381E-07, 5.092064E-02, 5.13652E-03, 5.000520E-02
1.097443E-07, 4.617829E-02, 4.92575E-03, 5.017382E-02
1.097506E-07, 4.090901E-02, 4.71498E-03, 5.038459E-02
1.097568E-07, 3.511281E-02, 4.18805E-03, 5.067967E-02
1.097631E-07, 2.931660E-02, 3.97728E-03, 5.084829E-02
1.097693E-07, 2.193961E-02, 3.66112E-03, 5.110122E-02
1.097756E-07, 1.456262E-02, 3.34497E-03, 5.139630E-02
1.097818E-07, 8.23948E-03, 3.34497E-03, 5.177568E-02
1.097881E-07, 1.38942E-03, 3.13420E-03, 5.194430E-02
1.097943E-07, -5.46064E-03, 2.81804E-03, 5.228153E-02
1.098006E-07, -1.178377E-02, 2.50188E-03, 5.261877E-02
1.098068E-07, -1.810691E-02, 2.18573E-03, 5.278739E-02
1.098131E-07, -2.232233E-02, 1.76418E-03, 5.308246E-02
1.098193E-07, -2.706468E-02, 1.34264E-03, 5.333539E-02
1.098256E-07, -3.022625E-02, 1.02648E-03, 5.346185E-02
1.098318E-07, -3.338782E-02, 2.8879E-04, 5.367262E-02
1.098381E-07, -3.496860E-02, -3.4353E-04, 5.396770E-02
1.098443E-07, -3.707631E-02, -1.08123E-03, 5.409417E-02
1.098506E-07, -3.707631E-02, -1.92431E-03, 5.417847E-02
1.098568E-07, -3.602246E-02, -2.76740E-03, 5.426278E-02
1.098631E-07, -3.496860E-02, -3.61048E-03, 5.443140E-02
1.098693E-07, -3.338782E-02, -4.87511E-03, 5.451571E-02
1.098756E-07, -3.128011E-02, -5.71819E-03, 5.451571E-02
1.098818E-07, -2.811854E-02, -6.98282E-03, 5.443140E-02
1.098881E-07, -2.443004E-02, -7.93129E-03, 5.434709E-02
1.098943E-07, -2.126848E-02, -9.19592E-03, 5.438925E-02
1.099006E-07, -1.705305E-02, -1.024977E-02, 5.430494E-02
1.099068E-07, -1.283763E-02, -1.130363E-02, 5.413632E-02
1.099131E-07, -9.67606E-03, -1.214671E-02, 5.409417E-02
1.099193E-07, -5.46064E-03, -1.330595E-02, 5.392555E-02
1.099256E-07, -2.29907E-03, -1.414904E-02, 5.375693E-02
1.099318E-07, -1.9136E-04, -1.499212E-02, 5.371478E-02
1.099381E-07, 3.49713E-03, -1.551905E-02, 5.358832E-02
1.099443E-07, 5.60485E-03, -1.615136E-02, 5.341970E-02
1.099506E-07, 7.18563E-03, -1.657291E-02, 5.333539E-02
1.099568E-07, 8.76641E-03, -1.678368E-02, 5.329324E-02
1.099631E-07, 8.76641E-03, -1.699445E-02, 5.316677E-02
1.099693E-07, 8.23948E-03, -1.688906E-02, 5.304031E-02
1.099756E-07, 7.71256E-03, -1.678368E-02, 5.304031E-02
1.099818E-07, 7.18563E-03, -1.657291E-02, 5.299816E-02
1.099881E-07, 6.13177E-03, -1.604598E-02, 5.282954E-02
1.099943E-07, 2.97021E-03, -1.551905E-02, 5.274523E-02
1.100006E-07, 1.91635E-03, -1.478135E-02, 5.278739E-02
1.100068E-07, -7.1829E-04, -1.393827E-02, 5.274523E-02
1.100131E-07, -2.29907E-03, -1.298980E-02, 5.270308E-02
1.100193E-07, -4.93371E-03, -1.204133E-02, 5.270308E-02
1.100256E-07, -8.09528E-03, -1.119824E-02, 5.266092E-02
1.100318E-07, -1.072992E-02, -1.014439E-02, 5.270308E-02
1.100381E-07, -1.231070E-02, -9.09053E-03, 5.261877E-02
1.100443E-07, -1.441841E-02, -8.03667E-03, 5.266092E-02
1.100506E-07, -1.599920E-02, -6.98282E-03, 5.257661E-02
1.100568E-07, -1.757998E-02, -5.92896E-03, 5.249231E-02
1.100631E-07, -1.810691E-02, -4.98049E-03, 5.240799E-02
1.100693E-07, -1.916077E-02, -4.13741E-03, 5.232369E-02
1.100756E-07, -1.916077E-02, -3.29432E-03, 5.228153E-02
1.100818E-07, -1.916077E-02, -2.55662E-03, 5.215507E-02
1.100881E-07, -1.705305E-02, -1.81893E-03, 5.202861E-02
1.100943E-07, -1.757998E-02, -1.29200E-03, 5.190215E-02
1.101006E-07, -1.599920E-02, -6.5968E-04, 5.164922E-02
1.101068E-07, -1.494534E-02, -5.5430E-04, 5.160706E-02
1.101131E-07, -1.283763E-02, -2.3814E-04, 5.131198E-02
1.101193E-07, -1.125685E-02, -1.3276E-04, 5.110122E-02
1.101256E-07, -1.072992E-02, -1.3276E-04, 5.097475E-02
1.101318E-07, -9.14914E-03, -2.737E-05, 5.076398E-02
1.101381E-07, -7.56835E-03, -1.3276E-04, 5.059537E-02
1.101443E-07, -6.51450E-03, -2.3814E-04, 5.034244E-02
1.101506E-07, -4.40678E-03, -5.5430E-04, 5.025813E-02
1.101568E-07, -4.40678E-03, -7.6507E-04, 5.008951E-02
1.101631E-07, -4.40678E-03, -9.7584E-04, 4.996305E-02
1.101693E-07, -4.40678E-03, -1.29200E-03, 4.979444E-02
1.101756E-07, -4.40678E-03, -1.81893E-03, 4.975228E-02
1.101818E-07, -5.98757E-03, -2.02970E-03, 4.971012E-02
1.101881E-07, -6.51450E-03, -2.34585E-03, 4.975228E-02
1.101943E-07, -7.56835E-03, -2.76740E-03, 4.975228E-02
1.102006E-07, -9.67606E-03, -2.97817E-03, 4.979444E-02
1.102068E-07, -1.178377E-02, -3.18894E-03, 4.979444E-02
1.102131E-07, -1.389149E-02, -3.08355E-03, 4.992090E-02
1.102193E-07, -1.705305E-02, -3.39971E-03, 5.017382E-02
1.102256E-07, -1.863384E-02, -3.39971E-03, 5.030029E-02
1.102318E-07, -2.179541E-02, -3.71587E-03, 5.051105E-02
1.102381E-07, -2.390312E-02, -3.71587E-03, 5.072183E-02
1.102443E-07, -2.601083E-02, -3.82125E-03, 5.089045E-02
1.102506E-07, -2.864547E-02, -3.71587E-03, 5.114337E-02
1.102568E-07, -3.022625E-02, -3.61048E-03, 5.152276E-02
1.102631E-07, -3.233396E-02, -3.82125E-03, 5.169138E-02
1.102693E-07, -3.338782E-02, -4.03202E-03, 5.202861E-02
1.102756E-07, -3.391474E-02, -4.03202E-03, 5.228153E-02
1.102818E-07, -3.549553E-02, -4.24279E-03, 5.257661E-02
1.102881E-07, -3.444167E-02, -4.13741E-03, 5.274523E-02
1.102943E-07, -3.391474E-02, -4.55895E-03, 5.299816E-02
1.103006E-07, -3.338782E-02, -4.66434E-03, 5.316677E-02
1.103068E-07, -3.286089E-02, -4.87511E-03, 5.337754E-02
1.103131E-07, -3.075318E-02, -5.19126E-03, 5.341970E-02
1.103193E-07, -2.864547E-02, -5.40204E-03, 5.350401E-02
1.103256E-07, -2.653776E-02, -5.92896E-03, 5.358832E-02
1.103318E-07, -2.390312E-02, -6.35051E-03, 5.367262E-02
1.103381E-07, -2.126848E-02, -6.98282E-03, 5.363047E-02
1.103443E-07, -1.757998E-02, -7.40436E-03, 5.363047E-02
1.103506E-07, -1.599920E-02, -7.93129E-03, 5.350401E-02
1.103568E-07, -1.283763E-02, -8.45822E-03, 5.346185E-02
1.103631E-07, -9.67606E-03, -8.87976E-03, 5.333539E-02
1.103693E-07, -7.04142E-03, -9.40669E-03, 5.316677E-02
1.103756E-07, -4.40678E-03, -9.93362E-03, 5.304031E-02
1.103818E-07, -2.29907E-03, -1.035516E-02, 5.282954E-02
1.103881E-07, -1.9136E-04, -1.056593E-02, 5.261877E-02
1.103943E-07, 8.6249E-04, -1.088209E-02, 5.245015E-02
1.104006E-07, 2.44328E-03, -1.088209E-02, 5.215507E-02
1.104068E-07, 3.49713E-03, -1.119824E-02, 5.198645E-02
1.104131E-07, 4.02406E-03, -1.098747E-02, 5.169138E-02
1.104193E-07, 3.49713E-03, -1.067131E-02, 5.143845E-02
1.104256E-07, 4.02406E-03, -1.024977E-02, 5.118552E-02
1.104318E-07, 3.49713E-03, -9.82823E-03, 5.105906E-02
1.104381E-07, 2.97021E-03, -9.19592E-03, 5.084829E-02
1.104443E-07, 1.91635E-03, -8.45822E-03, 5.072183E-02
1.104506E-07, 8.6249E-04, -7.40436E-03, 5.051105E-02
1.104568E-07, -1.9136E-04, -6.45589E-03, 5.038459E-02
1.104631E-07, -1.77215E-03, -5.40204E-03, 5.025813E-02
1.104693E-07, -2.29907E-03, -4.24279E-03, 5.013167E-02
1.104756E-07, -3.35293E-03, -2.87278E-03, 5.008951E-02
1.104818E-07, -4.40678E-03, -1.60815E-03, 5.000520E-02
1.104881E-07, -4.93371E-03, -2.3814E-04, 4.996305E-02
1.104943E-07, -5.46064E-03, 1.13187E-03, 4.992090E-02
1.105006E-07, -3.87986E-03, 2.71265E-03, 4.992090E-02
1.105068E-07, -4.40678E-03, 3.97728E-03, 4.992090E-02
1.105131E-07, -4.40678E-03, 5.45268E-03, 4.987874E-02
1.105193E-07, -3.87986E-03, 6.82269E-03, 4.992090E-02
1.105256E-07, -1.77215E-03, 7.77116E-03, 4.992090E-02
1.105318E-07, 3.3557E-04, 8.82502E-03, 4.992090E-02
1.105381E-07, 1.38942E-03, 9.87887E-03, 5.000520E-02
1.105443E-07, 4.02406E-03, 1.040580E-02, 4.996305E-02
1.105506E-07, 4.55099E-03, 1.103811E-02, 4.996305E-02
1.105568E-07, 7.18563E-03, 1.156504E-02, 5.000520E-02
1.105631E-07, 1.034720E-02, 1.167043E-02, 4.996305E-02
1.105693E-07, 1.140105E-02, 1.167043E-02, 4.996305E-02
1.105756E-07, 1.350876E-02, 1.167043E-02, 4.987874E-02
1.105818E-07, 1.456262E-02, 1.114350E-02, 4.979444E-02
1.105881E-07, 1.772419E-02, 1.082734E-02, 4.966797E-02
1.105943E-07, 1.772419E-02, 9.98426E-03, 4.962582E-02
1.106006E-07, 1.825111E-02, 9.03579E-03, 4.954151E-02
1.106068E-07, 1.930497E-02, 8.19270E-03, 4.937289E-02
1.106131E-07, 1.983190E-02, 7.13885E-03, 4.911997E-02
1.106193E-07, 1.930497E-02, 5.87422E-03, 4.903566E-02
1.106256E-07, 1.825111E-02, 4.50421E-03, 4.886704E-02
1.106318E-07, 1.719726E-02, 3.13420E-03, 4.861411E-02
1.106381E-07, 1.508955E-02, 1.76418E-03, 4.844550E-02
1.106443E-07, 1.298183E-02, 3.9417E-04, 4.823473E-02
1.106506E-07, 9.82027E-03, -1.18661E-03, 4.798180E-02
1.106568E-07, 7.71256E-03, -2.45124E-03, 4.772888E-02
1.106631E-07, 4.02406E-03, -3.61048E-03, 4.747595E-02
1.106693E-07, 3.3557E-04, -4.76972E-03, 4.722303E-02
1.106756E-07, -2.29907E-03, -5.82358E-03, 4.692795E-02
1.106818E-07, -6.51450E-03, -6.98282E-03, 4.675933E-02
1.106881E-07, -9.67606E-03, -7.61513E-03, 4.642209E-02
1.106943E-07, -1.336456E-02, -8.56360E-03, 4.621132E-02
1.107006E-07, -1.705305E-02, -8.98515E-03, 4.608486E-02
1.107068E-07, -1.968769E-02, -9.30130E-03, 4.570547E-02
1.107131E-07, -2.232233E-02, -9.51207E-03, 4.553686E-02
1.107193E-07, -2.495697E-02, -9.61746E-03, 4.528393E-02
1.107256E-07, -2.759161E-02, -9.51207E-03, 4.515747E-02
1.107318E-07, -2.917239E-02, -9.30130E-03, 4.498885E-02
1.107381E-07, -3.022625E-02, -8.98515E-03, 4.498885E-02
1.107443E-07, -3.075318E-02, -8.35283E-03, 4.482023E-02
1.107506E-07, -3.128011E-02, -7.93129E-03, 4.469377E-02
1.107568E-07, -3.075318E-02, -7.19359E-03, 4.465162E-02
1.107631E-07, -3.022625E-02, -6.35051E-03, 4.460946E-02
1.107693E-07, -2.969932E-02, -5.61281E-03, 4.460946E-02
1.107756E-07, -2.811854E-02, -4.87511E-03, 4.465162E-02
1.107818E-07, -2.548390E-02, -3.82125E-03, 4.473593E-02
1.107881E-07, -2.232233E-02, -2.97817E-03, 4.473593E-02
1.107943E-07, -2.074155E-02, -2.13508E-03, 4.490454E-02
1.108006E-07, -1.652613E-02, -1.39738E-03, 4.507316E-02
1.108068E-07, -1.547227E-02, -6.5968E-04, 4.524178E-02
1.108131E-07, -1.125685E-02, -2.737E-05, 4.536824E-02
1.108193E-07, -9.14914E-03, 3.9417E-04, 4.557901E-02
1.108256E-07, -7.04142E-03, 1.02648E-03, 4.578978E-02
1.108318E-07, -4.40678E-03, 1.34264E-03, 4.608486E-02
1.108381E-07, -2.29907E-03, 1.55341E-03, 4.633779E-02
1.108443E-07, -7.1829E-04, 1.65880E-03, 4.663287E-02
1.108506E-07, -1.9136E-04, 1.76418E-03, 4.684364E-02
1.108568E-07, 8.6249E-04, 1.55341E-03, 4.722303E-02
1.108631E-07, 8.6249E-04, 1.34264E-03, 4.747595E-02
1.108693E-07, -7.1829E-04, 9.2110E-04, 4.772888E-02
1.108756E-07, -1.77215E-03, 7.1033E-04, 4.802396E-02
1.108818E-07, -3.87986E-03, 1.8340E-04, 4.831903E-02
1.108881E-07, -5.98757E-03, -4.4891E-04, 4.848765E-02
1.108943E-07, -8.62221E-03, -9.7584E-04, 4.874058E-02
1.109006E-07, -1.231070E-02, -1.71354E-03, 4.899350E-02
1.109068E-07, -1.757998E-02, -2.34585E-03, 4.916212E-02
1.109131E-07, -2.126848E-02, -2.87278E-03, 4.928858E-02
1.109193E-07, -2.759161E-02, -3.71587E-03, 4.941504E-02
1.109256E-07, -3.180704E-02, -4.34818E-03, 4.954151E-02
1.109318E-07, -3.760324E-02, -4.98049E-03, 4.958366E-02
1.109381E-07, -4.392638E-02, -5.50742E-03, 4.958366E-02
1.109443E-07, -5.130336E-02, -6.13973E-03, 4.962582E-02
1.109506E-07, -5.604572E-02, -6.45589E-03, 4.954151E-02
1.109568E-07, -6.289578E-02, -7.08820E-03, 4.958366E-02
1.109631E-07, -6.763813E-02, -7.50975E-03, 4.941504E-02
1.109693E-07, -7.396127E-02, -7.61513E-03, 4.933074E-02
1.109756E-07, -8.028440E-02, -7.82590E-03, 4.924643E-02
1.109818E-07, -8.397289E-02, -7.82590E-03, 4.907781E-02
1.109881E-07, -8.871525E-02, -7.82590E-03, 4.886704E-02
1.109943E-07, -9.293067E-02, -7.82590E-03, 4.874058E-02
1.110006E-07, -9.661917E-02, -7.50975E-03, 4.857196E-02
1.110068E-07, -9.978073E-02, -7.61513E-03, 4.827688E-02
1.110131E-07, -1.0136151E-01, -7.08820E-03, 4.810826E-02
1.110193E-07, -1.0294230E-01, -6.66666E-03, 4.798180E-02
1.110256E-07, -1.0294230E-01, -6.24512E-03, 4.772888E-02
1.110318E-07, -1.0241537E-01, -5.71819E-03, 4.756026E-02
1.110381E-07, -1.0188844E-01, -5.40204E-03, 4.743380E-02
1.110443E-07, -1.0136151E-01, -4.87511E-03, 4.734949E-02
1.110506E-07, -9.872688E-02, -4.13741E-03, 4.722303E-02
1.110568E-07, -9.503838E-02, -3.61048E-03, 4.718087E-02
1.110631E-07, -9.134988E-02, -2.87278E-03, 4.722303E-02
1.110693E-07, -8.713446E-02, -2.45124E-03, 4.709656E-02
1.110756E-07, -8.239211E-02, -1.81893E-03, 4.722303E-02
1.110818E-07, -7.606898E-02, -1.29200E-03, 4.726518E-02
1.110881E-07, -7.027277E-02, -6.5968E-04, 4.743380E-02
1.110943E-07, -6.447656E-02, -2.3814E-04, 4.756026E-02
1.111006E-07, -5.604572E-02, 2.8879E-04, 4.768672E-02
1.111068E-07, -4.919565E-02, 4.9956E-04, 4.798180E-02
1.111131E-07, -4.129174E-02, 9.2110E-04, 4.815042E-02
1.111193E-07, -3.338782E-02, 1.34264E-03, 4.844550E-02
1.111256E-07, -2.495697E-02, 1.55341E-03, 4.878273E-02
1.111318E-07, -1.705305E-02, 1.65880E-03, 4.911997E-02
1.111381E-07, -8.62221E-03, 2.08034E-03, 4.941504E-02
1.111443E-07, -7.1829E-04, 2.08034E-03, 4.975228E-02
1.111506E-07, 6.65870E-03, 2.29111E-03, 5.013167E-02
1.111568E-07, 1.456262E-02, 2.29111E-03, 5.051105E-02
1.111631E-07, 2.141268E-02, 2.39650E-03, 5.084829E-02
1.111693E-07, 2.826274E-02, 2.18573E-03, 5.110122E-02
1.111756E-07, 3.405895E-02, 1.97495E-03, 5.156491E-02
1.111818E-07, 3.985516E-02, 1.86957E-03, 5.185999E-02
1.111881E-07, 4.512443E-02, 1.86957E-03, 5.202861E-02
1.111943E-07, 4.881293E-02, 1.55341E-03, 5.236584E-02
1.112006E-07, 5.197450E-02, 1.23726E-03, 5.266092E-02
1.112068E-07, 5.513607E-02, 1.02648E-03, 5.278739E-02
1.112131E-07, 5.671685E-02, 6.0494E-04, 5.295600E-02
1.112193E-07, 5.724378E-02, 2.8879E-04, 5.308246E-02
1.112256E-07, 5.777070E-02, -2.3814E-04, 5.329324E-02
1.112318E-07, 5.671685E-02, -7.6507E-04, 5.329324E-02
1.112381E-07, 5.460914E-02, -1.18661E-03, 5.337754E-02
1.112443E-07, 5.250143E-02, -1.60815E-03, 5.333539E-02
1.112506E-07, 4.933986E-02, -2.13508E-03, 5.329324E-02
1.112568E-07, 4.407058E-02, -2.87278E-03, 5.320892E-02
1.112631E-07, 4.038208E-02, -3.29432E-03, 5.308246E-02
1.112693E-07, 3.405895E-02, -3.92664E-03, 5.299816E-02
1.112756E-07, 2.773582E-02, -4.66434E-03, 5.282954E-02
1.112818E-07, 2.088575E-02, -5.50742E-03, 5.270308E-02
1.112881E-07, 1.403569E-02, -6.03435E-03, 5.240799E-02
1.112943E-07, 7.18563E-03, -6.87743E-03, 5.219723E-02
1.113006E-07, -1.24522E-03, -7.50975E-03, 5.190215E-02
1.113068E-07, -8.62221E-03, -8.24745E-03, 5.169138E-02
1.113131E-07, -1.599920E-02, -8.77437E-03, 5.139630E-02
1.113193E-07, -2.284926E-02, -9.30130E-03, 5.118552E-02
1.113256E-07, -2.917239E-02, -9.93362E-03, 5.084829E-02
1.113318E-07, -3.602246E-02, -1.046054E-02, 5.067967E-02
1.113381E-07, -4.287252E-02, -1.077670E-02, 5.038459E-02
1.113443E-07, -4.919565E-02, -1.130363E-02, 5.008951E-02
1.113506E-07, -5.446493E-02, -1.130363E-02, 4.987874E-02
1.113568E-07, -5.920728E-02, -1.172517E-02, 4.962582E-02
1.113631E-07, -6.236885E-02, -1.172517E-02, 4.941504E-02
1.113693E-07, -6.658427E-02, -1.172517E-02, 4.924643E-02
1.113756E-07, -6.869198E-02, -1.151440E-02, 4.911997E-02
1.113818E-07, -7.079970E-02, -1.151440E-02, 4.899350E-02
1.113881E-07, -7.185356E-02, -1.109286E-02, 4.869843E-02
1.113943E-07, -7.238048E-02, -1.088209E-02, 4.865627E-02
1.114006E-07, -7.132663E-02, -1.035516E-02, 4.852981E-02
1.114068E-07, -7.027277E-02, -9.93362E-03, 4.844550E-02
1.114131E-07, -6.816506E-02, -8.98515E-03, 4.836119E-02
1.114193E-07, -6.553042E-02, -8.24745E-03, 4.836119E-02
1.114256E-07, -6.236885E-02, -7.50975E-03, 4.827688E-02
1.114318E-07, -5.868036E-02, -6.87743E-03, 4.840335E-02
1.114381E-07, -5.446493E-02, -6.03435E-03, 4.836119E-02
1.114443E-07, -5.024951E-02, -4.98049E-03, 4.836119E-02
1.114506E-07, -4.445330E-02, -4.13741E-03, 4.836119E-02
1.114568E-07, -3.918403E-02, -3.18894E-03, 4.840335E-02
1.114631E-07, -3.444167E-02, -2.66201E-03, 4.844550E-02
1.114693E-07, -2.917239E-02, -1.81893E-03, 4.848765E-02
1.114756E-07, -2.443004E-02, -1.18661E-03, 4.844550E-02
1.114818E-07, -1.810691E-02, -5.5430E-04, 4.852981E-02
1.114881E-07, -1.178377E-02, -1.3276E-04, 4.857196E-02
1.114943E-07, -7.56835E-03, 3.9417E-04, 4.848765E-02
1.115006E-07, -2.29907E-03, 6.0494E-04, 4.852981E-02
1.115068E-07, 1.38942E-03, 8.1571E-04, 4.852981E-02
1.115131E-07, 6.13177E-03, 8.1571E-04, 4.848765E-02
1.115193E-07, 1.087412E-02, 6.0494E-04, 4.844550E-02
1.115256E-07, 1.456262E-02, 4.9956E-04, 4.840335E-02
1.115318E-07, 1.772419E-02, 7.801E-05, 4.836119E-02
1.115381E-07, 2.088575E-02, -5.5430E-04, 4.831903E-02
1.115443E-07, 2.246654E-02, -1.18661E-03, 4.823473E-02
1.115506E-07, 2.510118E-02, -1.92431E-03, 4.810826E-02
1.115568E-07, 2.668196E-02, -2.66201E-03, 4.806611E-02
1.115631E-07, 2.878967E-02, -3.61048E-03, 4.793965E-02
1.115693E-07, 2.931660E-02, -4.55895E-03, 4.789750E-02
1.115756E-07, 2.984353E-02, -5.61281E-03, 4.768672E-02
1.115818E-07, 3.089738E-02, -6.77205E-03, 4.764457E-02
1.115881E-07, 3.195124E-02, -7.72052E-03, 4.756026E-02
1.115943E-07, 3.089738E-02, -8.56360E-03, 4.747595E-02
1.116006E-07, 3.247816E-02, -9.72284E-03, 4.730733E-02
1.116068E-07, 3.089738E-02, -1.077670E-02, 4.734949E-02
1.116131E-07, 3.142431E-02, -1.161978E-02, 4.726518E-02
1.116193E-07, 2.984353E-02, -1.214671E-02, 4.722303E-02
1.116256E-07, 3.037046E-02, -1.298980E-02, 4.722303E-02
1.116318E-07, 2.878967E-02, -1.362211E-02, 4.718087E-02
1.116381E-07, 2.931660E-02, -1.404365E-02, 4.718087E-02
1.116443E-07, 2.931660E-02, -1.425442E-02, 4.726518E-02
1.116506E-07, 2.878967E-02, -1.457058E-02, 4.726518E-02
1.116568E-07, 2.826274E-02, -1.457058E-02, 4.734949E-02
1.116631E-07, 2.878967E-02, -1.457058E-02, 4.747595E-02
1.116693E-07, 2.773582E-02, -1.435981E-02, 4.756026E-02
1.116756E-07, 2.720889E-02, -1.393827E-02, 4.772888E-02
1.116818E-07, 2.773582E-02, -1.351672E-02, 4.793965E-02
1.116881E-07, 2.826274E-02, -1.288441E-02, 4.802396E-02
1.116943E-07, 2.826274E-02, -1.204133E-02, 4.823473E-02
1.117006E-07, 2.773582E-02, -1.140901E-02, 4.840335E-02
1.117068E-07, 2.931660E-02, -1.067131E-02, 4.848765E-02
1.117131E-07, 2.826274E-02, -9.72284E-03, 4.874058E-02
1.117193E-07, 2.931660E-02, -8.66899E-03, 4.890919E-02
1.117256E-07, 2.984353E-02, -7.93129E-03, 4.903566E-02
1.117318E-07, 2.984353E-02, -6.87743E-03, 4.924643E-02
1.117381E-07, 3.142431E-02, -5.92896E-03, 4.933074E-02
1.117443E-07, 3.089738E-02, -5.19126E-03, 4.949936E-02
1.117506E-07, 3.142431E-02, -4.13741E-03, 4.949936E-02
1.117568E-07, 3.195124E-02, -3.39971E-03, 4.966797E-02
1.117631E-07, 3.247816E-02, -2.55662E-03, 4.971012E-02
1.117693E-07, 3.300510E-02, -1.92431E-03, 4.975228E-02
1.117756E-07, 3.300510E-02, -1.60815E-03, 4.971012E-02
1.117818E-07, 3.195124E-02, -9.7584E-04, 4.975228E-02
1.117881E-07, 3.247816E-02, -5.5430E-04, 4.971012E-02
1.117943E-07, 3.142431E-02, -1.3276E-04, 4.958366E-02
1.118006E-07, 3.089738E-02, -1.3276E-04, 4.945720E-02
1.118068E-07, 2.984353E-02, -1.3276E-04, 4.937289E-02
1.118131E-07, 2.931660E-02, -1.3276E-04, 4.924643E-02
1.118193E-07, 2.773582E-02, -2.3814E-04, 4.907781E-02
1.118256E-07, 2.668196E-02, -5.5430E-04, 4.890919E-02
1.118318E-07, 2.457425E-02, -9.7584E-04, 4.865627E-02
1.118381E-07, 2.352039E-02, -9.7584E-04, 4.848765E-02
1.118443E-07, 2.246654E-02, -1.60815E-03, 4.827688E-02
1.118506E-07, 2.035883E-02, -2.24047E-03, 4.802396E-02
1.118568E-07, 1.930497E-02, -2.76740E-03, 4.785534E-02
1.118631E-07, 1.719726E-02, -3.29432E-03, 4.760242E-02
1.118693E-07, 1.561647E-02, -3.92664E-03, 4.747595E-02
1.118756E-07, 1.350876E-02, -4.55895E-03, 4.726518E-02
1.118818E-07, 1.192798E-02, -5.29665E-03, 4.718087E-02
1.118881E-07, 1.087412E-02, -5.92896E-03, 4.701225E-02
1.118943E-07, 8.23948E-03, -6.56128E-03, 4.688579E-02
1.119006E-07, 7.18563E-03, -7.29898E-03, 4.688579E-02
1.119068E-07, 6.13177E-03, -7.82590E-03, 4.675933E-02
1.119131E-07, 5.60485E-03, -8.56360E-03, 4.680149E-02
1.119193E-07, 5.07792E-03, -9.30130E-03, 4.684364E-02
1.119256E-07, 4.02406E-03, -9.61746E-03, 4.688579E-02
1.119318E-07, 4.02406E-03, -1.024977E-02, 4.697010E-02
1.119381E-07, 3.49713E-03, -1.098747E-02, 4.709656E-02
1.119443E-07, 4.55099E-03, -1.140901E-02, 4.722303E-02
1.119506E-07, 4.55099E-03, -1.193594E-02, 4.739164E-02
1.119568E-07, 5.60485E-03, -1.235748E-02, 4.764457E-02
1.119631E-07, 6.65870E-03, -1.288441E-02, 4.781318E-02
1.119693E-07, 6.65870E-03, -1.351672E-02, 4.806611E-02
1.119756E-07, 8.76641E-03, -1.393827E-02, 4.840335E-02
1.119818E-07, 1.034720E-02, -1.446519E-02, 4.861411E-02
1.119881E-07, 1.034720E-02, -1.488674E-02, 4.895135E-02
1.119943E-07, 1.298183E-02, -1.541366E-02, 4.924643E-02
1.120006E-07, 1.403569E-02, -1.604598E-02, 4.962582E-02
1.120068E-07, 1.508955E-02, -1.646752E-02, 4.983659E-02
1.120131E-07, 1.667033E-02, -1.688906E-02, 5.013167E-02
1.120193E-07, 1.667033E-02, -1.752138E-02, 5.046890E-02
1.120256E-07, 1.825111E-02, -1.825907E-02, 5.067967E-02
1.120318E-07, 1.772419E-02, -1.889139E-02, 5.105906E-02
1.120381E-07, 1.772419E-02, -1.952370E-02, 5.122768E-02
1.120443E-07, 1.772419E-02, -1.994525E-02, 5.139630E-02
1.120506E-07, 1.825111E-02, -2.057756E-02, 5.160706E-02
1.120568E-07, 1.456262E-02, -2.152603E-02, 5.177568E-02
1.120631E-07, 1.403569E-02, -2.205296E-02, 5.185999E-02
1.120693E-07, 1.087412E-02, -2.268527E-02, 5.198645E-02
1.120756E-07, 8.76641E-03, -2.331758E-02, 5.211292E-02
1.120818E-07, 6.13177E-03, -2.405528E-02, 5.211292E-02
1.120881E-07, 2.44328E-03, -2.468760E-02, 5.207076E-02
1.120943E-07, -7.1829E-04, -2.521452E-02, 5.215507E-02
1.121006E-07, -5.46064E-03, -2.595222E-02, 5.207076E-02
1.121068E-07, -9.14914E-03, -2.637376E-02, 5.194430E-02
1.121131E-07, -1.336456E-02, -2.668992E-02, 5.185999E-02
1.121193E-07, -1.705305E-02, -2.721685E-02, 5.173353E-02
1.121256E-07, -2.126848E-02, -2.732223E-02, 5.148060E-02
1.121318E-07, -2.495697E-02, -2.763839E-02, 5.131198E-02
1.121381E-07, -2.969932E-02, -2.774378E-02, 5.114337E-02
1.121443E-07, -3.233396E-02, -2.805993E-02, 5.089045E-02
1.121506E-07, -3.549553E-02, -2.795455E-02, 5.059537E-02
1.121568E-07, -3.865710E-02, -2.763839E-02, 5.038459E-02
1.121631E-07, -4.076481E-02, -2.753301E-02, 5.008951E-02
1.121693E-07, -4.181866E-02, -2.732223E-02, 4.979444E-02
1.121756E-07, -4.287252E-02, -2.690069E-02, 4.954151E-02
1.121818E-07, -4.392638E-02, -2.647915E-02, 4.924643E-02
1.121881E-07, -4.129174E-02, -2.563607E-02, 4.895135E-02
1.121943E-07, -4.129174E-02, -2.500375E-02, 4.874058E-02
1.122006E-07, -3.971095E-02, -2.447682E-02, 4.831903E-02
1.122068E-07, -3.707631E-02, -2.331758E-02, 4.810826E-02
1.122131E-07, -3.496860E-02, -2.247450E-02, 4.781318E-02
1.122193E-07, -3.075318E-02, -2.142064E-02, 4.751810E-02
1.122256E-07, -2.653776E-02, -2.015601E-02, 4.730733E-02
1.122318E-07, -2.232233E-02, -1.899678E-02, 4.705441E-02
1.122381E-07, -1.810691E-02, -1.804830E-02, 4.684364E-02
1.122443E-07, -1.389149E-02, -1.667829E-02, 4.663287E-02
1.122506E-07, -9.14914E-03, -1.541366E-02, 4.646425E-02
1.122568E-07, -4.93371E-03, -1.414904E-02, 4.629563E-02
1.122631E-07, -7.1829E-04, -1.277903E-02, 4.616917E-02
1.122693E-07, 2.97021E-03, -1.172517E-02, 4.608486E-02
1.122756E-07, 6.65870E-03, -1.035516E-02, 4.604271E-02
1.122818E-07, 8.76641E-03, -9.19592E-03, 4.595840E-02
1.122881E-07, 1.192798E-02, -7.93129E-03, 4.583194E-02
1.122943E-07, 1.298183E-02, -6.87743E-03, 4.583194E-02
1.123006E-07, 1.403569E-02, -5.92896E-03, 4.583194E-02
1.123068E-07, 1.403569E-02, -5.08588E-03, 4.587409E-02
1.123131E-07, 1.456262E-02, -4.13741E-03, 4.583194E-02
1.123193E-07, 1.245491E-02, -3.18894E-03, 4.587409E-02
1.123256E-07, 1.034720E-02, -2.55662E-03, 4.595840E-02
1.123318E-07, 6.65870E-03, -2.02970E-03, 4.604271E-02
1.123381E-07, 3.49713E-03, -1.39738E-03, 4.608486E-02
1.123443E-07, -1.9136E-04, -8.7046E-04, 4.621132E-02
1.123506E-07, -3.87986E-03, -6.5968E-04, 4.612702E-02
1.123568E-07, -1.020299E-02, -5.5430E-04, 4.625348E-02
1.123631E-07, -1.494534E-02, -1.3276E-04, 4.642209E-02
1.123693E-07, -1.968769E-02, -3.4353E-04, 4.646425E-02
1.123756E-07, -2.548390E-02, -2.737E-05, 4.650640E-02
1.123818E-07, -3.128011E-02, -1.3276E-04, 4.659071E-02
1.123881E-07, -3.496860E-02, -2.737E-05, 4.667502E-02
1.123943E-07, -3.971095E-02, -3.4353E-04, 4.663287E-02
1.124006E-07, -4.445330E-02, -4.4891E-04, 4.667502E-02
1.124068E-07, -4.814180E-02, -6.5968E-04, 4.667502E-02
1.124131E-07, -5.130336E-02, -9.7584E-04, 4.671717E-02
1.124193E-07, -5.393801E-02, -1.29200E-03, 4.667502E-02
1.124256E-07, -5.551879E-02, -1.50277E-03, 4.663287E-02
1.124318E-07, -5.709957E-02, -1.60815E-03, 4.663287E-02
1.124381E-07, -5.815343E-02, -1.71354E-03, 4.671717E-02
1.124443E-07, -5.762650E-02, -2.13508E-03, 4.654856E-02
1.124506E-07, -5.709957E-02, -2.34585E-03, 4.650640E-02
1.124568E-07, -5.551879E-02, -2.24047E-03, 4.646425E-02
1.124631E-07, -5.341108E-02, -2.45124E-03, 4.642209E-02
1.124693E-07, -5.183030E-02, -2.76740E-03, 4.642209E-02
1.124756E-07, -4.814180E-02, -2.66201E-03, 4.637994E-02
1.124818E-07, -4.603409E-02, -2.87278E-03, 4.637994E-02
1.124881E-07, -4.181866E-02, -2.87278E-03, 4.629563E-02
1.124943E-07, -3.971095E-02, -2.97817E-03, 4.633779E-02
1.125006E-07, -3.654939E-02, -3.08355E-03, 4.633779E-02
1.125068E-07, -3.391474E-02, -3.08355E-03, 4.642209E-02
1.125131E-07, -3.075318E-02, -3.08355E-03, 4.642209E-02
1.125193E-07, -2.811854E-02, -3.18894E-03, 4.654856E-02
1.125256E-07, -2.495697E-02, -3.18894E-03, 4.654856E-02
1.125318E-07, -2.443004E-02, -3.50509E-03, 4.675933E-02
1.125381E-07, -2.337619E-02, -3.61048E-03, 4.684364E-02
1.125443E-07, -2.232233E-02, -3.92664E-03, 4.705441E-02
1.125506E-07, -2.179541E-02, -4.03202E-03, 4.718087E-02
1.125568E-07, -2.126848E-02, -4.24279E-03, 4.747595E-02
1.125631E-07, -2.179541E-02, -4.55895E-03, 4.764457E-02
1.125693E-07, -2.284926E-02, -4.87511E-03, 4.793965E-02
1.125756E-07, -2.390312E-02, -5.19126E-03, 4.827688E-02
1.125818E-07, -2.495697E-02, -5.71819E-03, 4.848765E-02
1.125881E-07, -2.601083E-02, -6.13973E-03, 4.882489E-02
1.125943E-07, -2.864547E-02, -6.66666E-03, 4.911997E-02
1.126006E-07, -2.969932E-02, -7.19359E-03, 4.941504E-02
1.126068E-07, -2.969932E-02, -7.61513E-03, 4.966797E-02
1.126131E-07, -3.075318E-02, -8.03667E-03, 4.996305E-02
1.126193E-07, -3.128011E-02, -8.56360E-03, 5.021597E-02
1.126256E-07, -3.128011E-02, -8.98515E-03, 5.051105E-02
1.126318E-07, -3.128011E-02, -9.51207E-03, 5.080613E-02
1.126381E-07, -3.075318E-02, -9.82823E-03, 5.097475E-02
1.126443E-07, -2.917239E-02, -1.024977E-02, 5.118552E-02
1.126506E-07, -2.653776E-02, -1.046054E-02, 5.131198E-02
1.126568E-07, -2.443004E-02, -1.067131E-02, 5.152276E-02
1.126631E-07, -2.074155E-02, -1.056593E-02, 5.164922E-02
1.126693E-07, -1.705305E-02, -1.067131E-02, 5.169138E-02
1.126756E-07, -1.178377E-02, -1.067131E-02, 5.177568E-02
1.126818E-07, -7.56835E-03, -1.046054E-02, 5.185999E-02
1.126881E-07, -1.24522E-03, -1.014439E-02, 5.181784E-02
1.126943E-07, 3.49713E-03, -9.93362E-03, 5.185999E-02
1.127006E-07, 9.29334E-03, -9.19592E-03, 5.173353E-02
1.127068E-07, 1.561647E-02, -8.66899E-03, 5.169138E-02
1.127131E-07, 2.141268E-02, -8.14206E-03, 5.156491E-02
1.127193E-07, 2.668196E-02, -7.08820E-03, 5.143845E-02
1.127256E-07, 3.089738E-02, -6.35051E-03, 5.135414E-02
1.127318E-07, 3.669359E-02, -5.61281E-03, 5.122768E-02
1.127381E-07, 4.038208E-02, -4.45356E-03, 5.105906E-02
1.127443E-07, 4.407058E-02, -3.61048E-03, 5.089045E-02
1.127506E-07, 4.670522E-02, -2.76740E-03, 5.076398E-02
1.127568E-07, 4.775907E-02, -1.50277E-03, 5.059537E-02
1.127631E-07, 4.828600E-02, -5.5430E-04, 5.038459E-02
1.127693E-07, 4.881293E-02, 3.9417E-04, 5.025813E-02
1.127756E-07, 4.670522E-02, 1.23726E-03, 5.013167E-02
1.127818E-07, 4.565137E-02, 2.08034E-03, 4.996305E-02
1.127881E-07, 4.301672E-02, 2.71265E-03, 4.979444E-02
1.127943E-07, 3.827437E-02, 3.23958E-03, 4.975228E-02
1.128006E-07, 3.458588E-02, 3.87190E-03, 4.962582E-02
1.128068E-07, 2.931660E-02, 4.39882E-03, 4.945720E-02
1.128131E-07, 2.352039E-02, 4.39882E-03, 4.937289E-02
1.128193E-07, 1.667033E-02, 4.60959E-03, 4.933074E-02
1.128256E-07, 1.087412E-02, 4.50421E-03, 4.920428E-02
1.128318E-07, 4.02406E-03, 4.29344E-03, 4.916212E-02
1.128381E-07, -2.82600E-03, 3.97728E-03, 4.903566E-02
1.128443E-07, -9.14914E-03, 3.55574E-03, 4.903566E-02
1.128506E-07, -1.494534E-02, 2.81804E-03, 4.882489E-02
1.128568E-07, -2.126848E-02, 1.97495E-03, 4.878273E-02
1.128631E-07, -2.548390E-02, 1.02648E-03, 4.865627E-02
1.128693E-07, -3.128011E-02, 7.801E-05, 4.861411E-02
1.128756E-07, -3.444167E-02, -1.18661E-03, 4.844550E-02
1.128818E-07, -3.865710E-02, -2.34585E-03, 4.840335E-02
1.128881E-07, -3.971095E-02, -3.82125E-03, 4.823473E-02
1.128943E-07, -4.234559E-02, -5.19126E-03, 4.810826E-02
1.129006E-07, -4.234559E-02, -6.66666E-03, 4.802396E-02
1.129068E-07, -4.181866E-02, -8.14206E-03, 4.785534E-02
1.129131E-07, -4.234559E-02, -9.72284E-03, 4.772888E-02
1.129193E-07, -3.918403E-02, -1.140901E-02, 4.756026E-02
1.129256E-07, -3.813017E-02, -1.267364E-02, 4.734949E-02
1.129318E-07, -3.286089E-02, -1.435981E-02, 4.722303E-02
1.129381E-07, -3.075318E-02, -1.594059E-02, 4.705441E-02
1.129443E-07, -2.706468E-02, -1.720522E-02, 4.701225E-02
1.129506E-07, -2.179541E-02, -1.846985E-02, 4.684364E-02
1.129568E-07, -1.757998E-02, -1.962909E-02, 4.671717E-02
1.129631E-07, -1.336456E-02, -2.099910E-02, 4.667502E-02
1.129693E-07, -9.14914E-03, -2.184219E-02, 4.654856E-02
1.129756E-07, -5.46064E-03, -2.289604E-02, 4.650640E-02
1.129818E-07, -2.82600E-03, -2.352835E-02, 4.654856E-02
1.129881E-07, 8.6249E-04, -2.416067E-02, 4.659071E-02
1.129943E-07, 3.49713E-03, -2.500375E-02, 4.667502E-02
1.130006E-07, 5.60485E-03, -2.531991E-02, 4.671717E-02
1.130068E-07, 7.71256E-03, -2.574145E-02, 4.684364E-02
1.130131E-07, 9.29334E-03, -2.595222E-02, 4.697010E-02
1.130193E-07, 8.23948E-03, -2.605761E-02, 4.718087E-02
1.130256E-07, 8.76641E-03, -2.626838E-02, 4.739164E-02
1.130318E-07, 7.18563E-03, -2.584684E-02, 4.760242E-02
1.130381E-07, 5.07792E-03, -2.595222E-02, 4.798180E-02
1.130443E-07, 3.49713E-03, -2.595222E-02, 4.815042E-02
1.130506E-07, 1.38942E-03, -2.563607E-02, 4.844550E-02
1.130568E-07, -1.24522E-03, -2.531991E-02, 4.874058E-02
1.130631E-07, -3.87986E-03, -2.500375E-02, 4.907781E-02
1.130693E-07, -7.04142E-03, -2.468760E-02, 4.937289E-02
1.130756E-07, -9.67606E-03, -2.437144E-02, 4.958366E-02
1.130818E-07, -1.283763E-02, -2.384451E-02, 4.987874E-02
1.130881E-07, -1.389149E-02, -2.342297E-02, 5.004736E-02
1.130943E-07, -1.705305E-02, -2.321220E-02, 5.030029E-02
1.131006E-07, -1.916077E-02, -2.289604E-02, 5.042675E-02
1.131068E-07, -2.021462E-02, -2.215834E-02, 5.042675E-02
1.131131E-07, -2.074155E-02, -2.184219E-02, 5.046890E-02
1.131193E-07, -2.179541E-02, -2.152603E-02, 5.038459E-02
1.131256E-07, -2.126848E-02, -2.110448E-02, 5.030029E-02
1.131318E-07, -2.021462E-02, -2.089372E-02, 5.008951E-02
1.131381E-07, -1.810691E-02, -2.047217E-02, 4.987874E-02
1.131443E-07, -1.599920E-02, -2.036679E-02, 4.954151E-02
1.131506E-07, -1.336456E-02, -2.005063E-02, 4.911997E-02
1.131568E-07, -1.072992E-02, -1.962909E-02, 4.865627E-02
1.131631E-07, -7.56835E-03, -1.941832E-02, 4.815042E-02
1.131693E-07, -2.82600E-03, -1.920754E-02, 4.756026E-02
1.131756E-07, 8.6249E-04, -1.899678E-02, 4.692795E-02
1.131818E-07, 6.13177E-03, -1.868062E-02, 4.625348E-02
1.131881E-07, 1.034720E-02, -1.846985E-02, 4.549470E-02
1.131943E-07, 1.456262E-02, -1.815369E-02, 4.477808E-02
1.132006E-07, 1.983190E-02, -1.794292E-02, 4.401930E-02
1.132068E-07, 2.246654E-02, -1.762676E-02, 4.326053E-02
1.132131E-07, 2.720889E-02, -1.720522E-02, 4.250175E-02
1.132193E-07, 2.931660E-02, -1.720522E-02, 4.165867E-02
1.132256E-07, 3.300510E-02, -1.688906E-02, 4.098420E-02
1.132318E-07, 3.511281E-02, -1.636213E-02, 4.035189E-02
1.132381E-07, 3.722052E-02, -1.604598E-02, 3.971957E-02
1.132443E-07, 3.880130E-02, -1.562444E-02, 3.912941E-02
1.132506E-07, 3.932823E-02, -1.530828E-02, 3.866572E-02
1.132568E-07, 3.932823E-02, -1.467597E-02, 3.824418E-02
1.132631E-07, 3.985516E-02, -1.414904E-02, 3.790694E-02
1.132693E-07, 3.827437E-02, -1.372750E-02, 3.765402E-02
1.132756E-07, 3.774745E-02, -1.298980E-02, 3.752755E-02
1.132818E-07, 3.563973E-02, -1.246287E-02, 3.744325E-02
1.132881E-07, 3.458588E-02, -1.183056E-02, 3.748540E-02
1.132943E-07, 3.142431E-02, -1.130363E-02, 3.756971E-02
1.133006E-07, 2.931660E-02, -1.067131E-02, 3.782263E-02
1.133068E-07, 2.773582E-02, -9.82823E-03, 3.807556E-02
1.133131E-07, 2.510118E-02, -8.98515E-03, 3.845495E-02
1.133193E-07, 2.141268E-02, -8.45822E-03, 3.891864E-02
1.133256E-07, 1.930497E-02, -7.50975E-03, 3.942449E-02
1.133318E-07, 1.614340E-02, -6.66666E-03, 4.001465E-02
1.133381E-07, 1.350876E-02, -6.13973E-03, 4.060481E-02
1.133443E-07, 1.192798E-02, -5.40204E-03, 4.127928E-02
1.133506E-07, 1.034720E-02, -4.45356E-03, 4.199590E-02
1.133568E-07, 8.23948E-03, -3.92664E-03, 4.258606E-02
1.133631E-07, 7.18563E-03, -3.18894E-03, 4.326053E-02
1.133693E-07, 6.65870E-03, -2.55662E-03, 4.397715E-02
1.133756E-07, 5.60485E-03, -2.02970E-03, 4.465162E-02
1.133818E-07, 3.49713E-03, -1.39738E-03, 4.528393E-02
1.133881E-07, 4.55099E-03, -6.5968E-04, 4.587409E-02
1.133943E-07, 4.02406E-03, -4.4891E-04, 4.637994E-02
1.134006E-07, 3.49713E-03, 1.8340E-04, 4.684364E-02
1.134068E-07, 4.02406E-03, 2.8879E-04, 4.734949E-02
1.134131E-07, 4.55099E-03, 6.0494E-04, 4.772888E-02
1.134193E-07, 5.07792E-03, 8.1571E-04, 4.802396E-02
1.134256E-07, 5.60485E-03, 8.1571E-04, 4.819257E-02
1.134318E-07, 4.02406E-03, 8.1571E-04, 4.844550E-02
1.134381E-07, 4.02406E-03, 7.1033E-04, 4.857196E-02
1.134443E-07, 4.55099E-03, 4.9956E-04, 4.874058E-02
1.134506E-07, 4.55099E-03, 4.9956E-04, 4.861411E-02
1.134568E-07, 4.02406E-03, 1.8340E-04, 4.865627E-02
1.134631E-07, 2.44328E-03, -2.3814E-04, 4.852981E-02
1.134693E-07, 1.38942E-03, -9.7584E-04, 4.844550E-02
1.134756E-07, 1.38942E-03, -1.50277E-03, 4.831903E-02
1.134818E-07, -1.9136E-04, -2.13508E-03, 4.815042E-02
1.134881E-07, -1.9136E-04, -2.87278E-03, 4.789750E-02
1.134943E-07, -2.29907E-03, -3.39971E-03, 4.777103E-02
1.135006E-07, -2.82600E-03, -4.24279E-03, 4.751810E-02
1.135068E-07, -3.87986E-03, -5.29665E-03, 4.730733E-02
1.135131E-07, -5.46064E-03, -6.03435E-03, 4.713872E-02
1.135193E-07, -6.51450E-03, -6.87743E-03, 4.701225E-02
1.135256E-07, -7.56835E-03, -7.72052E-03, 4.680149E-02
1.135318E-07, -7.56835E-03, -8.87976E-03, 4.667502E-02
1.135381E-07, -8.62221E-03, -9.51207E-03, 4.654856E-02
1.135443E-07, -9.14914E-03, -1.024977E-02, 4.637994E-02
1.135506E-07, -8.62221E-03, -1.140901E-02, 4.629563E-02
1.135568E-07, -9.14914E-03, -1.225210E-02, 4.629563E-02
1.135631E-07, -7.56835E-03, -1.298980E-02, 4.621132E-02
1.135693E-07, -8.09528E-03, -1.362211E-02, 4.621132E-02
1.135756E-07, -7.04142E-03, -1.446519E-02, 4.621132E-02
1.135818E-07, -6.51450E-03, -1.520289E-02, 4.621132E-02
1.135881E-07, -3.87986E-03, -1.551905E-02, 4.616917E-02
1.135943E-07, -3.35293E-03, -1.625675E-02, 4.625348E-02
1.136006E-07, -2.29907E-03, -1.646752E-02, 4.621132E-02
1.136068E-07, -7.1829E-04, -1.667829E-02, 4.625348E-02
1.136131E-07, 1.38942E-03, -1.667829E-02, 4.621132E-02
1.136193E-07, 3.49713E-03, -1.678368E-02, 4.625348E-02
1.136256E-07, 4.55099E-03, -1.657291E-02, 4.616917E-02
1.136318E-07, 5.07792E-03, -1.636213E-02, 4.625348E-02
1.136381E-07, 6.13177E-03, -1.615136E-02, 4.616917E-02
1.136443E-07, 6.65870E-03, -1.562444E-02, 4.616917E-02
1.136506E-07, 7.18563E-03, -1.509751E-02, 4.608486E-02
1.136568E-07, 7.18563E-03, -1.446519E-02, 4.608486E-02
1.136631E-07, 6.65870E-03, -1.351672E-02, 4.595840E-02
1.136693E-07, 4.55099E-03, -1.277903E-02, 4.591624E-02
1.136756E-07, 3.49713E-03, -1.172517E-02, 4.578978E-02
1.136818E-07, 1.38942E-03, -1.067131E-02, 4.574763E-02
1.136881E-07, -1.9136E-04, -9.40669E-03, 4.566332E-02
1.136943E-07, -4.40678E-03, -8.24745E-03, 4.557901E-02
1.137006E-07, -7.56835E-03, -6.98282E-03, 4.549470E-02
1.137068E-07, -1.020299E-02, -5.61281E-03, 4.549470E-02
1.137131E-07, -1.389149E-02, -4.24279E-03, 4.536824E-02
1.137193E-07, -1.863384E-02, -2.97817E-03, 4.532609E-02
1.137256E-07, -2.232233E-02, -1.39738E-03, 4.532609E-02
1.137318E-07, -2.653776E-02, -1.3276E-04, 4.528393E-02
1.137381E-07, -3.075318E-02, 1.02648E-03, 4.541039E-02
1.137443E-07, -3.391474E-02, 2.50188E-03, 4.541039E-02
1.137506E-07, -3.707631E-02, 3.66112E-03, 4.549470E-02
1.137568E-07, -4.076481E-02, 4.82037E-03, 4.566332E-02
1.137631E-07, -4.287252E-02, 5.76884E-03, 4.574763E-02
1.137693E-07, -4.445330E-02, 6.71731E-03, 4.587409E-02
1.137756E-07, -4.603409E-02, 7.66578E-03, 4.604271E-02
1.137818E-07, -4.814180E-02, 8.29809E-03, 4.621132E-02
1.137881E-07, -4.814180E-02, 8.82502E-03, 4.637994E-02
1.137943E-07, -4.814180E-02, 9.14117E-03, 4.659071E-02
1.138006E-07, -4.603409E-02, 9.56272E-03, 4.675933E-02
1.138068E-07, -4.445330E-02, 9.66810E-03, 4.701225E-02
1.138131E-07, -4.234559E-02, 9.66810E-03, 4.722303E-02
1.138193E-07, -3.971095E-02, 9.45733E-03, 4.739164E-02
1.138256E-07, -3.549553E-02, 9.14117E-03, 4.760242E-02
1.138318E-07, -3.286089E-02, 8.50886E-03, 4.781318E-02
1.138381E-07, -2.864547E-02, 8.08732E-03, 4.793965E-02
1.138443E-07, -2.390312E-02, 7.34962E-03, 4.802396E-02
1.138506E-07, -2.021462E-02, 6.61192E-03, 4.815042E-02
1.138568E-07, -1.547227E-02, 5.55806E-03, 4.827688E-02
1.138631E-07, -1.072992E-02, 4.60959E-03, 4.827688E-02
1.138693E-07, -6.51450E-03, 3.55574E-03, 4.840335E-02
1.138756E-07, -2.82600E-03, 2.50188E-03, 4.840335E-02
1.138818E-07, 1.38942E-03, 1.23726E-03, 4.840335E-02
1.138881E-07, 5.07792E-03, 2.8879E-04, 4.831903E-02
1.138943E-07, 7.71256E-03, -1.08123E-03, 4.823473E-02
1.139006E-07, 1.087412E-02, -2.13508E-03, 4.810826E-02
1.139068E-07, 1.298183E-02, -3.39971E-03, 4.798180E-02
1.139131E-07, 1.403569E-02, -4.45356E-03, 4.785534E-02
1.139193E-07, 1.456262E-02, -5.40204E-03, 4.777103E-02
1.139256E-07, 1.561647E-02, -6.35051E-03, 4.760242E-02
1.139318E-07, 1.508955E-02, -7.29898E-03, 4.743380E-02
1.139381E-07, 1.456262E-02, -8.03667E-03, 4.730733E-02
1.139443E-07, 1.350876E-02, -8.98515E-03, 4.713872E-02
1.139506E-07, 1.140105E-02, -9.19592E-03, 4.701225E-02
1.139568E-07, 9.82027E-03, -1.003900E-02, 4.684364E-02
1.139631E-07, 8.23948E-03, -1.046054E-02, 4.667502E-02
1.139693E-07, 5.07792E-03, -1.067131E-02, 4.659071E-02
1.139756E-07, 4.02406E-03, -1.109286E-02, 4.646425E-02
1.139818E-07, 1.91635E-03, -1.119824E-02, 4.637994E-02
1.139881E-07, -1.77215E-03, -1.109286E-02, 4.621132E-02
1.139943E-07, -4.40678E-03, -1.119824E-02, 4.616917E-02
1.140006E-07, -5.98757E-03, -1.098747E-02, 4.608486E-02
1.140068E-07, -7.56835E-03, -1.088209E-02, 4.608486E-02
1.140131E-07, -8.62221E-03, -1.046054E-02, 4.600056E-02
1.140193E-07, -1.020299E-02, -1.035516E-02, 4.600056E-02
1.140256E-07, -1.072992E-02, -1.003900E-02, 4.595840E-02
1.140318E-07, -1.072992E-02, -9.61746E-03, 4.604271E-02
1.140381E-07, -9.14914E-03, -9.40669E-03, 4.608486E-02
1.140443E-07, -9.14914E-03, -9.19592E-03, 4.600056E-02
1.140506E-07, -7.04142E-03, -8.77437E-03, 4.595840E-02
1.140568E-07, -5.46064E-03, -8.35283E-03, 4.612702E-02
1.140631E-07, -3.35293E-03, -8.03667E-03, 4.608486E-02
1.140693E-07, -1.24522E-03, -7.72052E-03, 4.612702E-02
1.140756E-07, 1.38942E-03, -7.40436E-03, 4.621132E-02
1.140818E-07, 5.07792E-03, -7.29898E-03, 4.621132E-02
1.140881E-07, 8.76641E-03, -6.98282E-03, 4.616917E-02
1.140943E-07, 1.245491E-02, -6.66666E-03, 4.621132E-02
1.141006E-07, 1.456262E-02, -6.66666E-03, 4.625348E-02
1.141068E-07, 1.825111E-02, -6.13973E-03, 4.625348E-02
1.141131E-07, 2.193961E-02, -6.03435E-03, 4.625348E-02
1.141193E-07, 2.510118E-02, -6.03435E-03, 4.629563E-02
1.141256E-07, 2.826274E-02, -5.71819E-03, 4.625348E-02
1.141318E-07, 2.984353E-02, -5.50742E-03, 4.633779E-02
1.141381E-07, 3.195124E-02, -5.40204E-03, 4.629563E-02
1.141443E-07, 3.353202E-02, -5.19126E-03, 4.637994E-02
1.141506E-07, 3.405895E-02, -4.98049E-03, 4.637994E-02
1.141568E-07, 3.511281E-02, -4.87511E-03, 4.646425E-02
1.141631E-07, 3.458588E-02, -4.66434E-03, 4.650640E-02
1.141693E-07, 3.458588E-02, -4.45356E-03, 4.650640E-02
1.141756E-07, 3.405895E-02, -4.13741E-03, 4.671717E-02
1.141818E-07, 3.195124E-02, -4.03202E-03, 4.680149E-02
1.141881E-07, 3.037046E-02, -3.61048E-03, 4.684364E-02
1.141943E-07, 2.773582E-02, -3.50509E-03, 4.705441E-02
1.142006E-07, 2.562810E-02, -3.29432E-03, 4.713872E-02
1.142068E-07, 2.299346E-02, -3.08355E-03, 4.730733E-02
1.142131E-07, 1.983190E-02, -2.87278E-03, 4.743380E-02
1.142193E-07, 1.614340E-02, -2.97817E-03, 4.756026E-02
1.142256E-07, 1.350876E-02, -2.55662E-03, 4.772888E-02
1.142318E-07, 9.82027E-03, -2.55662E-03, 4.789750E-02
1.142381E-07, 7.18563E-03, -2.45124E-03, 4.806611E-02
1.142443E-07, 3.49713E-03, -2.66201E-03, 4.815042E-02
1.142506E-07, 1.38942E-03, -2.55662E-03, 4.831903E-02
1.142568E-07, -1.77215E-03, -3.08355E-03, 4.840335E-02
1.142631E-07, -4.40678E-03, -3.18894E-03, 4.852981E-02
1.142693E-07, -5.98757E-03, -3.50509E-03, 4.865627E-02
1.142756E-07, -8.62221E-03, -3.82125E-03, 4.869843E-02
1.142818E-07, -9.67606E-03, -4.24279E-03, 4.874058E-02
1.142881E-07, -1.072992E-02, -4.66434E-03, 4.882489E-02
1.142943E-07, -1.231070E-02, -5.08588E-03, 4.874058E-02
1.143006E-07, -1.231070E-02, -5.92896E-03, 4.878273E-02
1.143068E-07, -1.336456E-02, -6.56128E-03, 4.869843E-02
1.143131E-07, -1.336456E-02, -7.08820E-03, 4.861411E-02
1.143193E-07, -1.389149E-02, -7.61513E-03, 4.852981E-02
1.143256E-07, -1.336456E-02, -8.35283E-03, 4.831903E-02
1.143318E-07, -1.441841E-02, -8.98515E-03, 4.819257E-02
1.143381E-07, -1.336456E-02, -9.72284E-03, 4.806611E-02
1.143443E-07, -1.389149E-02, -1.014439E-02, 4.785534E-02
1.143506E-07, -1.389149E-02, -1.056593E-02, 4.760242E-02
1.143568E-07, -1.389149E-02, -1.109286E-02, 4.734949E-02
1.143631E-07, -1.441841E-02, -1.130363E-02, 4.718087E-02
1.143693E-07, -1.494534E-02, -1.161978E-02, 4.692795E-02
1.143756E-07, -1.547227E-02, -1.172517E-02, 4.667502E-02
1.143818E-07, -1.705305E-02, -1.193594E-02, 4.646425E-02
1.143881E-07, -1.757998E-02, -1.183056E-02, 4.621132E-02
1.143943E-07, -1.968769E-02, -1.161978E-02, 4.600056E-02
1.144006E-07, -2.126848E-02, -1.140901E-02, 4.578978E-02
1.144068E-07, -2.284926E-02, -1.088209E-02, 4.562116E-02
1.144131E-07, -2.443004E-02, -1.056593E-02, 4.545255E-02
1.144193E-07, -2.706468E-02, -1.024977E-02, 4.528393E-02
1.144256E-07, -2.969932E-02, -9.40669E-03, 4.515747E-02
1.144318E-07, -3.233396E-02, -8.87976E-03, 4.507316E-02
1.144381E-07, -3.496860E-02, -8.35283E-03, 4.498885E-02
1.144443E-07, -3.602246E-02, -7.61513E-03, 4.490454E-02
1.144506E-07, -3.865710E-02, -6.77205E-03, 4.486239E-02
1.144568E-07, -4.023788E-02, -6.13973E-03, 4.486239E-02
1.144631E-07, -4.234559E-02, -5.40204E-03, 4.490454E-02
1.144693E-07, -4.339945E-02, -4.76972E-03, 4.490454E-02
1.144756E-07, -4.550716E-02, -4.34818E-03, 4.494670E-02
1.144818E-07, -4.656101E-02, -3.82125E-03, 4.498885E-02
1.144881E-07, -4.603409E-02, -3.50509E-03, 4.498885E-02
1.144943E-07, -4.761487E-02, -3.29432E-03, 4.511531E-02
1.145006E-07, -4.603409E-02, -2.97817E-03, 4.515747E-02
1.145068E-07, -4.550716E-02, -2.87278E-03, 4.524178E-02
1.145131E-07, -4.339945E-02, -3.08355E-03, 4.532609E-02
1.145193E-07, -4.181866E-02, -3.18894E-03, 4.545255E-02
1.145256E-07, -3.918403E-02, -3.29432E-03, 4.553686E-02
1.145318E-07, -3.654939E-02, -3.71587E-03, 4.557901E-02
1.145381E-07, -3.444167E-02, -4.24279E-03, 4.570547E-02
1.145443E-07, -2.969932E-02, -4.76972E-03, 4.570547E-02
1.145506E-07, -2.601083E-02, -5.40204E-03, 4.574763E-02
1.145568E-07, -2.337619E-02, -6.03435E-03, 4.583194E-02
1.145631E-07, -1.757998E-02, -6.66666E-03, 4.574763E-02
1.145693E-07, -1.389149E-02, -7.40436E-03, 4.578978E-02
1.145756E-07, -1.020299E-02, -8.03667E-03, 4.583194E-02
1.145818E-07, -5.46064E-03, -8.56360E-03, 4.578978E-02
1.145881E-07, -1.9136E-04, -8.98515E-03, 4.566332E-02
1.145943E-07, 3.49713E-03, -9.61746E-03, 4.562116E-02
1.146006E-07, 7.71256E-03, -1.003900E-02, 4.557901E-02
1.146068E-07, 1.192798E-02, -1.024977E-02, 4.545255E-02
1.146131E-07, 1.614340E-02, -1.024977E-02, 4.532609E-02
1.146193E-07, 1.930497E-02, -1.046054E-02, 4.532609E-02
1.146256E-07, 2.141268E-02, -1.003900E-02, 4.524178E-02
1.146318E-07, 2.510118E-02, -9.93362E-03, 4.515747E-02
1.146381E-07, 2.773582E-02, -9.51207E-03, 4.507316E-02
1.146443E-07, 2.931660E-02, -8.77437E-03, 4.498885E-02
1.146506E-07, 3.142431E-02, -8.03667E-03, 4.494670E-02
1.146568E-07, 3.300510E-02, -7.29898E-03, 4.490454E-02
1.146631E-07, 3.405895E-02, -6.24512E-03, 4.482023E-02
1.146693E-07, 3.458588E-02, -5.19126E-03, 4.477808E-02
1.146756E-07, 3.616666E-02, -4.13741E-03, 4.477808E-02
1.146818E-07, 3.511281E-02, -3.18894E-03, 4.477808E-02
1.146881E-07, 3.511281E-02, -1.81893E-03, 4.482023E-02
1.146943E-07, 3.405895E-02, -9.7584E-04, 4.490454E-02
1.147006E-07, 3.405895E-02, -2.737E-05, 4.494670E-02
1.147068E-07, 3.247816E-02, 7.1033E-04, 4.503101E-02
1.147131E-07, 3.195124E-02, 1.76418E-03, 4.507316E-02
1.147193E-07, 2.878967E-02, 2.50188E-03, 4.524178E-02
1.147256E-07, 2.720889E-02, 3.13420E-03, 4.536824E-02
1.147318E-07, 2.510118E-02, 3.23958E-03, 4.549470E-02
1.147381E-07, 2.299346E-02, 3.55574E-03, 4.562116E-02
1.147443E-07, 1.930497E-02, 3.55574E-03, 4.591624E-02
1.147506E-07, 1.719726E-02, 3.34497E-03, 4.604271E-02
1.147568E-07, 1.350876E-02, 2.81804E-03, 4.616917E-02
1.147631E-07, 1.087412E-02, 2.18573E-03, 4.642209E-02
1.147693E-07, 7.18563E-03, 1.23726E-03, 4.659071E-02
1.147756E-07, 4.02406E-03, 1.8340E-04, 4.684364E-02
1.147818E-07, -7.1829E-04, -9.7584E-04, 4.701225E-02
1.147881E-07, -3.35293E-03, -2.13508E-03, 4.718087E-02
1.147943E-07, -9.14914E-03, -3.82125E-03, 4.739164E-02
1.148006E-07, -1.125685E-02, -5.29665E-03, 4.747595E-02
1.148068E-07, -1.547227E-02, -6.98282E-03, 4.760242E-02
1.148131E-07, -1.916077E-02, -8.77437E-03, 4.764457E-02
1.148193E-07, -2.232233E-02, -1.046054E-02, 4.785534E-02
1.148256E-07, -2.548390E-02, -1.225210E-02, 4.785534E-02
1.148318E-07, -2.969932E-02, -1.362211E-02, 4.793965E-02
1.148381E-07, -3.338782E-02, -1.541366E-02, 4.785534E-02
1.148443E-07, -3.602246E-02, -1.667829E-02, 4.793965E-02
1.148506E-07, -3.813017E-02, -1.783753E-02, 4.777103E-02
1.148568E-07, -4.023788E-02, -1.910216E-02, 4.764457E-02
1.148631E-07, -4.181866E-02, -1.973447E-02, 4.760242E-02
1.148693E-07, -4.339945E-02, -2.036679E-02, 4.739164E-02
1.148756E-07, -4.392638E-02, -2.089372E-02, 4.726518E-02
1.148818E-07, -4.445330E-02, -2.099910E-02, 4.705441E-02
1.148881E-07, -4.287252E-02, -2.078833E-02, 4.680149E-02
1.148943E-07, -4.234559E-02, -2.057756E-02, 4.659071E-02
1.149006E-07, -4.129174E-02, -1.994525E-02, 4.629563E-02
1.149068E-07, -3.813017E-02, -1.920754E-02, 4.604271E-02
1.149131E-07, -3.496860E-02, -1.815369E-02, 4.583194E-02
1.149193E-07, -3.233396E-02, -1.709983E-02, 4.549470E-02
1.149256E-07, -2.759161E-02, -1.551905E-02, 4.515747E-02
1.149318E-07, -2.284926E-02, -1.404365E-02, 4.494670E-02
1.149381E-07, -1.863384E-02, -1.267364E-02, 4.465162E-02
1.149443E-07, -1.283763E-02, -1.098747E-02, 4.435654E-02
1.149506E-07, -7.56835E-03, -9.30130E-03, 4.406146E-02
1.149568E-07, -1.24522E-03, -7.72052E-03, 4.385069E-02
1.149631E-07, 3.49713E-03, -6.24512E-03, 4.359776E-02
1.149693E-07, 1.034720E-02, -4.34818E-03, 4.347130E-02
1.149756E-07, 1.508955E-02, -2.87278E-03, 4.326053E-02
1.149818E-07, 2.141268E-02, -1.71354E-03, 4.313407E-02
1.149881E-07, 2.668196E-02, -4.4891E-04, 4.300760E-02
1.149943E-07, 3.142431E-02, 4.9956E-04, 4.296545E-02
1.150006E-07, 3.458588E-02, 1.44803E-03, 4.283899E-02
1.150068E-07, 3.932823E-02, 1.97495E-03, 4.292329E-02
1.150131E-07, 4.248980E-02, 2.60727E-03, 4.283899E-02
1.150193E-07, 4.459751E-02, 2.81804E-03, 4.292329E-02
1.150256E-07, 4.670522E-02, 3.02881E-03, 4.296545E-02
1.150318E-07, 4.828600E-02, 2.60727E-03, 4.309191E-02
1.150381E-07, 4.881293E-02, 2.50188E-03, 4.330268E-02
1.150443E-07, 4.723215E-02, 1.76418E-03, 4.338699E-02
1.150506E-07, 4.670522E-02, 1.44803E-03, 4.355561E-02
1.150568E-07, 4.512443E-02, 6.0494E-04, 4.376638E-02
1.150631E-07, 4.248980E-02, -2.3814E-04, 4.397715E-02
1.150693E-07, 3.932823E-02, -1.18661E-03, 4.418792E-02
1.150756E-07, 3.458588E-02, -2.24047E-03, 4.435654E-02
1.150818E-07, 3.037046E-02, -3.08355E-03, 4.460946E-02
1.150881E-07, 2.615503E-02, -4.34818E-03, 4.473593E-02
1.150943E-07, 1.983190E-02, -5.29665E-03, 4.498885E-02
1.151006E-07, 1.561647E-02, -6.24512E-03, 4.515747E-02
1.151068E-07, 8.76641E-03, -6.98282E-03, 4.532609E-02
1.151131E-07, 4.02406E-03, -7.82590E-03, 4.545255E-02
1.151193E-07, -1.24522E-03, -8.56360E-03, 4.553686E-02
1.151256E-07, -7.04142E-03, -9.09053E-03, 4.557901E-02
1.151318E-07, -1.231070E-02, -9.51207E-03, 4.570547E-02
1.151381E-07, -1.757998E-02, -9.93362E-03, 4.570547E-02
1.151443E-07, -2.284926E-02, -1.003900E-02, 4.574763E-02
1.151506E-07, -2.601083E-02, -1.014439E-02, 4.566332E-02
1.151568E-07, -2.969932E-02, -1.014439E-02, 4.562116E-02
1.151631E-07, -3.286089E-02, -9.82823E-03, 4.549470E-02
1.151693E-07, -3.602246E-02, -9.61746E-03, 4.536824E-02
1.151756E-07, -3.865710E-02, -9.09053E-03, 4.515747E-02
1.151818E-07, -4.076481E-02, -8.77437E-03, 4.498885E-02
1.151881E-07, -4.076481E-02, -7.93129E-03, 4.473593E-02
1.151943E-07, -4.129174E-02, -7.50975E-03, 4.460946E-02
1.152006E-07, -4.287252E-02, -6.66666E-03, 4.431438E-02
1.152068E-07, -4.181866E-02, -6.13973E-03, 4.406146E-02
1.152131E-07, -4.181866E-02, -5.50742E-03, 4.368207E-02
1.152193E-07, -4.181866E-02, -4.98049E-03, 4.347130E-02
1.152256E-07, -4.023788E-02, -4.45356E-03, 4.321837E-02
1.152318E-07, -3.865710E-02, -3.92664E-03, 4.292329E-02
1.152381E-07, -3.813017E-02, -3.50509E-03, 4.267037E-02
1.152443E-07, -3.602246E-02, -3.08355E-03, 4.237529E-02
1.152506E-07, -3.549553E-02, -2.66201E-03, 4.216452E-02
1.152568E-07, -3.391474E-02, -2.55662E-03, 4.195375E-02
1.152631E-07, -3.286089E-02, -2.24047E-03, 4.174298E-02
1.152693E-07, -3.180704E-02, -2.34585E-03, 4.157436E-02
1.152756E-07, -3.128011E-02, -2.24047E-03, 4.132143E-02
1.152818E-07, -2.969932E-02, -2.34585E-03, 4.119497E-02
1.152881E-07, -2.864547E-02, -2.45124E-03, 4.098420E-02
1.152943E-07, -2.917239E-02, -2.87278E-03, 4.094205E-02
1.153006E-07, -2.759161E-02, -3.18894E-03, 4.081558E-02
1.153068E-07, -2.759161E-02, -3.18894E-03, 4.064697E-02
1.153131E-07, -2.706468E-02, -3.50509E-03, 4.064697E-02
1.153193E-07, -2.706468E-02, -3.61048E-03, 4.064697E-02
1.153256E-07, -2.759161E-02, -3.71587E-03, 4.052050E-02
1.153318E-07, -2.706468E-02, -4.13741E-03, 4.056266E-02
1.153381E-07, -2.653776E-02, -4.13741E-03, 4.056266E-02
1.153443E-07, -2.548390E-02, -4.13741E-03, 4.052050E-02
1.153506E-07, -2.495697E-02, -3.92664E-03, 4.052050E-02
1.153568E-07, -2.495697E-02, -4.03202E-03, 4.056266E-02
1.153631E-07, -2.232233E-02, -3.82125E-03, 4.060481E-02
1.153693E-07, -2.179541E-02, -3.39971E-03, 4.056266E-02
1.153756E-07, -1.863384E-02, -3.08355E-03, 4.064697E-02
1.153818E-07, -1.652613E-02, -2.76740E-03, 4.064697E-02
1.153881E-07, -1.441841E-02, -2.24047E-03, 4.060481E-02
1.153943E-07, -1.178377E-02, -1.81893E-03, 4.064697E-02
1.154006E-07, -9.14914E-03, -1.29200E-03, 4.056266E-02
1.154068E-07, -4.40678E-03, -5.5430E-04, 4.060481E-02
1.154131E-07, -1.24522E-03, -2.737E-05, 4.068912E-02
1.154193E-07, 3.49713E-03, 3.9417E-04, 4.064697E-02
1.154256E-07, 7.71256E-03, 1.13187E-03, 4.068912E-02
1.154318E-07, 1.140105E-02, 1.65880E-03, 4.073127E-02
1.154381E-07, 1.667033E-02, 1.97495E-03, 4.073127E-02
1.154443E-07, 2.088575E-02, 2.29111E-03, 4.077343E-02
1.154506E-07, 2.562810E-02, 2.60727E-03, 4.077343E-02
1.154568E-07, 2.984353E-02, 2.50188E-03, 4.077343E-02
1.154631E-07, 3.458588E-02, 2.39650E-03, 4.081558E-02
1.154693E-07, 3.880130E-02, 2.29111E-03, 4.085774E-02
1.154756E-07, 4.196287E-02, 1.97495E-03, 4.089989E-02
1.154818E-07, 4.459751E-02, 1.76418E-03, 4.102635E-02
1.154881E-07, 4.881293E-02, 1.13187E-03, 4.111066E-02
1.154943E-07, 5.039372E-02, 7.801E-05, 4.115282E-02
1.155006E-07, 5.302835E-02, -5.5430E-04, 4.132143E-02
1.155068E-07, 5.408221E-02, -1.50277E-03, 4.140574E-02
1.155131E-07, 5.513607E-02, -2.87278E-03, 4.153220E-02
1.155193E-07, 5.408221E-02, -3.92664E-03, 4.161651E-02
1.155256E-07, 5.408221E-02, -4.98049E-03, 4.182728E-02
1.155318E-07, 5.197450E-02, -6.24512E-03, 4.191159E-02
1.155381E-07, 5.092064E-02, -7.40436E-03, 4.203806E-02
1.155443E-07, 4.881293E-02, -8.56360E-03, 4.220667E-02
1.155506E-07, 4.617829E-02, -9.72284E-03, 4.224883E-02
1.155568E-07, 4.196287E-02, -1.119824E-02, 4.245960E-02
1.155631E-07, 3.827437E-02, -1.204133E-02, 4.258606E-02
1.155693E-07, 3.458588E-02, -1.288441E-02, 4.271252E-02
1.155756E-07, 3.037046E-02, -1.383288E-02, 4.283899E-02
1.155818E-07, 2.562810E-02, -1.446519E-02, 4.288114E-02
1.155881E-07, 2.246654E-02, -1.478135E-02, 4.296545E-02
1.155943E-07, 1.667033E-02, -1.520289E-02, 4.300760E-02
1.156006E-07, 1.298183E-02, -1.509751E-02, 4.309191E-02
1.156068E-07, 7.71256E-03, -1.499212E-02, 4.313407E-02
1.156131E-07, 3.49713E-03, -1.478135E-02, 4.317622E-02
1.156193E-07, 3.3557E-04, -1.435981E-02, 4.321837E-02
1.156256E-07, -2.82600E-03, -1.351672E-02, 4.313407E-02
1.156318E-07, -7.04142E-03, -1.298980E-02, 4.317622E-02
1.156381E-07, -9.14914E-03, -1.183056E-02, 4.321837E-02
1.156443E-07, -1.125685E-02, -1.067131E-02, 4.321837E-02
1.156506E-07, -1.283763E-02, -9.51207E-03, 4.317622E-02
1.156568E-07, -1.389149E-02, -8.56360E-03, 4.313407E-02
1.156631E-07, -1.336456E-02, -6.87743E-03, 4.321837E-02
1.156693E-07, -1.494534E-02, -5.61281E-03, 4.317622E-02
1.156756E-07, -1.441841E-02, -4.34818E-03, 4.321837E-02
1.156818E-07, -1.283763E-02, -3.29432E-03, 4.330268E-02
1.156881E-07, -1.020299E-02, -1.92431E-03, 4.330268E-02
1.156943E-07, -9.14914E-03, -8.7046E-04, 4.342914E-02
1.157006E-07, -7.04142E-03, 2.8879E-04, 4.359776E-02
1.157068E-07, -3.87986E-03, 1.13187E-03, 4.363992E-02
1.157131E-07, -7.1829E-04, 1.97495E-03, 4.380853E-02
1.157193E-07, 1.91635E-03, 2.50188E-03, 4.397715E-02
1.157256E-07, 6.13177E-03, 2.92343E-03, 4.410361E-02
1.157318E-07, 8.76641E-03, 3.13420E-03, 4.439869E-02
1.157381E-07, 1.298183E-02, 2.92343E-03, 4.456731E-02
1.157443E-07, 1.561647E-02, 2.92343E-03, 4.469377E-02
1.157506E-07, 1.983190E-02, 2.50188E-03, 4.498885E-02
1.157568E-07, 2.246654E-02, 2.29111E-03, 4.524178E-02
1.157631E-07, 2.457425E-02, 1.76418E-03, 4.553686E-02
1.157693E-07, 2.773582E-02, 8.1571E-04, 4.566332E-02
1.157756E-07, 2.984353E-02, 7.801E-05, 4.604271E-02
1.157818E-07, 3.037046E-02, -7.6507E-04, 4.616917E-02
1.157881E-07, 3.142431E-02, -1.50277E-03, 4.629563E-02
1.157943E-07, 3.142431E-02, -2.55662E-03, 4.654856E-02
1.158006E-07, 3.195124E-02, -3.29432E-03, 4.667502E-02
1.158068E-07, 3.142431E-02, -4.24279E-03, 4.680149E-02
1.158131E-07, 2.984353E-02, -4.98049E-03, 4.688579E-02
1.158193E-07, 2.826274E-02, -5.61281E-03, 4.688579E-02
1.158256E-07, 2.615503E-02, -6.35051E-03, 4.692795E-02
1.158318E-07, 2.246654E-02, -6.98282E-03, 4.684364E-02
1.158381E-07, 1.930497E-02, -7.29898E-03, 4.675933E-02
1.158443E-07, 1.614340E-02, -7.40436E-03, 4.667502E-02
1.158506E-07, 1.192798E-02, -7.50975E-03, 4.650640E-02
1.158568E-07, 7.18563E-03, -7.61513E-03, 4.625348E-02
1.158631E-07, 4.02406E-03, -7.29898E-03, 4.600056E-02
1.158693E-07, -1.24522E-03, -7.08820E-03, 4.570547E-02
1.158756E-07, -6.51450E-03, -6.66666E-03, 4.541039E-02
1.158818E-07, -1.020299E-02, -6.13973E-03, 4.507316E-02
1.158881E-07, -1.547227E-02, -5.50742E-03, 4.465162E-02
1.158943E-07, -2.021462E-02, -4.76972E-03, 4.427223E-02
1.159006E-07, -2.495697E-02, -4.03202E-03, 4.393500E-02
1.159068E-07, -2.759161E-02, -3.08355E-03, 4.351345E-02
1.159131E-07, -3.180704E-02, -2.45124E-03, 4.309191E-02
1.159193E-07, -3.549553E-02, -1.39738E-03, 4.271252E-02
1.159256E-07, -3.813017E-02, -5.5430E-04, 4.224883E-02
1.159318E-07, -4.076481E-02, -2.737E-05, 4.186944E-02
1.159381E-07, -4.287252E-02, 9.2110E-04, 4.157436E-02
1.159443E-07, -4.287252E-02, 1.34264E-03, 4.127928E-02
1.159506E-07, -4.445330E-02, 1.97495E-03, 4.098420E-02
1.159568E-07, -4.550716E-02, 2.18573E-03, 4.068912E-02
1.159631E-07, -4.550716E-02, 2.29111E-03, 4.047835E-02
1.159693E-07, -4.498023E-02, 2.50188E-03, 4.030973E-02
1.159756E-07, -4.339945E-02, 2.50188E-03, 4.018327E-02
1.159818E-07, -4.234559E-02, 2.18573E-03, 4.009896E-02
1.159881E-07, -3.971095E-02, 1.86957E-03, 3.997250E-02
1.159943E-07, -3.813017E-02, 1.23726E-03, 4.001465E-02
1.160006E-07, -3.654939E-02, 7.1033E-04, 3.997250E-02
1.160068E-07, -3.338782E-02, 7.801E-05, 4.005681E-02
1.160131E-07, -3.075318E-02, -6.5968E-04, 4.014112E-02
1.160193E-07, -2.864547E-02, -1.81893E-03, 4.035189E-02
1.160256E-07, -2.653776E-02, -2.55662E-03, 4.039404E-02
1.160318E-07, -2.337619E-02, -3.71587E-03, 4.064697E-02
1.160381E-07, -2.179541E-02, -4.66434E-03, 4.089989E-02
1.160443E-07, -1.968769E-02, -5.71819E-03, 4.106851E-02
1.160506E-07, -1.810691E-02, -6.56128E-03, 4.123713E-02
1.160568E-07, -1.705305E-02, -7.40436E-03, 4.157436E-02
1.160631E-07, -1.547227E-02, -8.35283E-03, 4.178513E-02
1.160693E-07, -1.547227E-02, -9.09053E-03, 4.208021E-02
1.160756E-07, -1.547227E-02, -9.82823E-03, 4.237529E-02
1.160818E-07, -1.547227E-02, -1.046054E-02, 4.258606E-02
1.160881E-07, -1.599920E-02, -1.077670E-02, 4.275468E-02
1.160943E-07, -1.757998E-02, -1.098747E-02, 4.309191E-02
1.161006E-07, -1.916077E-02, -1.119824E-02, 4.330268E-02
1.161068E-07, -2.074155E-02, -1.119824E-02, 4.347130E-02
1.161131E-07, -2.232233E-02, -1.098747E-02, 4.368207E-02
1.161193E-07, -2.443004E-02, -1.077670E-02, 4.389284E-02
1.161256E-07, -2.759161E-02, -1.035516E-02, 4.401930E-02
1.161318E-07, -3.022625E-02, -9.93362E-03, 4.414577E-02
1.161381E-07, -3.233396E-02, -9.09053E-03, 4.423008E-02
1.161443E-07, -3.496860E-02, -8.45822E-03, 4.439869E-02
1.161506E-07, -3.602246E-02, -7.61513E-03, 4.435654E-02
1.161568E-07, -3.760324E-02, -6.66666E-03, 4.448300E-02
1.161631E-07, -3.971095E-02, -5.82358E-03, 4.448300E-02
1.161693E-07, -4.023788E-02, -4.87511E-03, 4.444085E-02
1.161756E-07, -4.023788E-02, -3.92664E-03, 4.444085E-02
1.161818E-07, -4.181866E-02, -2.87278E-03, 4.444085E-02
1.161881E-07, -3.971095E-02, -1.92431E-03, 4.435654E-02
1.161943E-07, -3.971095E-02, -1.08123E-03, 4.435654E-02
1.162006E-07, -3.865710E-02, -2.3814E-04, 4.418792E-02
1.162068E-07, -3.602246E-02, 4.9956E-04, 4.406146E-02
1.162131E-07, -3.338782E-02, 1.44803E-03, 4.397715E-02
1.162193E-07, -2.969932E-02, 1.76418E-03, 4.380853E-02
1.162256E-07, -2.601083E-02, 2.29111E-03, 4.355561E-02
1.162318E-07, -2.179541E-02, 2.60727E-03, 4.347130E-02
1.162381E-07, -1.757998E-02, 2.92343E-03, 4.334484E-02
1.162443E-07, -1.283763E-02, 3.13420E-03, 4.313407E-02
1.162506E-07, -6.51450E-03, 3.45035E-03, 4.300760E-02
1.162568E-07, -1.24522E-03, 3.55574E-03, 4.275468E-02
1.162631E-07, 2.97021E-03, 3.76651E-03, 4.258606E-02
1.162693E-07, 8.23948E-03, 3.55574E-03, 4.237529E-02
1.162756E-07, 1.350876E-02, 3.45035E-03, 4.216452E-02
1.162818E-07, 1.877804E-02, 3.45035E-03, 4.208021E-02
1.162881E-07, 2.352039E-02, 3.34497E-03, 4.186944E-02
1.162943E-07, 2.773582E-02, 3.02881E-03, 4.170082E-02
1.163006E-07, 3.089738E-02, 2.92343E-03, 4.153220E-02
1.163068E-07, 3.458588E-02, 2.71265E-03, 4.144790E-02
1.163131E-07, 3.722052E-02, 2.60727E-03, 4.132143E-02
1.163193E-07, 3.932823E-02, 2.39650E-03, 4.132143E-02
1.163256E-07, 4.038208E-02, 2.08034E-03, 4.123713E-02
1.163318E-07, 3.985516E-02, 2.08034E-03, 4.123713E-02
1.163381E-07, 3.985516E-02, 1.97495E-03, 4.123713E-02
1.163443E-07, 3.932823E-02, 1.97495E-03, 4.127928E-02
1.163506E-07, 3.722052E-02, 1.97495E-03, 4.123713E-02
1.163568E-07, 3.511281E-02, 1.97495E-03, 4.136359E-02
1.163631E-07, 3.142431E-02, 2.08034E-03, 4.149005E-02
1.163693E-07, 2.826274E-02, 2.29111E-03, 4.165867E-02
1.163756E-07, 2.352039E-02, 2.50188E-03, 4.174298E-02
1.163818E-07, 1.930497E-02, 2.50188E-03, 4.199590E-02
1.163881E-07, 1.561647E-02, 2.81804E-03, 4.203806E-02
1.163943E-07, 9.29334E-03, 3.13420E-03, 4.237529E-02
1.164006E-07, 3.49713E-03, 3.45035E-03, 4.254391E-02
1.164068E-07, -1.77215E-03, 3.66112E-03, 4.283899E-02
1.164131E-07, -7.04142E-03, 3.97728E-03, 4.309191E-02
1.164193E-07, -1.283763E-02, 4.39882E-03, 4.334484E-02
1.164256E-07, -1.810691E-02, 4.71498E-03, 4.363992E-02
1.164318E-07, -2.337619E-02, 5.03114E-03, 4.389284E-02
1.164381E-07, -2.917239E-02, 5.34729E-03, 4.427223E-02
1.164443E-07, -3.338782E-02, 5.76884E-03, 4.448300E-02
1.164506E-07, -3.654939E-02, 6.08499E-03, 4.469377E-02
1.164568E-07, -4.076481E-02, 6.50653E-03, 4.490454E-02
1.164631E-07, -4.392638E-02, 6.71731E-03, 4.511531E-02
1.164693E-07, -4.708794E-02, 6.92808E-03, 4.536824E-02
1.164756E-07, -4.972258E-02, 7.13885E-03, 4.553686E-02
1.164818E-07, -5.183030E-02, 7.34962E-03, 4.566332E-02
1.164881E-07, -5.341108E-02, 7.66578E-03, 4.574763E-02
1.164943E-07, -5.551879E-02, 7.77116E-03, 4.583194E-02
1.165006E-07, -5.657265E-02, 7.98193E-03, 4.591624E-02
1.165068E-07, -5.709957E-02, 7.87655E-03, 4.587409E-02
1.165131E-07, -5.762650E-02, 7.98193E-03, 4.583194E-02
1.165193E-07, -5.762650E-02, 7.87655E-03, 4.574763E-02
1.165256E-07, -5.709957E-02, 7.77116E-03, 4.566332E-02
1.165318E-07, -5.762650E-02, 7.77116E-03, 4.549470E-02
1.165381E-07, -5.762650E-02, 7.66578E-03, 4.536824E-02
1.165443E-07, -5.762650E-02, 7.56039E-03, 4.511531E-02
1.165506E-07, -5.709957E-02, 7.34962E-03, 4.490454E-02
1.165568E-07, -5.762650E-02, 6.92808E-03, 4.469377E-02
1.165631E-07, -5.657265E-02, 6.71731E-03, 4.444085E-02
1.165693E-07, -5.709957E-02, 6.29576E-03, 4.410361E-02
1.165756E-07, -5.604572E-02, 5.87422E-03, 4.385069E-02
1.165818E-07, -5.657265E-02, 5.34729E-03, 4.355561E-02
1.165881E-07, -5.657265E-02, 4.92575E-03, 4.321837E-02
1.165943E-07, -5.657265E-02, 4.50421E-03, 4.296545E-02
1.166006E-07, -5.762650E-02, 3.87190E-03, 4.262821E-02
1.166068E-07, -5.657265E-02, 3.23958E-03, 4.229098E-02
1.166131E-07, -5.762650E-02, 2.81804E-03, 4.212236E-02
1.166193E-07, -5.762650E-02, 2.18573E-03, 4.178513E-02
1.166256E-07, -5.709957E-02, 1.76418E-03, 4.153220E-02
1.166318E-07, -5.709957E-02, 1.02648E-03, 4.136359E-02
1.166381E-07, -5.815343E-02, 4.9956E-04, 4.111066E-02
1.166443E-07, -5.762650E-02, 7.801E-05, 4.089989E-02
1.166506E-07, -5.657265E-02, -4.4891E-04, 4.077343E-02
1.166568E-07, -5.604572E-02, -7.6507E-04, 4.064697E-02
1.166631E-07, -5.499186E-02, -1.18661E-03, 4.047835E-02
1.166693E-07, -5.446493E-02, -1.50277E-03, 4.039404E-02
1.166756E-07, -5.341108E-02, -1.71354E-03, 4.043620E-02
1.166818E-07, -5.183030E-02, -1.92431E-03, 4.043620E-02
1.166881E-07, -4.972258E-02, -2.02970E-03, 4.039404E-02
1.166943E-07, -4.919565E-02, -2.13508E-03, 4.052050E-02
1.167006E-07, -4.656101E-02, -2.13508E-03, 4.052050E-02
1.167068E-07, -4.445330E-02, -2.02970E-03, 4.064697E-02
1.167131E-07, -4.234559E-02, -1.81893E-03, 4.077343E-02
1.167193E-07, -4.076481E-02, -1.71354E-03, 4.089989E-02
1.167256E-07, -3.813017E-02, -1.39738E-03, 4.106851E-02
1.167318E-07, -3.549553E-02, -1.18661E-03, 4.123713E-02
1.167381E-07, -3.391474E-02, -8.7046E-04, 4.153220E-02
1.167443E-07, -3.180704E-02, -4.4891E-04, 4.161651E-02
1.167506E-07, -2.917239E-02, -2.737E-05, 4.191159E-02
1.167568E-07, -2.706468E-02, 2.8879E-04, 4.208021E-02
1.167631E-07, -2.548390E-02, 7.1033E-04, 4.224883E-02
1.167693E-07, -2.443004E-02, 9.2110E-04, 4.254391E-02
1.167756E-07, -2.232233E-02, 1.02648E-03, 4.275468E-02
1.167818E-07, -2.126848E-02, 1.34264E-03, 4.292329E-02
1.167881E-07, -2.021462E-02, 1.65880E-03, 4.317622E-02
1.167943E-07, -2.126848E-02, 1.86957E-03, 4.330268E-02
1.168006E-07, -2.021462E-02, 1.76418E-03, 4.351345E-02
1.168068E-07, -2.021462E-02, 1.65880E-03, 4.363992E-02
1.168131E-07, -2.021462E-02, 1.44803E-03, 4.368207E-02
1.168193E-07, -2.126848E-02, 1.34264E-03, 4.389284E-02
1.168256E-07, -2.232233E-02, 1.13187E-03, 4.393500E-02
1.168318E-07, -2.390312E-02, 3.9417E-04, 4.393500E-02
1.168381E-07, -2.495697E-02, -1.3276E-04, 4.397715E-02
1.168443E-07, -2.601083E-02, -7.6507E-04, 4.410361E-02
1.168506E-07, -2.864547E-02, -1.39738E-03, 4.389284E-02
1.168568E-07, -2.969932E-02, -2.24047E-03, 4.389284E-02
1.168631E-07, -3.128011E-02, -2.76740E-03, 4.385069E-02
1.168693E-07, -3.338782E-02, -3.82125E-03, 4.380853E-02
1.168756E-07, -3.444167E-02, -4.76972E-03, 4.363992E-02
1.168818E-07, -3.760324E-02, -5.61281E-03, 4.355561E-02
1.168881E-07, -3.813017E-02, -6.24512E-03, 4.330268E-02
1.168943E-07, -3.971095E-02, -7.40436E-03, 4.313407E-02
1.169006E-07, -4.181866E-02, -8.03667E-03, 4.300760E-02
1.169068E-07, -4.287252E-02, -8.87976E-03, 4.275468E-02
1.169131E-07, -4.339945E-02, -9.40669E-03, 4.254391E-02
1.169193E-07, -4.392638E-02, -9.93362E-03, 4.237529E-02
1.169256E-07, -4.392638E-02, -1.035516E-02, 4.212236E-02
1.169318E-07, -4.445330E-02, -1.067131E-02, 4.186944E-02
1.169381E-07, -4.339945E-02, -1.109286E-02, 4.161651E-02
1.169443E-07, -4.339945E-02, -1.109286E-02, 4.140574E-02
1.169506E-07, -4.287252E-02, -1.077670E-02, 4.119497E-02
1.169568E-07, -4.129174E-02, -1.067131E-02, 4.094205E-02
1.169631E-07, -3.971095E-02, -1.024977E-02, 4.064697E-02
1.169693E-07, -3.760324E-02, -9.72284E-03, 4.047835E-02
1.169756E-07, -3.654939E-02, -8.98515E-03, 4.030973E-02
1.169818E-07, -3.444167E-02, -8.14206E-03, 4.014112E-02
1.169881E-07, -3.180704E-02, -7.19359E-03, 3.988819E-02
1.169943E-07, -2.969932E-02, -6.35051E-03, 3.980388E-02
1.170006E-07, -2.759161E-02, -5.40204E-03, 3.963526E-02
1.170068E-07, -2.495697E-02, -4.24279E-03, 3.950880E-02
1.170131E-07, -2.284926E-02, -3.18894E-03, 3.934019E-02
1.170193E-07, -1.968769E-02, -1.92431E-03, 3.934019E-02
1.170256E-07, -1.705305E-02, -9.7584E-04, 3.925588E-02
1.170318E-07, -1.547227E-02, -2.737E-05, 3.917157E-02
1.170381E-07, -1.494534E-02, 1.02648E-03, 3.917157E-02
1.170443E-07, -1.283763E-02, 1.97495E-03, 3.917157E-02
1.170506E-07, -1.125685E-02, 2.81804E-03, 3.917157E-02
1.170568E-07, -1.125685E-02, 3.55574E-03, 3.917157E-02
1.170631E-07, -1.072992E-02, 3.97728E-03, 3.917157E-02
1.170693E-07, -1.020299E-02, 4.50421E-03, 3.921372E-02
1.170756E-07, -1.072992E-02, 4.60959E-03, 3.921372E-02
1.170818E-07, -1.283763E-02, 5.03114E-03, 3.929803E-02
1.170881E-07, -1.336456E-02, 5.13652E-03, 3.934019E-02
1.170943E-07, -1.547227E-02, 5.03114E-03, 3.938234E-02
1.171006E-07, -1.757998E-02, 4.82037E-03, 3.950880E-02
1.171068E-07, -2.074155E-02, 4.29344E-03, 3.955096E-02
1.171131E-07, -2.337619E-02, 4.08267E-03, 3.959311E-02
1.171193E-07, -2.706468E-02, 3.55574E-03, 3.963526E-02
1.171256E-07, -3.022625E-02, 3.02881E-03, 3.967742E-02
1.171318E-07, -3.391474E-02, 2.29111E-03, 3.967742E-02
1.171381E-07, -3.865710E-02, 1.55341E-03, 3.976173E-02
1.171443E-07, -4.234559E-02, 9.2110E-04, 3.971957E-02
1.171506E-07, -4.708794E-02, 3.9417E-04, 3.967742E-02
1.171568E-07, -5.077644E-02, -3.4353E-04, 3.976173E-02
1.171631E-07, -5.446493E-02, -9.7584E-04, 3.976173E-02
1.171693E-07, -5.973421E-02, -1.71354E-03, 3.971957E-02
1.171756E-07, -6.394964E-02, -1.92431E-03, 3.971957E-02
1.171818E-07, -6.711120E-02, -2.24047E-03, 3.967742E-02
1.171881E-07, -6.921891E-02, -2.66201E-03, 3.963526E-02
1.171943E-07, -7.290741E-02, -2.87278E-03, 3.963526E-02
1.172006E-07, -7.501512E-02, -2.97817E-03, 3.955096E-02
1.172068E-07, -7.659590E-02, -2.97817E-03, 3.963526E-02
1.172131E-07, -7.764976E-02, -2.97817E-03, 3.963526E-02
1.172193E-07, -7.764976E-02, -2.66201E-03, 3.963526E-02
1.172256E-07, -7.712283E-02, -2.45124E-03, 3.963526E-02
1.172318E-07, -7.659590E-02, -2.13508E-03, 3.971957E-02
1.172381E-07, -7.554205E-02, -1.81893E-03, 3.984604E-02
1.172443E-07, -7.396127E-02, -1.29200E-03, 3.993034E-02
1.172506E-07, -7.027277E-02, -8.7046E-04, 4.001465E-02
1.172568E-07, -6.763813E-02, -3.4353E-04, 4.022542E-02
1.172631E-07, -6.289578E-02, 1.8340E-04, 4.035189E-02
1.172693E-07, -5.868036E-02, 4.9956E-04, 4.060481E-02
1.172756E-07, -5.393801E-02, 1.02648E-03, 4.077343E-02
1.172818E-07, -4.814180E-02, 1.23726E-03, 4.106851E-02
1.172881E-07, -4.181866E-02, 1.86957E-03, 4.127928E-02
1.172943E-07, -3.602246E-02, 1.97495E-03, 4.174298E-02
1.173006E-07, -2.969932E-02, 2.18573E-03, 4.195375E-02
1.173068E-07, -2.390312E-02, 2.18573E-03, 4.233314E-02
1.173131E-07, -1.810691E-02, 2.18573E-03, 4.258606E-02
1.173193E-07, -1.283763E-02, 2.18573E-03, 4.296545E-02
1.173256E-07, -6.51450E-03, 2.18573E-03, 4.334484E-02
1.173318E-07, -1.77215E-03, 1.76418E-03, 4.372422E-02
1.173381E-07, 1.91635E-03, 1.65880E-03, 4.397715E-02
1.173443E-07, 7.71256E-03, 1.34264E-03, 4.435654E-02
1.173506E-07, 1.140105E-02, 1.02648E-03, 4.460946E-02
1.173568E-07, 1.456262E-02, 6.0494E-04, 4.486239E-02
1.173631E-07, 1.719726E-02, 7.801E-05, 4.507316E-02
1.173693E-07, 1.930497E-02, -4.4891E-04, 4.524178E-02
1.173756E-07, 2.035883E-02, -7.6507E-04, 4.545255E-02
1.173818E-07, 2.035883E-02, -1.29200E-03, 4.549470E-02
1.173881E-07, 2.141268E-02, -1.71354E-03, 4.549470E-02
1.173943E-07, 1.983190E-02, -2.02970E-03, 4.549470E-02
1.174006E-07, 1.772419E-02, -2.55662E-03, 4.541039E-02
1.174068E-07, 1.561647E-02, -2.55662E-03, 4.524178E-02
1.174131E-07, 1.403569E-02, -2.97817E-03, 4.507316E-02
1.174193E-07, 9.82027E-03, -2.97817E-03, 4.486239E-02
1.174256E-07, 6.13177E-03, -2.97817E-03, 4.448300E-02
1.174318E-07, 3.49713E-03, -2.97817E-03, 4.423008E-02
1.174381E-07, -1.24522E-03, -2.87278E-03, 4.380853E-02
1.174443E-07, -5.46064E-03, -2.87278E-03, 4.342914E-02
1.174506E-07, -9.67606E-03, -2.66201E-03, 4.288114E-02
1.174568E-07, -1.441841E-02, -2.34585E-03, 4.254391E-02
1.174631E-07, -1.863384E-02, -2.13508E-03, 4.203806E-02
1.174693E-07, -2.284926E-02, -1.81893E-03, 4.157436E-02
1.174756E-07, -2.706468E-02, -1.50277E-03, 4.106851E-02
1.174818E-07, -3.128011E-02, -1.29200E-03, 4.073127E-02
1.174881E-07, -3.338782E-02, -9.7584E-04, 4.022542E-02
1.174943E-07, -3.654939E-02, -9.7584E-04, 3.980388E-02
1.175006E-07, -3.918403E-02, -7.6507E-04, 3.946665E-02
1.175068E-07, -4.181866E-02, -6.5968E-04, 3.912941E-02
1.175131E-07, -4.287252E-02, -5.5430E-04, 3.883433E-02
1.175193E-07, -4.287252E-02, -8.7046E-04, 3.870787E-02
1.175256E-07, -4.339945E-02, -9.7584E-04, 3.853926E-02
1.175318E-07, -4.392638E-02, -1.29200E-03, 3.845495E-02
1.175381E-07, -4.287252E-02, -1.71354E-03, 3.837064E-02
1.175443E-07, -4.181866E-02, -2.34585E-03, 3.832848E-02
1.175506E-07, -4.023788E-02, -3.08355E-03, 3.841279E-02
1.175568E-07, -3.760324E-02, -3.71587E-03, 3.853926E-02
1.175631E-07, -3.496860E-02, -4.45356E-03, 3.875003E-02
1.175693E-07, -3.233396E-02, -5.50742E-03, 3.904511E-02
1.175756E-07, -2.917239E-02, -6.24512E-03, 3.921372E-02
1.175818E-07, -2.548390E-02, -7.29898E-03, 3.955096E-02
1.175881E-07, -2.126848E-02, -8.24745E-03, 3.988819E-02
1.175943E-07, -1.757998E-02, -9.09053E-03, 4.022542E-02
1.176006E-07, -1.336456E-02, -1.024977E-02, 4.052050E-02
1.176068E-07, -9.67606E-03, -1.109286E-02, 4.094205E-02
1.176131E-07, -3.87986E-03, -1.193594E-02, 4.123713E-02
1.176193E-07, -1.24522E-03, -1.267364E-02, 4.157436E-02
1.176256E-07, 4.02406E-03, -1.351672E-02, 4.182728E-02
1.176318E-07, 7.71256E-03, -1.414904E-02, 4.216452E-02
1.176381E-07, 1.140105E-02, -1.467597E-02, 4.241744E-02
1.176443E-07, 1.614340E-02, -1.478135E-02, 4.262821E-02
1.176506E-07, 1.983190E-02, -1.509751E-02, 4.271252E-02
1.176568E-07, 2.352039E-02, -1.530828E-02, 4.288114E-02
1.176631E-07, 2.668196E-02, -1.509751E-02, 4.292329E-02
1.176693E-07, 3.037046E-02, -1.488674E-02, 4.288114E-02
1.176756E-07, 3.195124E-02, -1.457058E-02, 4.292329E-02
1.176818E-07, 3.511281E-02, -1.414904E-02, 4.283899E-02
1.176881E-07, 3.774745E-02, -1.330595E-02, 4.267037E-02
1.176943E-07, 3.932823E-02, -1.267364E-02, 4.245960E-02
1.177006E-07, 4.090901E-02, -1.183056E-02, 4.224883E-02
1.177068E-07, 4.248980E-02, -1.098747E-02, 4.199590E-02
1.177131E-07, 4.354365E-02, -9.82823E-03, 4.174298E-02
1.177193E-07, 4.354365E-02, -8.87976E-03, 4.153220E-02
1.177256E-07, 4.459751E-02, -7.82590E-03, 4.127928E-02
1.177318E-07, 4.459751E-02, -6.66666E-03, 4.094205E-02
1.177381E-07, 4.354365E-02, -5.50742E-03, 4.064697E-02
1.177443E-07, 4.354365E-02, -4.45356E-03, 4.039404E-02
1.177506E-07, 4.248980E-02, -3.50509E-03, 4.009896E-02
1.177568E-07, 4.090901E-02, -2.34585E-03, 3.988819E-02
1.177631E-07, 4.038208E-02, -1.29200E-03, 3.967742E-02
1.177693E-07, 3.880130E-02, -4.4891E-04, 3.959311E-02
1.177756E-07, 3.669359E-02, 2.8879E-04, 3.946665E-02
1.177818E-07, 3.300510E-02, 1.02648E-03, 3.938234E-02
1.177881E-07, 3.037046E-02, 1.65880E-03, 3.938234E-02
1.177943E-07, 2.826274E-02, 2.29111E-03, 3.942449E-02
1.178006E-07, 2.404732E-02, 2.71265E-03, 3.950880E-02
1.178068E-07, 2.088575E-02, 3.13420E-03, 3.967742E-02
1.178131E-07, 1.825111E-02, 3.55574E-03, 3.976173E-02
1.178193E-07, 1.350876E-02, 3.76651E-03, 4.009896E-02
1.178256E-07, 1.034720E-02, 4.18805E-03, 4.026758E-02
1.178318E-07, 6.13177E-03, 4.39882E-03, 4.056266E-02
1.178381E-07, 1.91635E-03, 4.29344E-03, 4.089989E-02
1.178443E-07, -7.1829E-04, 4.50421E-03, 4.115282E-02
1.178506E-07, -3.87986E-03, 4.50421E-03, 4.149005E-02
1.178568E-07, -7.56835E-03, 4.60959E-03, 4.191159E-02
1.178631E-07, -1.020299E-02, 4.71498E-03, 4.216452E-02
1.178693E-07, -1.336456E-02, 4.71498E-03, 4.258606E-02
1.178756E-07, -1.652613E-02, 4.82037E-03, 4.283899E-02
1.178818E-07, -1.863384E-02, 4.92575E-03, 4.313407E-02
1.178881E-07, -1.968769E-02, 5.13652E-03, 4.330268E-02
1.178943E-07, -2.179541E-02, 5.24191E-03, 4.359776E-02
1.179006E-07, -2.284926E-02, 5.34729E-03, 4.372422E-02
1.179068E-07, -2.232233E-02, 5.45268E-03, 4.376638E-02
1.179131E-07, -2.284926E-02, 5.76884E-03, 4.389284E-02
1.179193E-07, -2.284926E-02, 6.08499E-03, 4.389284E-02
1.179256E-07, -2.179541E-02, 6.19038E-03, 4.385069E-02
1.179318E-07, -1.968769E-02, 6.50653E-03, 4.380853E-02
1.179381E-07, -1.810691E-02, 6.82269E-03, 4.363992E-02
1.179443E-07, -1.547227E-02, 6.92808E-03, 4.334484E-02
1.179506E-07, -1.231070E-02, 7.03346E-03, 4.304976E-02
1.179568E-07, -1.020299E-02, 7.24423E-03, 4.279683E-02
1.179631E-07, -6.51450E-03, 7.56039E-03, 4.233314E-02
1.179693E-07, -3.35293E-03, 7.56039E-03, 4.199590E-02
1.179756E-07, 3.3557E-04, 7.66578E-03, 4.149005E-02
1.179818E-07, 2.97021E-03, 7.56039E-03, 4.106851E-02
1.179881E-07, 7.71256E-03, 7.66578E-03, 4.052050E-02
1.179943E-07, 9.82027E-03, 7.34962E-03, 4.009896E-02
1.180006E-07, 1.245491E-02, 7.34962E-03, 3.955096E-02
1.180068E-07, 1.561647E-02, 7.03346E-03, 3.900295E-02
1.180131E-07, 1.772419E-02, 6.71731E-03, 3.853926E-02
1.180193E-07, 1.930497E-02, 6.40115E-03, 3.803340E-02
1.180256E-07, 2.035883E-02, 5.66345E-03, 3.756971E-02
1.180318E-07, 2.088575E-02, 5.24191E-03, 3.719032E-02
1.180381E-07, 2.088575E-02, 4.60959E-03, 3.681093E-02
1.180443E-07, 1.983190E-02, 3.87190E-03, 3.651585E-02
1.180506E-07, 1.930497E-02, 3.23958E-03, 3.609431E-02
1.180568E-07, 1.772419E-02, 2.29111E-03, 3.592569E-02
1.180631E-07, 1.456262E-02, 1.44803E-03, 3.571492E-02
1.180693E-07, 1.192798E-02, 4.9956E-04, 3.558846E-02
1.180756E-07, 7.71256E-03, -3.4353E-04, 3.550415E-02
1.180818E-07, 5.07792E-03, -1.18661E-03, 3.554631E-02
1.180881E-07, 8.6249E-04, -2.34585E-03, 3.554631E-02
1.180943E-07, -4.93371E-03, -3.39971E-03, 3.571492E-02
1.181006E-07, -1.020299E-02, -4.24279E-03, 3.592569E-02
1.181068E-07, -1.547227E-02, -5.29665E-03, 3.609431E-02
1.181131E-07, -2.074155E-02, -6.24512E-03, 3.643154E-02
1.181193E-07, -2.653776E-02, -7.19359E-03, 3.668447E-02
1.181256E-07, -3.180704E-02, -7.93129E-03, 3.710601E-02
1.181318E-07, -3.760324E-02, -8.77437E-03, 3.756971E-02
1.181381E-07, -4.234559E-02, -9.61746E-03, 3.799125E-02
1.181443E-07, -4.656101E-02, -1.035516E-02, 3.849710E-02
1.181506E-07, -5.077644E-02, -1.098747E-02, 3.896080E-02
1.181568E-07, -5.446493E-02, -1.151440E-02, 3.942449E-02
1.181631E-07, -5.762650E-02, -1.204133E-02, 3.993034E-02
1.181693E-07, -5.973421E-02, -1.267364E-02, 4.047835E-02
1.181756E-07, -6.184192E-02, -1.309518E-02, 4.089989E-02
1.181818E-07, -6.394964E-02, -1.341134E-02, 4.136359E-02
1.181881E-07, -6.289578E-02, -1.372750E-02, 4.174298E-02
1.181943E-07, -6.289578E-02, -1.414904E-02, 4.220667E-02
1.182006E-07, -6.184192E-02, -1.425442E-02, 4.258606E-02
1.182068E-07, -6.026114E-02, -1.414904E-02, 4.292329E-02
1.182131E-07, -5.709957E-02, -1.404365E-02, 4.309191E-02
1.182193E-07, -5.446493E-02, -1.393827E-02, 4.334484E-02
1.182256E-07, -5.024951E-02, -1.372750E-02, 4.355561E-02
1.182318E-07, -4.603409E-02, -1.362211E-02, 4.372422E-02
1.182381E-07, -4.129174E-02, -1.351672E-02, 4.380853E-02
1.182443E-07, -3.602246E-02, -1.330595E-02, 4.385069E-02
1.182506E-07, -2.969932E-02, -1.256825E-02, 4.376638E-02
1.182568E-07, -2.601083E-02, -1.235748E-02, 4.380853E-02
1.182631E-07, -1.863384E-02, -1.172517E-02, 4.368207E-02
1.182693E-07, -1.336456E-02, -1.130363E-02, 4.359776E-02
1.182756E-07, -8.62221E-03, -1.077670E-02, 4.342914E-02
1.182818E-07, -2.82600E-03, -1.003900E-02, 4.326053E-02
1.182881E-07, 2.44328E-03, -9.40669E-03, 4.300760E-02
1.182943E-07, 6.65870E-03, -8.98515E-03, 4.271252E-02
1.183006E-07, 1.087412E-02, -8.56360E-03, 4.254391E-02
1.183068E-07, 1.403569E-02, -7.82590E-03, 4.224883E-02
1.183131E-07, 1.772419E-02, -7.29898E-03, 4.191159E-02
1.183193E-07, 1.983190E-02, -6.77205E-03, 4.165867E-02
1.183256E-07, 2.088575E-02, -6.13973E-03, 4.140574E-02
1.183318E-07, 2.193961E-02, -5.71819E-03, 4.119497E-02
1.183381E-07, 2.299346E-02, -5.29665E-03, 4.089989E-02
1.183443E-07, 2.141268E-02, -4.87511E-03, 4.068912E-02
1.183506E-07, 2.035883E-02, -4.45356E-03, 4.047835E-02
1.183568E-07, 1.772419E-02, -4.24279E-03, 4.030973E-02
1.183631E-07, 1.614340E-02, -3.92664E-03, 4.018327E-02
1.183693E-07, 1.298183E-02, -3.92664E-03, 4.005681E-02
1.183756E-07, 9.29334E-03, -3.82125E-03, 3.997250E-02
1.183818E-07, 5.07792E-03, -3.61048E-03, 3.988819E-02
1.183881E-07, 8.6249E-04, -3.71587E-03, 3.976173E-02
1.183943E-07, -3.87986E-03, -3.92664E-03, 3.976173E-02
1.184006E-07, -9.14914E-03, -4.03202E-03, 3.976173E-02
1.184068E-07, -1.389149E-02, -4.13741E-03, 3.976173E-02
1.184131E-07, -1.916077E-02, -4.24279E-03, 3.976173E-02
1.184193E-07, -2.390312E-02, -4.55895E-03, 3.988819E-02
1.184256E-07, -2.759161E-02, -4.76972E-03, 3.984604E-02
1.184318E-07, -3.286089E-02, -4.98049E-03, 4.001465E-02
1.184381E-07, -3.654939E-02, -5.40204E-03, 4.005681E-02
1.184443E-07, -4.129174E-02, -5.50742E-03, 4.009896E-02
1.184506E-07, -4.392638E-02, -5.82358E-03, 4.018327E-02
1.184568E-07, -4.708794E-02, -6.03435E-03, 4.026758E-02
1.184631E-07, -4.866873E-02, -6.13973E-03, 4.030973E-02
1.184693E-07, -5.130336E-02, -6.35051E-03, 4.035189E-02
1.184756E-07, -5.183030E-02, -6.45589E-03, 4.047835E-02
1.184818E-07, -5.183030E-02, -6.87743E-03, 4.039404E-02
1.184881E-07, -5.077644E-02, -6.77205E-03, 4.043620E-02
1.184943E-07, -5.024951E-02, -6.66666E-03, 4.039404E-02
1.185006E-07, -4.919565E-02, -6.66666E-03, 4.039404E-02
1.185068E-07, -4.603409E-02, -6.45589E-03, 4.026758E-02
1.185131E-07, -4.287252E-02, -6.13973E-03, 4.018327E-02
1.185193E-07, -4.129174E-02, -6.03435E-03, 4.005681E-02
1.185256E-07, -3.654939E-02, -5.71819E-03, 3.997250E-02
1.185318E-07, -3.286089E-02, -5.40204E-03, 3.980388E-02
1.185381E-07, -2.864547E-02, -5.19126E-03, 3.967742E-02
1.185443E-07, -2.548390E-02, -4.76972E-03, 3.938234E-02
1.185506E-07, -2.021462E-02, -4.45356E-03, 3.917157E-02
1.185568E-07, -1.652613E-02, -4.03202E-03, 3.896080E-02
1.185631E-07, -1.283763E-02, -3.71587E-03, 3.870787E-02
1.185693E-07, -9.14914E-03, -3.29432E-03, 3.841279E-02
1.185756E-07, -5.46064E-03, -2.97817E-03, 3.815987E-02
1.185818E-07, -2.82600E-03, -2.45124E-03, 3.794910E-02
1.185881E-07, 8.6249E-04, -2.24047E-03, 3.769617E-02
1.185943E-07, 2.97021E-03, -1.92431E-03, 3.748540E-02
1.186006E-07, 5.07792E-03, -1.50277E-03, 3.719032E-02
1.186068E-07, 6.65870E-03, -1.29200E-03, 3.697955E-02
1.186131E-07, 7.18563E-03, -9.7584E-04, 3.676878E-02
1.186193E-07, 7.18563E-03, -9.7584E-04, 3.668447E-02
1.186256E-07, 8.76641E-03, -7.6507E-04, 3.647370E-02
1.186318E-07, 6.13177E-03, -6.5968E-04, 3.638939E-02
1.186381E-07, 6.13177E-03, -6.5968E-04, 3.634724E-02
1.186443E-07, 3.49713E-03, -5.5430E-04, 3.634724E-02
1.186506E-07, 2.97021E-03, -5.5430E-04, 3.630508E-02
1.186568E-07, -1.9136E-04, -6.5968E-04, 3.638939E-02
1.186631E-07, -1.24522E-03, -9.7584E-04, 3.660016E-02
1.186693E-07, -5.46064E-03, -7.6507E-04, 3.672662E-02
1.186756E-07, -7.04142E-03, -1.08123E-03, 3.693739E-02
1.186818E-07, -1.072992E-02, -1.29200E-03, 3.710601E-02
1.186881E-07, -1.283763E-02, -1.39738E-03, 3.744325E-02
1.186943E-07, -1.599920E-02, -1.71354E-03, 3.782263E-02
1.187006E-07, -1.757998E-02, -1.71354E-03, 3.820202E-02
1.187068E-07, -2.021462E-02, -2.02970E-03, 3.858141E-02
1.187131E-07, -2.126848E-02, -2.13508E-03, 3.904511E-02
1.187193E-07, -2.232233E-02, -2.45124E-03, 3.950880E-02
1.187256E-07, -2.337619E-02, -2.34585E-03, 3.993034E-02
1.187318E-07, -2.495697E-02, -2.76740E-03, 4.052050E-02
1.187381E-07, -2.601083E-02, -2.76740E-03, 4.102635E-02
1.187443E-07, -2.548390E-02, -3.08355E-03, 4.149005E-02
1.187506E-07, -2.495697E-02, -3.39971E-03, 4.199590E-02
1.187568E-07, -2.495697E-02, -3.50509E-03, 4.250175E-02
1.187631E-07, -2.232233E-02, -3.82125E-03, 4.296545E-02
1.187693E-07, -2.284926E-02, -4.03202E-03, 4.342914E-02
1.187756E-07, -1.968769E-02, -4.34818E-03, 4.389284E-02
1.187818E-07, -1.916077E-02, -4.55895E-03, 4.418792E-02
1.187881E-07, -1.652613E-02, -5.08588E-03, 4.448300E-02
1.187943E-07, -1.547227E-02, -5.29665E-03, 4.486239E-02
1.188006E-07, -1.389149E-02, -5.82358E-03, 4.507316E-02
1.188068E-07, -1.178377E-02, -6.24512E-03, 4.515747E-02
1.188131E-07, -9.14914E-03, -6.77205E-03, 4.528393E-02
1.188193E-07, -7.56835E-03, -7.29898E-03, 4.541039E-02
1.188256E-07, -6.51450E-03, -7.72052E-03, 4.536824E-02
1.188318E-07, -5.46064E-03, -8.35283E-03, 4.536824E-02
1.188381E-07, -4.93371E-03, -8.98515E-03, 4.519962E-02
1.188443E-07, -4.93371E-03, -9.82823E-03, 4.507316E-02
1.188506E-07, -3.87986E-03, -1.046054E-02, 4.486239E-02
1.188568E-07, -3.87986E-03, -1.130363E-02, 4.456731E-02
1.188631E-07, -4.93371E-03, -1.183056E-02, 4.418792E-02
1.188693E-07, -5.98757E-03, -1.246287E-02, 4.389284E-02
1.188756E-07, -6.51450E-03, -1.309518E-02, 4.351345E-02
1.188818E-07, -9.14914E-03, -1.393827E-02, 4.313407E-02
1.188881E-07, -9.67606E-03, -1.457058E-02, 4.267037E-02
1.188943E-07, -1.231070E-02, -1.520289E-02, 4.224883E-02
1.189006E-07, -1.494534E-02, -1.572982E-02, 4.178513E-02
1.189068E-07, -1.705305E-02, -1.604598E-02, 4.132143E-02
1.189131E-07, -1.757998E-02, -1.636213E-02, 4.085774E-02
1.189193E-07, -2.074155E-02, -1.678368E-02, 4.047835E-02
1.189256E-07, -2.232233E-02, -1.688906E-02, 4.005681E-02
1.189318E-07, -2.443004E-02, -1.699445E-02, 3.971957E-02
1.189381E-07, -2.653776E-02, -1.678368E-02, 3.929803E-02
1.189443E-07, -2.811854E-02, -1.688906E-02, 3.891864E-02
1.189506E-07, -2.811854E-02, -1.657291E-02, 3.870787E-02
1.189568E-07, -2.969932E-02, -1.625675E-02, 3.853926E-02
1.189631E-07, -3.022625E-02, -1.572982E-02, 3.824418E-02
1.189693E-07, -3.022625E-02, -1.530828E-02, 3.803340E-02
1.189756E-07, -3.075318E-02, -1.488674E-02, 3.790694E-02
1.189818E-07, -3.022625E-02, -1.435981E-02, 3.778048E-02
1.189881E-07, -2.864547E-02, -1.330595E-02, 3.773832E-02
1.189943E-07, -2.811854E-02, -1.288441E-02, 3.773832E-02
1.190006E-07, -2.653776E-02, -1.183056E-02, 3.773832E-02
1.190068E-07, -2.601083E-02, -1.109286E-02, 3.782263E-02
1.190131E-07, -2.390312E-02, -1.035516E-02, 3.782263E-02
1.190193E-07, -2.337619E-02, -9.61746E-03, 3.790694E-02
1.190256E-07, -2.179541E-02, -8.87976E-03, 3.807556E-02
1.190318E-07, -1.916077E-02, -8.24745E-03, 3.815987E-02
1.190381E-07, -1.757998E-02, -7.61513E-03, 3.828633E-02
1.190443E-07, -1.652613E-02, -6.87743E-03, 3.837064E-02
1.190506E-07, -1.547227E-02, -6.24512E-03, 3.849710E-02
1.190568E-07, -1.441841E-02, -5.82358E-03, 3.870787E-02
1.190631E-07, -1.231070E-02, -5.50742E-03, 3.879218E-02
1.190693E-07, -1.283763E-02, -5.19126E-03, 3.887649E-02
1.190756E-07, -1.231070E-02, -4.87511E-03, 3.904511E-02
1.190818E-07, -1.283763E-02, -4.87511E-03, 3.908726E-02
1.190881E-07, -1.283763E-02, -4.45356E-03, 3.917157E-02
1.190943E-07, -1.389149E-02, -4.76972E-03, 3.925588E-02
1.191006E-07, -1.441841E-02, -4.66434E-03, 3.929803E-02
1.191068E-07, -1.599920E-02, -5.08588E-03, 3.934019E-02
1.191131E-07, -1.757998E-02, -5.08588E-03, 3.942449E-02
1.191193E-07, -1.810691E-02, -5.29665E-03, 3.942449E-02
1.191256E-07, -2.021462E-02, -5.82358E-03, 3.938234E-02
1.191318E-07, -2.232233E-02, -6.24512E-03, 3.942449E-02
1.191381E-07, -2.443004E-02, -6.87743E-03, 3.934019E-02
1.191443E-07, -2.601083E-02, -7.29898E-03, 3.934019E-02
1.191506E-07, -2.759161E-02, -7.61513E-03, 3.942449E-02
1.191568E-07, -2.969932E-02, -8.24745E-03, 3.946665E-02
1.191631E-07, -3.022625E-02, -8.98515E-03, 3.938234E-02
1.191693E-07, -3.233396E-02, -9.30130E-03, 3.942449E-02
1.191756E-07, -3.286089E-02, -9.82823E-03, 3.950880E-02
1.191818E-07, -3.391474E-02, -1.056593E-02, 3.946665E-02
1.191881E-07, -3.338782E-02, -1.098747E-02, 3.950880E-02
1.191943E-07, -3.338782E-02, -1.151440E-02, 3.959311E-02
1.192006E-07, -3.286089E-02, -1.204133E-02, 3.963526E-02
1.192068E-07, -3.180704E-02, -1.235748E-02, 3.971957E-02
1.192131E-07, -2.969932E-02, -1.267364E-02, 3.980388E-02
1.192193E-07, -2.811854E-02, -1.330595E-02, 3.997250E-02
1.192256E-07, -2.653776E-02, -1.341134E-02, 4.005681E-02
1.192318E-07, -2.337619E-02, -1.372750E-02, 4.009896E-02
1.192381E-07, -2.074155E-02, -1.425442E-02, 4.022542E-02
1.192443E-07, -1.757998E-02, -1.446519E-02, 4.035189E-02
1.192506E-07, -1.389149E-02, -1.478135E-02, 4.043620E-02
1.192568E-07, -1.125685E-02, -1.499212E-02, 4.060481E-02
1.192631E-07, -7.04142E-03, -1.499212E-02, 4.077343E-02
1.192693E-07, -3.87986E-03, -1.509751E-02, 4.081558E-02
1.192756E-07, -1.24522E-03, -1.520289E-02, 4.089989E-02
1.192818E-07, 2.97021E-03, -1.509751E-02, 4.098420E-02
1.192881E-07, 6.65870E-03, -1.509751E-02, 4.094205E-02
1.192943E-07, 9.29334E-03, -1.520289E-02, 4.106851E-02
1.193006E-07, 1.087412E-02, -1.478135E-02, 4.098420E-02
1.193068E-07, 1.456262E-02, -1.457058E-02, 4.102635E-02
1.193131E-07, 1.561647E-02, -1.425442E-02, 4.098420E-02
1.193193E-07, 1.667033E-02, -1.383288E-02, 4.085774E-02
1.193256E-07, 1.930497E-02, -1.309518E-02, 4.077343E-02
1.193318E-07, 1.877804E-02, -1.277903E-02, 4.060481E-02
1.193381E-07, 1.930497E-02, -1.214671E-02, 4.047835E-02
1.193443E-07, 1.825111E-02, -1.119824E-02, 4.026758E-02
1.193506E-07, 1.825111E-02, -1.035516E-02, 4.005681E-02
1.193568E-07, 1.719726E-02, -9.40669E-03, 3.984604E-02
1.193631E-07, 1.667033E-02, -8.35283E-03, 3.959311E-02
1.193693E-07, 1.508955E-02, -7.19359E-03, 3.934019E-02
1.193756E-07, 1.245491E-02, -5.92896E-03, 3.912941E-02
1.193818E-07, 9.82027E-03, -4.76972E-03, 3.883433E-02
1.193881E-07, 8.23948E-03, -3.29432E-03, 3.853926E-02
1.193943E-07, 5.07792E-03, -1.81893E-03, 3.837064E-02
1.194006E-07, 2.44328E-03, -4.4891E-04, 3.811771E-02
1.194068E-07, 3.3557E-04, 8.1571E-04, 3.794910E-02
1.194131E-07, -1.24522E-03, 2.60727E-03, 3.778048E-02
1.194193E-07, -4.40678E-03, 3.97728E-03, 3.756971E-02
1.194256E-07, -7.04142E-03, 5.34729E-03, 3.748540E-02
1.194318E-07, -8.09528E-03, 6.82269E-03, 3.740109E-02
1.194381E-07, -1.020299E-02, 8.19270E-03, 3.735894E-02
1.194443E-07, -1.020299E-02, 9.66810E-03, 3.735894E-02
1.194506E-07, -1.178377E-02, 1.082734E-02, 3.731678E-02
1.194568E-07, -1.283763E-02, 1.177581E-02, 3.748540E-02
1.194631E-07, -1.336456E-02, 1.282967E-02, 3.756971E-02
1.194693E-07, -1.336456E-02, 1.356737E-02, 3.773832E-02
1.194756E-07, -1.389149E-02, 1.419968E-02, 3.799125E-02
1.194818E-07, -1.389149E-02, 1.462122E-02, 3.815987E-02
1.194881E-07, -1.283763E-02, 1.504277E-02, 3.837064E-02
1.194943E-07, -1.283763E-02, 1.504277E-02, 3.866572E-02
1.195006E-07, -1.178377E-02, 1.493738E-02, 3.896080E-02
1.195068E-07, -1.125685E-02, 1.451584E-02, 3.912941E-02
1.195131E-07, -1.072992E-02, 1.419968E-02, 3.950880E-02
1.195193E-07, -9.14914E-03, 1.346198E-02, 3.971957E-02
1.195256E-07, -8.62221E-03, 1.272428E-02, 3.997250E-02
1.195318E-07, -8.09528E-03, 1.177581E-02, 4.018327E-02
1.195381E-07, -7.04142E-03, 1.061657E-02, 4.039404E-02
1.195443E-07, -7.04142E-03, 9.35195E-03, 4.060481E-02
1.195506E-07, -7.04142E-03, 8.08732E-03, 4.068912E-02
1.195568E-07, -7.56835E-03, 6.50653E-03, 4.068912E-02
1.195631E-07, -7.04142E-03, 5.03114E-03, 4.073127E-02
1.195693E-07, -8.62221E-03, 3.66112E-03, 4.068912E-02
1.195756E-07, -1.020299E-02, 1.86957E-03, 4.060481E-02
1.195818E-07, -1.231070E-02, 3.9417E-04, 4.043620E-02
1.195881E-07, -1.336456E-02, -9.7584E-04, 4.026758E-02
1.195943E-07, -1.705305E-02, -2.66201E-03, 3.997250E-02
1.196006E-07, -1.916077E-02, -3.92664E-03, 3.971957E-02
1.196068E-07, -2.232233E-02, -5.29665E-03, 3.934019E-02
1.196131E-07, -2.653776E-02, -6.56128E-03, 3.891864E-02
1.196193E-07, -3.022625E-02, -7.61513E-03, 3.853926E-02
1.196256E-07, -3.444167E-02, -8.45822E-03, 3.807556E-02
1.196318E-07, -3.760324E-02, -9.40669E-03, 3.769617E-02
1.196381E-07, -4.339945E-02, -9.82823E-03, 3.723247E-02
1.196443E-07, -4.708794E-02, -1.035516E-02, 3.681093E-02
1.196506E-07, -5.235722E-02, -1.046054E-02, 3.638939E-02
1.196568E-07, -5.657265E-02, -1.088209E-02, 3.609431E-02
1.196631E-07, -6.078807E-02, -1.067131E-02, 3.567277E-02
1.196693E-07, -6.500349E-02, -1.035516E-02, 3.541984E-02
1.196756E-07, -7.027277E-02, -1.003900E-02, 3.525123E-02
1.196818E-07, -7.343434E-02, -9.72284E-03, 3.504045E-02
1.196881E-07, -7.659590E-02, -8.98515E-03, 3.499830E-02
1.196943E-07, -8.081133E-02, -8.24745E-03, 3.504045E-02
1.197006E-07, -8.397289E-02, -7.40436E-03, 3.516692E-02
1.197068E-07, -8.608060E-02, -6.77205E-03, 3.529338E-02
1.197131E-07, -8.713446E-02, -5.82358E-03, 3.558846E-02
1.197193E-07, -9.029603E-02, -5.08588E-03, 3.601000E-02
1.197256E-07, -9.029603E-02, -4.24279E-03, 3.638939E-02
1.197318E-07, -9.134988E-02, -3.39971E-03, 3.681093E-02
1.197381E-07, -9.134988E-02, -2.76740E-03, 3.740109E-02
1.197443E-07, -8.976910E-02, -2.24047E-03, 3.807556E-02
1.197506E-07, -8.924218E-02, -1.60815E-03, 3.870787E-02
1.197568E-07, -8.924218E-02, -1.18661E-03, 3.950880E-02
1.197631E-07, -8.608060E-02, -7.6507E-04, 4.018327E-02
1.197693E-07, -8.397289E-02, -7.6507E-04, 4.089989E-02
1.197756E-07, -8.239211E-02, -7.6507E-04, 4.170082E-02
1.197818E-07, -7.923055E-02, -8.7046E-04, 4.233314E-02
1.197881E-07, -7.554205E-02, -1.18661E-03, 4.296545E-02
1.197943E-07, -7.238048E-02, -1.39738E-03, 4.368207E-02
1.198006E-07, -6.869198E-02, -1.92431E-03, 4.414577E-02
1.198068E-07, -6.500349E-02, -2.66201E-03, 4.460946E-02
1.198131E-07, -6.131500E-02, -3.39971E-03, 4.503101E-02
1.198193E-07, -5.709957E-02, -4.24279E-03, 4.541039E-02
1.198256E-07, -5.288415E-02, -5.29665E-03, 4.557901E-02
1.198318E-07, -4.972258E-02, -6.35051E-03, 4.570547E-02
1.198381E-07, -4.603409E-02, -7.50975E-03, 4.578978E-02
1.198443E-07, -4.129174E-02, -8.24745E-03, 4.566332E-02
1.198506E-07, -3.865710E-02, -9.40669E-03, 4.541039E-02
1.198568E-07, -3.602246E-02, -1.024977E-02, 4.519962E-02
1.198631E-07, -3.233396E-02, -1.119824E-02, 4.486239E-02
1.198693E-07, -2.917239E-02, -1.225210E-02, 4.448300E-02
1.198756E-07, -2.706468E-02, -1.309518E-02, 4.397715E-02
1.198818E-07, -2.443004E-02, -1.372750E-02, 4.338699E-02
1.198881E-07, -2.179541E-02, -1.414904E-02, 4.279683E-02
1.198943E-07, -2.021462E-02, -1.467597E-02, 4.224883E-02
1.199006E-07, -1.810691E-02, -1.499212E-02, 4.161651E-02
1.199068E-07, -1.705305E-02, -1.488674E-02, 4.102635E-02
1.199131E-07, -1.494534E-02, -1.488674E-02, 4.039404E-02
1.199193E-07, -1.441841E-02, -1.457058E-02, 3.980388E-02
1.199256E-07, -1.336456E-02, -1.425442E-02, 3.921372E-02
1.199318E-07, -1.336456E-02, -1.372750E-02, 3.883433E-02
1.199381E-07, -1.336456E-02, -1.309518E-02, 3.849710E-02
1.199443E-07, -1.283763E-02, -1.214671E-02, 3.811771E-02
1.199506E-07, -1.283763E-02, -1.119824E-02, 3.782263E-02
1.199568E-07, -1.231070E-02, -1.003900E-02, 3.773832E-02
1.199631E-07, -1.125685E-02, -8.87976E-03, 3.769617E-02
1.199693E-07, -1.125685E-02, -7.50975E-03, 3.773832E-02
1.199756E-07, -1.231070E-02, -6.13973E-03, 3.790694E-02
1.199818E-07, -1.178377E-02, -4.76972E-03, 3.807556E-02
1.199881E-07, -1.125685E-02, -3.29432E-03, 3.837064E-02
1.199943E-07, -1.125685E-02, -1.92431E-03, 3.875003E-02
1.200006E-07, -1.125685E-02, -3.4353E-04, 3.917157E-02
1.200068E-07, -1.125685E-02, 8.1571E-04, 3.963526E-02
1.200131E-07, -1.020299E-02, 2.29111E-03, 4.018327E-02
1.200193E-07, -1.020299E-02, 3.45035E-03, 4.068912E-02
1.200256E-07, -9.67606E-03, 4.60959E-03, 4.127928E-02
1.200318E-07, -9.14914E-03, 5.45268E-03, 4.186944E-02
1.200381E-07, -8.62221E-03, 6.40115E-03, 4.237529E-02
1.200443E-07, -8.09528E-03, 7.03346E-03, 4.283899E-02
1.200506E-07, -7.04142E-03, 7.87655E-03, 4.334484E-02
1.200568E-07, -7.04142E-03, 7.98193E-03, 4.380853E-02
1.200631E-07, -5.98757E-03, 8.40348E-03, 4.414577E-02
1.200693E-07, -4.93371E-03, 8.40348E-03, 4.448300E-02
1.200756E-07, -3.87986E-03, 8.40348E-03, 4.473593E-02
1.200818E-07, -3.35293E-03, 8.19270E-03, 4.490454E-02
1.200881E-07, -1.77215E-03, 7.77116E-03, 4.490454E-02
1.200943E-07, -2.29907E-03, 7.24423E-03, 4.494670E-02
1.201006E-07, -2.29907E-03, 6.71731E-03, 4.486239E-02
1.201068E-07, -1.24522E-03, 5.87422E-03, 4.465162E-02
1.201131E-07, -7.1829E-04, 5.03114E-03, 4.444085E-02
1.201193E-07, -1.9136E-04, 4.08267E-03, 4.418792E-02
1.201256E-07, -1.9136E-04, 2.92343E-03, 4.376638E-02
1.201318E-07, 3.3557E-04, 1.76418E-03, 4.347130E-02
1.201381E-07, -7.1829E-04, 4.9956E-04, 4.296545E-02
1.201443E-07, -7.1829E-04, -8.7046E-04, 4.254391E-02
1.201506E-07, -7.1829E-04, -2.13508E-03, 4.199590E-02
1.201568E-07, -1.24522E-03, -3.50509E-03, 4.157436E-02
1.201631E-07, -1.77215E-03, -4.76972E-03, 4.111066E-02
1.201693E-07, -2.82600E-03, -6.35051E-03, 4.077343E-02
1.201756E-07, -3.35293E-03, -7.50975E-03, 4.039404E-02
1.201818E-07, -4.40678E-03, -8.77437E-03, 4.001465E-02
1.201881E-07, -5.46064E-03, -1.003900E-02, 3.963526E-02
1.201943E-07, -5.46064E-03, -1.119824E-02, 3.950880E-02
1.202006E-07, -7.04142E-03, -1.246287E-02, 3.938234E-02
1.202068E-07, -8.09528E-03, -1.351672E-02, 3.925588E-02
1.202131E-07, -9.14914E-03, -1.467597E-02, 3.921372E-02
1.202193E-07, -1.020299E-02, -1.551905E-02, 3.925588E-02
1.202256E-07, -1.125685E-02, -1.625675E-02, 3.938234E-02
1.202318E-07, -1.231070E-02, -1.720522E-02, 3.959311E-02
1.202381E-07, -1.336456E-02, -1.794292E-02, 3.980388E-02
1.202443E-07, -1.547227E-02, -1.846985E-02, 4.009896E-02
1.202506E-07, -1.705305E-02, -1.910216E-02, 4.039404E-02
1.202568E-07, -1.810691E-02, -1.941832E-02, 4.081558E-02
1.202631E-07, -1.916077E-02, -1.973447E-02, 4.115282E-02
1.202693E-07, -2.021462E-02, -1.994525E-02, 4.153220E-02
1.202756E-07, -2.284926E-02, -1.994525E-02, 4.195375E-02
1.202818E-07, -2.337619E-02, -1.994525E-02, 4.241744E-02
1.202881E-07, -2.443004E-02, -1.973447E-02, 4.271252E-02
1.202943E-07, -2.653776E-02, -1.962909E-02, 4.309191E-02
1.203006E-07, -2.759161E-02, -1.920754E-02, 4.347130E-02
1.203068E-07, -2.917239E-02, -1.899678E-02, 4.368207E-02
1.203131E-07, -3.075318E-02, -1.846985E-02, 4.376638E-02
1.203193E-07, -3.180704E-02, -1.773215E-02, 4.397715E-02
1.203256E-07, -3.286089E-02, -1.709983E-02, 4.414577E-02
1.203318E-07, -3.391474E-02, -1.625675E-02, 4.418792E-02
1.203381E-07, -3.602246E-02, -1.541366E-02, 4.410361E-02
1.203443E-07, -3.707631E-02, -1.446519E-02, 4.393500E-02
1.203506E-07, -3.760324E-02, -1.341134E-02, 4.368207E-02
1.203568E-07, -3.813017E-02, -1.246287E-02, 4.351345E-02
1.203631E-07, -3.865710E-02, -1.119824E-02, 4.313407E-02
1.203693E-07, -4.023788E-02, -1.024977E-02, 4.275468E-02
1.203756E-07, -4.129174E-02, -8.87976E-03, 4.237529E-02
1.203818E-07, -4.234559E-02, -7.72052E-03, 4.186944E-02
1.203881E-07, -4.181866E-02, -6.45589E-03, 4.140574E-02
1.203943E-07, -4.287252E-02, -5.08588E-03, 4.094205E-02
1.204006E-07, -4.339945E-02, -3.92664E-03, 4.043620E-02
1.204068E-07, -4.445330E-02, -2.87278E-03, 3.997250E-02
1.204131E-07, -4.392638E-02, -1.50277E-03, 3.938234E-02
1.204193E-07, -4.445330E-02, -6.5968E-04, 3.896080E-02
1.204256E-07, -4.498023E-02, 3.9417E-04, 3.853926E-02
1.204318E-07, -4.498023E-02, 1.23726E-03, 3.820202E-02
1.204381E-07, -4.550716E-02, 2.29111E-03, 3.786479E-02
1.204443E-07, -4.498023E-02, 2.92343E-03, 3.756971E-02
1.204506E-07, -4.550716E-02, 3.55574E-03, 3.731678E-02
1.204568E-07, -4.603409E-02, 4.18805E-03, 3.723247E-02
1.204631E-07, -4.603409E-02, 4.50421E-03, 3.710601E-02
1.204693E-07, -4.603409E-02, 4.71498E-03, 3.719032E-02
1.204756E-07, -4.656101E-02, 4.92575E-03, 3.727463E-02
1.204818E-07, -4.761487E-02, 4.82037E-03, 3.740109E-02
1.204881E-07, -4.603409E-02, 4.71498E-03, 3.756971E-02
1.204943E-07, -4.761487E-02, 4.39882E-03, 3.778048E-02
1.205006E-07, -4.866873E-02, 4.18805E-03, 3.799125E-02
1.205068E-07, -4.866873E-02, 3.55574E-03, 3.841279E-02
1.205131E-07, -4.866873E-02, 2.92343E-03, 3.866572E-02
1.205193E-07, -5.077644E-02, 2.08034E-03, 3.908726E-02
1.205256E-07, -5.130336E-02, 1.55341E-03, 3.946665E-02
1.205318E-07, -5.235722E-02, 6.0494E-04, 3.993034E-02
1.205381E-07, -5.235722E-02, -3.4353E-04, 4.022542E-02
1.205443E-07, -5.288415E-02, -1.39738E-03, 4.060481E-02
1.205506E-07, -5.341108E-02, -2.34585E-03, 4.098420E-02
1.205568E-07, -5.499186E-02, -3.39971E-03, 4.123713E-02
1.205631E-07, -5.499186E-02, -4.45356E-03, 4.149005E-02
1.205693E-07, -5.499186E-02, -5.50742E-03, 4.174298E-02
1.205756E-07, -5.604572E-02, -6.56128E-03, 4.186944E-02
1.205818E-07, -5.499186E-02, -7.29898E-03, 4.208021E-02
1.205881E-07, -5.446493E-02, -8.14206E-03, 4.199590E-02
1.205943E-07, -5.551879E-02, -9.09053E-03, 4.199590E-02
1.206006E-07, -5.499186E-02, -9.72284E-03, 4.191159E-02
1.206068E-07, -5.393801E-02, -1.024977E-02, 4.191159E-02
1.206131E-07, -5.235722E-02, -1.056593E-02, 4.165867E-02
1.206193E-07, -5.130336E-02, -1.109286E-02, 4.144790E-02
1.206256E-07, -4.972258E-02, -1.119824E-02, 4.111066E-02
1.206318E-07, -4.761487E-02, -1.140901E-02, 4.085774E-02
1.206381E-07, -4.603409E-02, -1.130363E-02, 4.052050E-02
1.206443E-07, -4.339945E-02, -1.109286E-02, 4.014112E-02
1.206506E-07, -4.181866E-02, -1.077670E-02, 3.971957E-02
1.206568E-07, -3.918403E-02, -1.035516E-02, 3.934019E-02
1.206631E-07, -3.602246E-02, -9.93362E-03, 3.891864E-02
1.206693E-07, -3.391474E-02, -9.30130E-03, 3.853926E-02
1.206756E-07, -3.128011E-02, -8.45822E-03, 3.811771E-02
1.206818E-07, -2.969932E-02, -7.72052E-03, 3.782263E-02
1.206881E-07, -2.653776E-02, -6.77205E-03, 3.744325E-02
1.206943E-07, -2.495697E-02, -5.50742E-03, 3.714817E-02
1.207006E-07, -2.232233E-02, -4.66434E-03, 3.689524E-02
1.207068E-07, -2.021462E-02, -3.50509E-03, 3.664231E-02
1.207131E-07, -1.863384E-02, -2.24047E-03, 3.647370E-02
1.207193E-07, -1.810691E-02, -1.18661E-03, 3.630508E-02
1.207256E-07, -1.705305E-02, -2.737E-05, 3.626293E-02
1.207318E-07, -1.652613E-02, 9.2110E-04, 3.630508E-02
1.207381E-07, -1.705305E-02, 2.08034E-03, 3.638939E-02
1.207443E-07, -1.599920E-02, 3.34497E-03, 3.647370E-02
1.207506E-07, -1.705305E-02, 4.39882E-03, 3.655801E-02
1.207568E-07, -1.810691E-02, 5.24191E-03, 3.672662E-02
1.207631E-07, -1.916077E-02, 6.08499E-03, 3.697955E-02
1.207693E-07, -2.179541E-02, 7.03346E-03, 3.727463E-02
1.207756E-07, -2.443004E-02, 7.87655E-03, 3.752755E-02
1.207818E-07, -2.706468E-02, 8.40348E-03, 3.786479E-02
1.207881E-07, -2.811854E-02, 8.93040E-03, 3.815987E-02
1.207943E-07, -3.180704E-02, 9.35195E-03, 3.858141E-02
1.208006E-07, -3.602246E-02, 9.66810E-03, 3.891864E-02
1.208068E-07, -3.865710E-02, 9.87887E-03, 3.929803E-02
1.208131E-07, -4.129174E-02, 1.030042E-02, 3.963526E-02
1.208193E-07, -4.498023E-02, 1.019503E-02, 3.993034E-02
1.208256E-07, -4.919565E-02, 1.008964E-02, 4.026758E-02
1.208318E-07, -5.235722E-02, 9.87887E-03, 4.060481E-02
1.208381E-07, -5.499186E-02, 9.66810E-03, 4.085774E-02
1.208443E-07, -5.815343E-02, 9.35195E-03, 4.115282E-02
1.208506E-07, -6.026114E-02, 8.93040E-03, 4.136359E-02
1.208568E-07, -6.342271E-02, 8.29809E-03, 4.149005E-02
1.208631E-07, -6.500349E-02, 7.98193E-03, 4.170082E-02
1.208693E-07, -6.605735E-02, 7.13885E-03, 4.186944E-02
1.208756E-07, -6.921891E-02, 6.61192E-03, 4.195375E-02
1.208818E-07, -7.027277E-02, 5.66345E-03, 4.203806E-02
1.208881E-07, -6.869198E-02, 5.24191E-03, 4.199590E-02
1.208943E-07, -6.974584E-02, 4.29344E-03, 4.216452E-02
1.209006E-07, -7.027277E-02, 3.55574E-03, 4.220667E-02
1.209068E-07, -6.869198E-02, 2.81804E-03, 4.216452E-02
1.209131E-07, -6.816506E-02, 2.08034E-03, 4.212236E-02
1.209193E-07, -6.711120E-02, 1.13187E-03, 4.212236E-02
1.209256E-07, -6.553042E-02, 6.0494E-04, 4.199590E-02
1.209318E-07, -6.394964E-02, -2.3814E-04, 4.199590E-02
1.209381E-07, -6.236885E-02, -8.7046E-04, 4.203806E-02
1.209443E-07, -5.973421E-02, -1.39738E-03, 4.186944E-02
1.209506E-07, -5.762650E-02, -1.81893E-03, 4.178513E-02
1.209568E-07, -5.446493E-02, -2.24047E-03, 4.178513E-02
1.209631E-07, -5.130336E-02, -2.76740E-03, 4.170082E-02
1.209693E-07, -4.972258E-02, -2.97817E-03, 4.165867E-02
1.209756E-07, -4.656101E-02, -3.18894E-03, 4.165867E-02
1.209818E-07, -4.392638E-02, -3.39971E-03, 4.165867E-02
1.209881E-07, -4.129174E-02, -3.50509E-03, 4.153220E-02
1.209943E-07, -3.971095E-02, -3.50509E-03, 4.153220E-02
1.210006E-07, -3.707631E-02, -3.50509E-03, 4.153220E-02
1.210068E-07, -3.496860E-02, -3.08355E-03, 4.149005E-02
1.210131E-07, -3.286089E-02, -2.66201E-03, 4.140574E-02
1.210193E-07, -3.022625E-02, -2.55662E-03, 4.140574E-02
1.210256E-07, -2.864547E-02, -2.02970E-03, 4.136359E-02
1.210318E-07, -2.706468E-02, -1.81893E-03, 4.132143E-02
1.210381E-07, -2.495697E-02, -1.29200E-03, 4.127928E-02
1.210443E-07, -2.284926E-02, -7.6507E-04, 4.127928E-02
1.210506E-07, -2.126848E-02, -1.3276E-04, 4.119497E-02
1.210568E-07, -2.021462E-02, 3.9417E-04, 4.111066E-02
1.210631E-07, -1.863384E-02, 1.23726E-03, 4.098420E-02
1.210693E-07, -1.757998E-02, 1.65880E-03, 4.081558E-02
1.210756E-07, -1.652613E-02, 2.29111E-03, 4.068912E-02
1.210818E-07, -1.494534E-02, 2.81804E-03, 4.056266E-02
1.210881E-07, -1.283763E-02, 3.66112E-03, 4.043620E-02
1.210943E-07, -1.336456E-02, 3.97728E-03, 4.018327E-02
1.211006E-07, -1.178377E-02, 4.39882E-03, 4.001465E-02
1.211068E-07, -1.072992E-02, 4.82037E-03, 3.971957E-02
1.211131E-07, -9.67606E-03, 5.24191E-03, 3.955096E-02
1.211193E-07, -9.14914E-03, 5.34729E-03, 3.934019E-02
1.211256E-07, -7.56835E-03, 5.55806E-03, 3.900295E-02
1.211318E-07, -7.04142E-03, 5.55806E-03, 3.883433E-02
1.211381E-07, -5.98757E-03, 5.55806E-03, 3.853926E-02
1.211443E-07, -5.46064E-03, 5.34729E-03, 3.828633E-02
1.211506E-07, -3.87986E-03, 5.03114E-03, 3.799125E-02
1.211568E-07, -3.35293E-03, 4.82037E-03, 3.782263E-02
1.211631E-07, -2.82600E-03, 4.39882E-03, 3.752755E-02
1.211693E-07, -2.82600E-03, 3.87190E-03, 3.731678E-02
1.211756E-07, -1.77215E-03, 3.34497E-03, 3.706386E-02
1.211818E-07, -1.24522E-03, 2.71265E-03, 3.681093E-02
1.211881E-07, -1.24522E-03, 1.97495E-03, 3.655801E-02
1.211943E-07, -1.77215E-03, 1.23726E-03, 3.638939E-02
1.212006E-07, -1.24522E-03, 2.8879E-04, 3.626293E-02
1.212068E-07, -1.77215E-03, -4.4891E-04, 3.605216E-02
1.212131E-07, -1.77215E-03, -1.39738E-03, 3.588354E-02
1.212193E-07, -2.29907E-03, -2.34585E-03, 3.579923E-02
1.212256E-07, -3.35293E-03, -3.08355E-03, 3.571492E-02
1.212318E-07, -3.87986E-03, -4.03202E-03, 3.554631E-02
1.212381E-07, -4.40678E-03, -5.08588E-03, 3.554631E-02
1.212443E-07, -5.46064E-03, -5.82358E-03, 3.541984E-02
1.212506E-07, -7.56835E-03, -6.66666E-03, 3.529338E-02
1.212568E-07, -9.67606E-03, -7.40436E-03, 3.529338E-02
1.212631E-07, -1.072992E-02, -8.03667E-03, 3.525123E-02
1.212693E-07, -1.231070E-02, -8.66899E-03, 3.525123E-02
1.212756E-07, -1.389149E-02, -9.40669E-03, 3.525123E-02
1.212818E-07, -1.547227E-02, -9.72284E-03, 3.525123E-02
1.212881E-07, -1.547227E-02, -1.014439E-02, 3.520907E-02
1.212943E-07, -1.757998E-02, -1.024977E-02, 3.525123E-02
1.213006E-07, -1.810691E-02, -1.035516E-02, 3.516692E-02
1.213068E-07, -1.916077E-02, -1.056593E-02, 3.520907E-02
1.213131E-07, -1.968769E-02, -1.035516E-02, 3.516692E-02
1.213193E-07, -2.074155E-02, -1.046054E-02, 3.525123E-02
1.213256E-07, -2.021462E-02, -1.024977E-02, 3.516692E-02
1.213318E-07, -2.126848E-02, -1.003900E-02, 3.516692E-02
1.213381E-07, -2.074155E-02, -9.51207E-03, 3.525123E-02
1.213443E-07, -1.968769E-02, -9.09053E-03, 3.516692E-02
1.213506E-07, -1.810691E-02, -8.56360E-03, 3.516692E-02
1.213568E-07, -1.757998E-02, -8.03667E-03, 3.525123E-02
1.213631E-07, -1.705305E-02, -7.29898E-03, 3.525123E-02
1.213693E-07, -1.441841E-02, -6.56128E-03, 3.529338E-02
1.213756E-07, -1.389149E-02, -5.92896E-03, 3.537769E-02
1.213818E-07, -1.125685E-02, -5.29665E-03, 3.546200E-02
1.213881E-07, -8.62221E-03, -4.45356E-03, 3.546200E-02
1.213943E-07, -7.04142E-03, -3.61048E-03, 3.563061E-02
1.214006E-07, -5.46064E-03, -2.76740E-03, 3.571492E-02
1.214068E-07, -3.87986E-03, -2.24047E-03, 3.579923E-02
1.214131E-07, -7.1829E-04, -1.08123E-03, 3.588354E-02
1.214193E-07, 3.3557E-04, -5.5430E-04, 3.609431E-02
1.214256E-07, 2.44328E-03, 2.8879E-04, 3.622077E-02
1.214318E-07, 3.49713E-03, 8.1571E-04, 3.634724E-02
1.214381E-07, 4.02406E-03, 1.65880E-03, 3.655801E-02
1.214443E-07, 5.07792E-03, 2.29111E-03, 3.681093E-02
1.214506E-07, 5.60485E-03, 2.81804E-03, 3.706386E-02
1.214568E-07, 5.60485E-03, 3.45035E-03, 3.727463E-02
1.214631E-07, 6.13177E-03, 4.08267E-03, 3.744325E-02
1.214693E-07, 5.60485E-03, 4.50421E-03, 3.773832E-02
1.214756E-07, 4.55099E-03, 5.03114E-03, 3.799125E-02
1.214818E-07, 3.49713E-03, 5.87422E-03, 3.824418E-02
1.214881E-07, 2.44328E-03, 6.19038E-03, 3.845495E-02
1.214943E-07, 8.6249E-04, 6.61192E-03, 3.866572E-02
1.215006E-07, -1.24522E-03, 6.92808E-03, 3.891864E-02
1.215068E-07, -3.35293E-03, 7.45500E-03, 3.908726E-02
1.215131E-07, -5.46064E-03, 7.87655E-03, 3.929803E-02
1.215193E-07, -8.62221E-03, 8.19270E-03, 3.950880E-02
1.215256E-07, -9.67606E-03, 8.50886E-03, 3.959311E-02
1.215318E-07, -1.336456E-02, 8.93040E-03, 3.971957E-02
1.215381E-07, -1.441841E-02, 9.24656E-03, 3.984604E-02
1.215443E-07, -1.652613E-02, 9.66810E-03, 3.993034E-02
1.215506E-07, -1.863384E-02, 9.98426E-03, 3.997250E-02
1.215568E-07, -1.916077E-02, 1.019503E-02, 4.009896E-02
1.215631E-07, -2.074155E-02, 1.061657E-02, 3.993034E-02
1.215693E-07, -2.126848E-02, 1.072196E-02, 3.997250E-02
1.215756E-07, -2.126848E-02, 1.103811E-02, 3.997250E-02
1.215818E-07, -2.021462E-02, 1.114350E-02, 3.993034E-02
1.215881E-07, -1.916077E-02, 1.145966E-02, 3.976173E-02
1.215943E-07, -1.916077E-02, 1.156504E-02, 3.967742E-02
1.216006E-07, -1.652613E-02, 1.156504E-02, 3.959311E-02
1.216068E-07, -1.441841E-02, 1.145966E-02, 3.959311E-02
1.216131E-07, -1.178377E-02, 1.177581E-02, 3.938234E-02
1.216193E-07, -7.56835E-03, 1.145966E-02, 3.925588E-02
1.216256E-07, -3.87986E-03, 1.124889E-02, 3.912941E-02
1.216318E-07, 3.3557E-04, 1.093273E-02, 3.904511E-02
1.216381E-07, 4.55099E-03, 1.072196E-02, 3.896080E-02
1.216443E-07, 8.76641E-03, 1.030042E-02, 3.891864E-02
1.216506E-07, 1.298183E-02, 9.98426E-03, 3.883433E-02
1.216568E-07, 1.825111E-02, 9.45733E-03, 3.879218E-02
1.216631E-07, 2.246654E-02, 8.71963E-03, 3.883433E-02
1.216693E-07, 2.668196E-02, 7.77116E-03, 3.883433E-02
1.216756E-07, 3.089738E-02, 7.24423E-03, 3.891864E-02
1.216818E-07, 3.405895E-02, 6.08499E-03, 3.891864E-02
1.216881E-07, 3.827437E-02, 5.45268E-03, 3.900295E-02
1.216943E-07, 3.985516E-02, 4.29344E-03, 3.908726E-02
1.217006E-07, 4.143594E-02, 3.23958E-03, 3.921372E-02
1.217068E-07, 4.407058E-02, 2.08034E-03, 3.938234E-02
1.217131E-07, 4.512443E-02, 1.13187E-03, 3.955096E-02
1.217193E-07, 4.512443E-02, -1.3276E-04, 3.980388E-02
1.217256E-07, 4.354365E-02, -1.18661E-03, 3.993034E-02
1.217318E-07, 4.301672E-02, -2.34585E-03, 4.018327E-02
1.217381E-07, 3.985516E-02, -3.29432E-03, 4.039404E-02
1.217443E-07, 3.774745E-02, -4.45356E-03, 4.064697E-02
1.217506E-07, 3.353202E-02, -5.19126E-03, 4.081558E-02
1.217568E-07, 3.037046E-02, -6.24512E-03, 4.098420E-02
1.217631E-07, 2.510118E-02, -6.87743E-03, 4.119497E-02
1.217693E-07, 2.035883E-02, -7.29898E-03, 4.132143E-02
1.217756E-07, 1.508955E-02, -7.82590E-03, 4.144790E-02
1.217818E-07, 9.29334E-03, -8.03667E-03, 4.149005E-02
1.217881E-07, 4.55099E-03, -8.14206E-03, 4.165867E-02
1.217943E-07, -2.29907E-03, -8.14206E-03, 4.174298E-02
1.218006E-07, -8.09528E-03, -8.03667E-03, 4.178513E-02
1.218068E-07, -1.283763E-02, -7.82590E-03, 4.170082E-02
1.218131E-07, -1.863384E-02, -7.29898E-03, 4.165867E-02
1.218193E-07, -2.337619E-02, -6.87743E-03, 4.170082E-02
1.218256E-07, -2.706468E-02, -5.92896E-03, 4.157436E-02
1.218318E-07, -3.180704E-02, -4.98049E-03, 4.144790E-02
1.218381E-07, -3.602246E-02, -4.24279E-03, 4.136359E-02
1.218443E-07, -3.865710E-02, -2.97817E-03, 4.123713E-02
1.218506E-07, -4.076481E-02, -1.71354E-03, 4.098420E-02
1.218568E-07, -4.181866E-02, -5.5430E-04, 4.089989E-02
1.218631E-07, -4.181866E-02, 6.0494E-04, 4.060481E-02
1.218693E-07, -4.234559E-02, 1.86957E-03, 4.052050E-02
1.218756E-07, -4.181866E-02, 3.02881E-03, 4.030973E-02
1.218818E-07, -4.023788E-02, 4.39882E-03, 4.005681E-02
1.218881E-07, -3.707631E-02, 5.55806E-03, 3.988819E-02
1.218943E-07, -3.549553E-02, 6.82269E-03, 3.980388E-02
1.219006E-07, -3.180704E-02, 7.77116E-03, 3.963526E-02
1.219068E-07, -2.811854E-02, 8.71963E-03, 3.946665E-02
1.219131E-07, -2.390312E-02, 9.45733E-03, 3.934019E-02
1.219193E-07, -2.021462E-02, 1.008964E-02, 3.925588E-02
1.219256E-07, -1.547227E-02, 1.072196E-02, 3.912941E-02
1.219318E-07, -1.178377E-02, 1.103811E-02, 3.912941E-02
1.219381E-07, -6.51450E-03, 1.114350E-02, 3.904511E-02
1.219443E-07, -1.77215E-03, 1.135427E-02, 3.908726E-02
1.219506E-07, 2.44328E-03, 1.124889E-02, 3.912941E-02
1.219568E-07, 6.65870E-03, 1.103811E-02, 3.904511E-02
1.219631E-07, 1.034720E-02, 1.072196E-02, 3.917157E-02
1.219693E-07, 1.403569E-02, 1.019503E-02, 3.921372E-02
1.219756E-07, 1.719726E-02, 9.35195E-03, 3.925588E-02
1.219818E-07, 1.877804E-02, 8.61425E-03, 3.934019E-02
1.219881E-07, 2.193961E-02, 7.87655E-03, 3.938234E-02
1.219943E-07, 2.299346E-02, 7.03346E-03, 3.950880E-02
1.220006E-07, 2.457425E-02, 5.97961E-03, 3.942449E-02
1.220068E-07, 2.510118E-02, 4.92575E-03, 3.946665E-02
1.220131E-07, 2.510118E-02, 4.18805E-03, 3.955096E-02
1.220193E-07, 2.562810E-02, 3.02881E-03, 3.963526E-02
1.220256E-07, 2.404732E-02, 2.29111E-03, 3.950880E-02
1.220318E-07, 2.352039E-02, 1.23726E-03, 3.950880E-02
1.220381E-07, 2.088575E-02, 4.9956E-04, 3.950880E-02
1.220443E-07, 1.877804E-02, -2.3814E-04, 3.942449E-02
1.220506E-07, 1.772419E-02, -7.6507E-04, 3.929803E-02
1.220568E-07, 1.403569E-02, -1.50277E-03, 3.917157E-02
1.220631E-07, 1.192798E-02, -1.81893E-03, 3.908726E-02
1.220693E-07, 8.76641E-03, -2.13508E-03, 3.896080E-02
1.220756E-07, 5.60485E-03, -2.13508E-03, 3.883433E-02
1.220818E-07, 3.49713E-03, -2.34585E-03, 3.866572E-02
1.220881E-07, 3.3557E-04, -2.13508E-03, 3.849710E-02
1.220943E-07, -2.82600E-03, -1.81893E-03, 3.841279E-02
1.221006E-07, -4.40678E-03, -1.50277E-03, 3.832848E-02
1.221068E-07, -8.62221E-03, -1.18661E-03, 3.811771E-02
1.221131E-07, -1.072992E-02, -4.4891E-04, 3.799125E-02
1.221193E-07, -1.283763E-02, 7.801E-05, 3.794910E-02
1.221256E-07, -1.494534E-02, 7.1033E-04, 3.786479E-02
1.221318E-07, -1.652613E-02, 1.55341E-03, 3.782263E-02
1.221381E-07, -1.916077E-02, 2.39650E-03, 3.782263E-02
1.221443E-07, -2.021462E-02, 3.23958E-03, 3.782263E-02
1.221506E-07, -2.126848E-02, 3.97728E-03, 3.782263E-02
1.221568E-07, -2.179541E-02, 4.82037E-03, 3.790694E-02
1.221631E-07, -2.284926E-02, 5.87422E-03, 3.803340E-02
1.221693E-07, -2.337619E-02, 6.50653E-03, 3.820202E-02
1.221756E-07, -2.443004E-02, 7.45500E-03, 3.837064E-02
1.221818E-07, -2.443004E-02, 8.08732E-03, 3.858141E-02
1.221881E-07, -2.443004E-02, 8.71963E-03, 3.879218E-02
1.221943E-07, -2.390312E-02, 9.14117E-03, 3.896080E-02
1.222006E-07, -2.337619E-02, 9.56272E-03, 3.921372E-02
1.222068E-07, -2.284926E-02, 9.98426E-03, 3.942449E-02
1.222131E-07, -2.284926E-02, 1.019503E-02, 3.963526E-02
1.222193E-07, -2.126848E-02, 1.030042E-02, 3.984604E-02
1.222256E-07, -2.074155E-02, 1.030042E-02, 4.005681E-02
1.222318E-07, -1.968769E-02, 1.030042E-02, 4.026758E-02
1.222381E-07, -1.863384E-02, 1.008964E-02, 4.039404E-02
1.222443E-07, -1.863384E-02, 9.87887E-03, 4.047835E-02
1.222506E-07, -1.810691E-02, 9.56272E-03, 4.052050E-02
1.222568E-07, -1.599920E-02, 9.14117E-03, 4.060481E-02
1.222631E-07, -1.547227E-02, 8.82502E-03, 4.060481E-02
1.222693E-07, -1.494534E-02, 8.08732E-03, 4.043620E-02
1.222756E-07, -1.389149E-02, 7.34962E-03, 4.035189E-02
1.222818E-07, -1.283763E-02, 6.82269E-03, 4.009896E-02
1.222881E-07, -1.125685E-02, 6.19038E-03, 3.980388E-02
1.222943E-07, -1.231070E-02, 5.34729E-03, 3.946665E-02
1.223006E-07, -1.178377E-02, 4.71498E-03, 3.912941E-02
1.223068E-07, -1.125685E-02, 3.87190E-03, 3.862356E-02
1.223131E-07, -9.67606E-03, 3.34497E-03, 3.811771E-02
1.223193E-07, -9.67606E-03, 2.71265E-03, 3.756971E-02
1.223256E-07, -1.020299E-02, 2.18573E-03, 3.702170E-02
1.223318E-07, -9.14914E-03, 1.76418E-03, 3.634724E-02
1.223381E-07, -1.020299E-02, 1.34264E-03, 3.571492E-02
1.223443E-07, -1.020299E-02, 1.02648E-03, 3.508261E-02
1.223506E-07, -1.020299E-02, 8.1571E-04, 3.445030E-02
1.223568E-07, -1.072992E-02, 3.9417E-04, 3.381798E-02
1.223631E-07, -1.125685E-02, 6.0494E-04, 3.314351E-02
1.223693E-07, -1.178377E-02, 4.9956E-04, 3.259551E-02
1.223756E-07, -1.178377E-02, 7.1033E-04, 3.196320E-02
1.223818E-07, -1.283763E-02, 1.02648E-03, 3.145735E-02
1.223881E-07, -1.336456E-02, 1.44803E-03, 3.090934E-02
1.223943E-07, -1.389149E-02, 1.86957E-03, 3.044564E-02
1.224006E-07, -1.547227E-02, 2.39650E-03, 3.006626E-02
1.224068E-07, -1.599920E-02, 3.02881E-03, 2.977118E-02
1.224131E-07, -1.757998E-02, 3.66112E-03, 2.956040E-02
1.224193E-07, -1.757998E-02, 4.50421E-03, 2.930748E-02
1.224256E-07, -1.757998E-02, 5.45268E-03, 2.930748E-02
1.224318E-07, -1.968769E-02, 6.19038E-03, 2.930748E-02
1.224381E-07, -2.021462E-02, 6.92808E-03, 2.939179E-02
1.224443E-07, -2.074155E-02, 7.87655E-03, 2.947610E-02
1.224506E-07, -2.021462E-02, 8.61425E-03, 2.964471E-02
1.224568E-07, -2.126848E-02, 9.45733E-03, 2.998195E-02
1.224631E-07, -2.179541E-02, 1.019503E-02, 3.031918E-02
1.224693E-07, -2.232233E-02, 1.082734E-02, 3.074072E-02
1.224756E-07, -2.179541E-02, 1.167043E-02, 3.124657E-02
1.224818E-07, -2.284926E-02, 1.230274E-02, 3.171027E-02
1.224881E-07, -2.284926E-02, 1.261890E-02, 3.221612E-02
1.224943E-07, -2.337619E-02, 1.282967E-02, 3.280628E-02
1.225006E-07, -2.232233E-02, 1.304044E-02, 3.339644E-02
1.225068E-07, -2.337619E-02, 1.304044E-02, 3.390229E-02
1.225131E-07, -2.232233E-02, 1.293505E-02, 3.445030E-02
1.225193E-07, -2.337619E-02, 1.251351E-02, 3.508261E-02
1.225256E-07, -2.284926E-02, 1.219736E-02, 3.558846E-02
1.225318E-07, -2.284926E-02, 1.188120E-02, 3.613646E-02
1.225381E-07, -2.284926E-02, 1.135427E-02, 3.660016E-02
1.225443E-07, -2.495697E-02, 1.051119E-02, 3.710601E-02
1.225506E-07, -2.495697E-02, 9.87887E-03, 3.748540E-02
1.225568E-07, -2.548390E-02, 8.93040E-03, 3.786479E-02
1.225631E-07, -2.653776E-02, 7.87655E-03, 3.820202E-02
1.225693E-07, -2.917239E-02, 6.82269E-03, 3.841279E-02
1.225756E-07, -3.022625E-02, 5.76884E-03, 3.870787E-02
1.225818E-07, -3.233396E-02, 4.71498E-03, 3.887649E-02
1.225881E-07, -3.338782E-02, 3.55574E-03, 3.896080E-02
1.225943E-07, -3.760324E-02, 2.50188E-03, 3.912941E-02
1.226006E-07, -3.971095E-02, 1.34264E-03, 3.912941E-02
1.226068E-07, -4.287252E-02, 3.9417E-04, 3.917157E-02
1.226131E-07, -4.498023E-02, -3.4353E-04, 3.908726E-02
1.226193E-07, -4.866873E-02, -1.39738E-03, 3.908726E-02
1.226256E-07, -5.130336E-02, -2.24047E-03, 3.900295E-02
1.226318E-07, -5.393801E-02, -3.08355E-03, 3.891864E-02
1.226381E-07, -5.868036E-02, -3.50509E-03, 3.883433E-02
1.226443E-07, -6.131500E-02, -3.92664E-03, 3.875003E-02
1.226506E-07, -6.289578E-02, -4.24279E-03, 3.858141E-02
1.226568E-07, -6.553042E-02, -4.66434E-03, 3.858141E-02
1.226631E-07, -6.711120E-02, -4.45356E-03, 3.845495E-02
1.226693E-07, -7.027277E-02, -4.55895E-03, 3.832848E-02
1.226756E-07, -7.185356E-02, -4.45356E-03, 3.828633E-02
1.226818E-07, -7.238048E-02, -4.24279E-03, 3.824418E-02
1.226881E-07, -7.185356E-02, -3.71587E-03, 3.815987E-02
1.226943E-07, -7.238048E-02, -3.61048E-03, 3.811771E-02
1.227006E-07, -7.027277E-02, -2.87278E-03, 3.815987E-02
1.227068E-07, -6.974584E-02, -2.45124E-03, 3.811771E-02
1.227131E-07, -6.816506E-02, -1.81893E-03, 3.811771E-02
1.227193E-07, -6.394964E-02, -1.39738E-03, 3.815987E-02
1.227256E-07, -6.184192E-02, -7.6507E-04, 3.824418E-02
1.227318E-07, -5.762650E-02, -1.3276E-04, 3.832848E-02
1.227381E-07, -5.341108E-02, 2.8879E-04, 3.832848E-02
1.227443E-07, -4.866873E-02, 8.1571E-04, 3.845495E-02
1.227506E-07, -4.339945E-02, 1.23726E-03, 3.849710E-02
1.227568E-07, -3.707631E-02, 1.65880E-03, 3.858141E-02
1.227631E-07, -3.180704E-02, 1.86957E-03, 3.862356E-02
1.227693E-07, -2.601083E-02, 2.18573E-03, 3.862356E-02
1.227756E-07, -1.863384E-02, 2.39650E-03, 3.866572E-02
1.227818E-07, -1.283763E-02, 2.29111E-03, 3.870787E-02
1.227881E-07, -5.98757E-03, 2.29111E-03, 3.866572E-02
1.227943E-07, 3.3557E-04, 2.18573E-03, 3.866572E-02
1.228006E-07, 5.60485E-03, 2.08034E-03, 3.858141E-02
1.228068E-07, 1.245491E-02, 1.76418E-03, 3.849710E-02
1.228131E-07, 1.825111E-02, 1.55341E-03, 3.837064E-02
1.228193E-07, 2.246654E-02, 1.23726E-03, 3.837064E-02
1.228256E-07, 2.720889E-02, 7.1033E-04, 3.811771E-02
1.228318E-07, 3.195124E-02, 2.8879E-04, 3.799125E-02
1.228381E-07, 3.563973E-02, -1.3276E-04, 3.782263E-02
1.228443E-07, 3.880130E-02, -4.4891E-04, 3.765402E-02
1.228506E-07, 4.143594E-02, -9.7584E-04, 3.752755E-02
1.228568E-07, 4.248980E-02, -1.39738E-03, 3.735894E-02
1.228631E-07, 4.459751E-02, -1.71354E-03, 3.714817E-02
1.228693E-07, 4.459751E-02, -2.02970E-03, 3.706386E-02
1.228756E-07, 4.459751E-02, -2.02970E-03, 3.685309E-02
1.228818E-07, 4.354365E-02, -2.34585E-03, 3.676878E-02
1.228881E-07, 4.301672E-02, -2.34585E-03, 3.655801E-02
1.228943E-07, 4.090901E-02, -2.55662E-03, 3.655801E-02
1.229006E-07, 3.880130E-02, -2.24047E-03, 3.638939E-02
1.229068E-07, 3.669359E-02, -2.13508E-03, 3.634724E-02
1.229131E-07, 3.353202E-02, -1.81893E-03, 3.630508E-02
1.229193E-07, 3.195124E-02, -1.71354E-03, 3.643154E-02
1.229256E-07, 2.826274E-02, -1.29200E-03, 3.634724E-02
1.229318E-07, 2.615503E-02, -7.6507E-04, 3.643154E-02
1.229381E-07, 2.193961E-02, -3.4353E-04, 3.655801E-02
1.229443E-07, 1.930497E-02, 2.8879E-04, 3.664231E-02
1.229506E-07, 1.614340E-02, 8.1571E-04, 3.672662E-02
1.229568E-07, 1.298183E-02, 1.34264E-03, 3.685309E-02
1.229631E-07, 1.087412E-02, 2.18573E-03, 3.697955E-02
1.229693E-07, 8.23948E-03, 2.60727E-03, 3.719032E-02
1.229756E-07, 5.07792E-03, 3.13420E-03, 3.740109E-02
1.229818E-07, 2.97021E-03, 3.66112E-03, 3.752755E-02
1.229881E-07, 2.44328E-03, 4.18805E-03, 3.765402E-02
1.229943E-07, -7.1829E-04, 4.82037E-03, 3.786479E-02
1.230006E-07, -2.82600E-03, 5.13652E-03, 3.799125E-02
1.230068E-07, -3.35293E-03, 5.55806E-03, 3.803340E-02
1.230131E-07, -4.93371E-03, 5.76884E-03, 3.807556E-02
1.230193E-07, -5.98757E-03, 5.87422E-03, 3.820202E-02
1.230256E-07, -7.56835E-03, 6.19038E-03, 3.824418E-02
1.230318E-07, -8.62221E-03, 6.08499E-03, 3.820202E-02
1.230381E-07, -9.67606E-03, 5.87422E-03, 3.811771E-02
1.230443E-07, -9.67606E-03, 5.87422E-03, 3.803340E-02
1.230506E-07, -1.125685E-02, 5.76884E-03, 3.794910E-02
1.230568E-07, -1.231070E-02, 5.34729E-03, 3.773832E-02
1.230631E-07, -1.336456E-02, 5.03114E-03, 3.752755E-02
1.230693E-07, -1.389149E-02, 4.71498E-03, 3.731678E-02
1.230756E-07, -1.599920E-02, 4.08267E-03, 3.697955E-02
1.230818E-07, -1.810691E-02, 3.55574E-03, 3.676878E-02
1.230881E-07, -1.810691E-02, 3.13420E-03, 3.638939E-02
1.230943E-07, -2.021462E-02, 2.29111E-03, 3.613646E-02
1.231006E-07, -2.179541E-02, 1.76418E-03, 3.571492E-02
1.231068E-07, -2.337619E-02, 1.13187E-03, 3.537769E-02
1.231131E-07, -2.390312E-02, 3.9417E-04, 3.499830E-02
1.231193E-07, -2.653776E-02, -3.4353E-04, 3.461891E-02
1.231256E-07, -2.864547E-02, -7.6507E-04, 3.432383E-02
1.231318E-07, -3.075318E-02, -1.39738E-03, 3.407091E-02
1.231381E-07, -3.338782E-02, -2.24047E-03, 3.369152E-02
1.231443E-07, -3.444167E-02, -2.66201E-03, 3.348075E-02
1.231506E-07, -3.602246E-02, -3.08355E-03, 3.326998E-02
1.231568E-07, -3.813017E-02, -3.71587E-03, 3.305921E-02
1.231631E-07, -4.023788E-02, -3.92664E-03, 3.280628E-02
1.231693E-07, -4.129174E-02, -4.45356E-03, 3.276413E-02
1.231756E-07, -4.287252E-02, -4.98049E-03, 3.276413E-02
1.231818E-07, -4.445330E-02, -5.29665E-03, 3.267982E-02
1.231881E-07, -4.445330E-02, -5.61281E-03, 3.272197E-02
1.231943E-07, -4.708794E-02, -6.03435E-03, 3.284843E-02
1.232006E-07, -4.708794E-02, -6.35051E-03, 3.293274E-02
1.232068E-07, -4.761487E-02, -6.66666E-03, 3.318567E-02
1.232131E-07, -4.656101E-02, -6.66666E-03, 3.326998E-02
1.232193E-07, -4.866873E-02, -7.08820E-03, 3.360721E-02
1.232256E-07, -4.708794E-02, -7.19359E-03, 3.377583E-02
1.232318E-07, -4.656101E-02, -7.29898E-03, 3.415522E-02
1.232381E-07, -4.656101E-02, -7.61513E-03, 3.453460E-02
1.232443E-07, -4.498023E-02, -7.72052E-03, 3.478753E-02
1.232506E-07, -4.550716E-02, -7.82590E-03, 3.508261E-02
1.232568E-07, -4.392638E-02, -8.35283E-03, 3.550415E-02
1.232631E-07, -4.339945E-02, -8.56360E-03, 3.579923E-02
1.232693E-07, -4.234559E-02, -8.98515E-03, 3.613646E-02
1.232756E-07, -4.129174E-02, -9.19592E-03, 3.647370E-02
1.232818E-07, -4.129174E-02, -9.51207E-03, 3.676878E-02
1.232881E-07, -3.971095E-02, -9.72284E-03, 3.702170E-02
1.232943E-07, -3.971095E-02, -1.014439E-02, 3.727463E-02
1.233006E-07, -3.971095E-02, -1.035516E-02, 3.752755E-02
1.233068E-07, -3.918403E-02, -1.077670E-02, 3.773832E-02
1.233131E-07, -3.918403E-02, -1.088209E-02, 3.790694E-02
1.233193E-07, -3.918403E-02, -1.140901E-02, 3.794910E-02
1.233256E-07, -3.918403E-02, -1.172517E-02, 3.815987E-02
1.233318E-07, -4.023788E-02, -1.183056E-02, 3.824418E-02
1.233381E-07, -4.076481E-02, -1.214671E-02, 3.828633E-02
1.233443E-07, -4.129174E-02, -1.246287E-02, 3.837064E-02
1.233506E-07, -4.181866E-02, -1.235748E-02, 3.824418E-02
1.233568E-07, -4.392638E-02, -1.246287E-02, 3.820202E-02
1.233631E-07, -4.550716E-02, -1.256825E-02, 3.824418E-02
1.233693E-07, -4.656101E-02, -1.277903E-02, 3.815987E-02
1.233756E-07, -4.919565E-02, -1.246287E-02, 3.803340E-02
1.233818E-07, -4.972258E-02, -1.256825E-02, 3.799125E-02
1.233881E-07, -5.130336E-02, -1.235748E-02, 3.782263E-02
1.233943E-07, -5.288415E-02, -1.214671E-02, 3.778048E-02
1.234006E-07, -5.341108E-02, -1.172517E-02, 3.761186E-02
1.234068E-07, -5.499186E-02, -1.130363E-02, 3.752755E-02
1.234131E-07, -5.657265E-02, -1.088209E-02, 3.740109E-02
1.234193E-07, -5.709957E-02, -1.024977E-02, 3.731678E-02
1.234256E-07, -5.815343E-02, -9.72284E-03, 3.719032E-02
1.234318E-07, -5.920728E-02, -8.98515E-03, 3.710601E-02
1.234381E-07, -5.920728E-02, -8.35283E-03, 3.702170E-02
1.234443E-07, -5.762650E-02, -7.61513E-03, 3.702170E-02
1.234506E-07, -5.815343E-02, -6.87743E-03, 3.693739E-02
1.234568E-07, -5.604572E-02, -5.92896E-03, 3.697955E-02
1.234631E-07, -5.551879E-02, -5.19126E-03, 3.685309E-02
1.234693E-07, -5.341108E-02, -4.45356E-03, 3.685309E-02
1.234756E-07, -5.183030E-02, -3.39971E-03, 3.685309E-02
1.234818E-07, -4.972258E-02, -2.55662E-03, 3.689524E-02
1.234881E-07, -4.708794E-02, -1.71354E-03, 3.685309E-02
1.234943E-07, -4.392638E-02, -1.29200E-03, 3.693739E-02
1.235006E-07, -4.076481E-02, -6.5968E-04, 3.697955E-02
1.235068E-07, -3.654939E-02, 1.8340E-04, 3.697955E-02
1.235131E-07, -3.233396E-02, 6.0494E-04, 3.697955E-02
1.235193E-07, -2.917239E-02, 1.23726E-03, 3.706386E-02
1.235256E-07, -2.495697E-02, 1.44803E-03, 3.706386E-02
1.235318E-07, -2.126848E-02, 1.76418E-03, 3.710601E-02
1.235381E-07, -1.757998E-02, 1.86957E-03, 3.723247E-02
1.235443E-07, -1.389149E-02, 1.86957E-03, 3.723247E-02
1.235506E-07, -9.14914E-03, 1.86957E-03, 3.719032E-02
1.235568E-07, -5.46064E-03, 1.76418E-03, 3.735894E-02
1.235631E-07, -2.82600E-03, 1.55341E-03, 3.731678E-02
1.235693E-07, -7.1829E-04, 9.2110E-04, 3.735894E-02
1.235756E-07, 2.97021E-03, 4.9956E-04, 3.744325E-02
1.235818E-07, 3.49713E-03, -2.737E-05, 3.744325E-02
1.235881E-07, 6.65870E-03, -7.6507E-04, 3.740109E-02
1.235943E-07, 6.65870E-03, -1.60815E-03, 3.735894E-02
1.236006E-07, 8.23948E-03, -2.34585E-03, 3.731678E-02
1.236068E-07, 8.23948E-03, -3.08355E-03, 3.744325E-02
1.236131E-07, 7.71256E-03, -3.92664E-03, 3.735894E-02
1.236193E-07, 6.65870E-03, -4.98049E-03, 3.735894E-02
1.236256E-07, 5.60485E-03, -5.82358E-03, 3.744325E-02
1.236318E-07, 4.02406E-03, -6.77205E-03, 3.740109E-02
1.236381E-07, 8.6249E-04, -7.50975E-03, 3.748540E-02
1.236443E-07, -1.77215E-03, -8.35283E-03, 3.735894E-02
1.236506E-07, -4.93371E-03, -8.98515E-03, 3.723247E-02
1.236568E-07, -9.14914E-03, -9.61746E-03, 3.723247E-02
1.236631E-07, -1.178377E-02, -9.93362E-03, 3.719032E-02
1.236693E-07, -1.705305E-02, -1.035516E-02, 3.719032E-02
1.236756E-07, -2.021462E-02, -1.067131E-02, 3.706386E-02
1.236818E-07, -2.601083E-02, -1.088209E-02, 3.702170E-02
1.236881E-07, -2.969932E-02, -1.088209E-02, 3.689524E-02
1.236943E-07, -3.444167E-02, -1.067131E-02, 3.685309E-02
1.237006E-07, -3.865710E-02, -1.035516E-02, 3.676878E-02
1.237068E-07, -4.339945E-02, -9.61746E-03, 3.664231E-02
1.237131E-07, -4.603409E-02, -8.87976E-03, 3.651585E-02
1.237193E-07, -5.024951E-02, -8.24745E-03, 3.634724E-02
1.237256E-07, -5.341108E-02, -7.40436E-03, 3.630508E-02
1.237318E-07, -5.709957E-02, -6.35051E-03, 3.613646E-02
1.237381E-07, -5.920728E-02, -5.29665E-03, 3.601000E-02
1.237443E-07, -6.131500E-02, -4.03202E-03, 3.592569E-02
1.237506E-07, -6.289578E-02, -2.66201E-03, 3.571492E-02
1.237568E-07, -6.289578E-02, -1.39738E-03, 3.563061E-02
1.237631E-07, -6.342271E-02, -2.3814E-04, 3.541984E-02
1.237693E-07, -6.289578E-02, 1.02648E-03, 3.537769E-02
1.237756E-07, -6.236885E-02, 2.39650E-03, 3.533553E-02
1.237818E-07, -6.131500E-02, 3.66112E-03, 3.520907E-02
1.237881E-07, -5.868036E-02, 4.92575E-03, 3.512476E-02
1.237943E-07, -5.762650E-02, 5.76884E-03, 3.508261E-02
1.238006E-07, -5.446493E-02, 6.71731E-03, 3.504045E-02
1.238068E-07, -5.183030E-02, 7.45500E-03, 3.499830E-02
1.238131E-07, -4.814180E-02, 8.08732E-03, 3.499830E-02
1.238193E-07, -4.498023E-02, 8.50886E-03, 3.504045E-02
1.238256E-07, -4.129174E-02, 8.93040E-03, 3.508261E-02
1.238318E-07, -3.707631E-02, 8.93040E-03, 3.525123E-02
1.238381E-07, -3.233396E-02, 9.03579E-03, 3.533553E-02
1.238443E-07, -2.811854E-02, 8.61425E-03, 3.546200E-02
1.238506E-07, -2.443004E-02, 8.19270E-03, 3.558846E-02
1.238568E-07, -2.021462E-02, 7.66578E-03, 3.571492E-02
1.238631E-07, -1.599920E-02, 6.92808E-03, 3.592569E-02
1.238693E-07, -1.283763E-02, 5.97961E-03, 3.617862E-02
1.238756E-07, -9.67606E-03, 4.71498E-03, 3.634724E-02
1.238818E-07, -6.51450E-03, 3.45035E-03, 3.655801E-02
1.238881E-07, -3.35293E-03, 2.18573E-03, 3.672662E-02
1.238943E-07, -1.77215E-03, 7.1033E-04, 3.702170E-02
1.239006E-07, 3.3557E-04, -7.6507E-04, 3.723247E-02
1.239068E-07, 2.44328E-03, -2.34585E-03, 3.740109E-02
1.239131E-07, 4.02406E-03, -3.82125E-03, 3.752755E-02
1.239193E-07, 5.60485E-03, -5.40204E-03, 3.769617E-02
1.239256E-07, 5.60485E-03, -6.66666E-03, 3.782263E-02
1.239318E-07, 5.60485E-03, -8.45822E-03, 3.799125E-02
1.239381E-07, 6.65870E-03, -9.72284E-03, 3.799125E-02
1.239443E-07, 6.13177E-03, -1.088209E-02, 3.794910E-02
1.239506E-07, 5.60485E-03, -1.204133E-02, 3.799125E-02
1.239568E-07, 5.60485E-03, -1.309518E-02, 3.790694E-02
1.239631E-07, 4.55099E-03, -1.383288E-02, 3.786479E-02
1.239693E-07, 2.97021E-03, -1.478135E-02, 3.778048E-02
1.239756E-07, 1.38942E-03, -1.551905E-02, 3.748540E-02
1.239818E-07, 3.3557E-04, -1.604598E-02, 3.735894E-02
1.239881E-07, -1.24522E-03, -1.625675E-02, 3.714817E-02
1.239943E-07, -2.29907E-03, -1.636213E-02, 3.693739E-02
1.240006E-07, -4.40678E-03, -1.646752E-02, 3.664231E-02
1.240068E-07, -5.46064E-03, -1.646752E-02, 3.630508E-02
1.240131E-07, -7.04142E-03, -1.636213E-02, 3.592569E-02
1.240193E-07, -8.62221E-03, -1.583521E-02, 3.563061E-02
1.240256E-07, -9.14914E-03, -1.541366E-02, 3.533553E-02
1.240318E-07, -1.020299E-02, -1.509751E-02, 3.504045E-02
1.240381E-07, -1.125685E-02, -1.446519E-02, 3.470322E-02
1.240443E-07, -1.178377E-02, -1.383288E-02, 3.440814E-02
1.240506E-07, -1.283763E-02, -1.298980E-02, 3.415522E-02
1.240568E-07, -1.283763E-02, -1.246287E-02, 3.398660E-02
1.240631E-07, -1.336456E-02, -1.151440E-02, 3.377583E-02
1.240693E-07, -1.441841E-02, -1.098747E-02, 3.356506E-02
1.240756E-07, -1.494534E-02, -1.046054E-02, 3.339644E-02
1.240818E-07, -1.494534E-02, -9.93362E-03, 3.335429E-02
1.240881E-07, -1.389149E-02, -9.09053E-03, 3.331213E-02
1.240943E-07, -1.494534E-02, -8.66899E-03, 3.331213E-02
1.241006E-07, -1.494534E-02, -8.24745E-03, 3.335429E-02
1.241068E-07, -1.494534E-02, -7.93129E-03, 3.335429E-02
1.241131E-07, -1.547227E-02, -7.50975E-03, 3.348075E-02
1.241193E-07, -1.547227E-02, -7.29898E-03, 3.369152E-02
1.241256E-07, -1.547227E-02, -7.08820E-03, 3.386014E-02
1.241318E-07, -1.652613E-02, -6.98282E-03, 3.407091E-02
1.241381E-07, -1.757998E-02, -7.08820E-03, 3.432383E-02
1.241443E-07, -1.810691E-02, -7.08820E-03, 3.466107E-02
1.241506E-07, -1.968769E-02, -6.98282E-03, 3.482968E-02
1.241568E-07, -2.021462E-02, -7.08820E-03, 3.520907E-02
1.241631E-07, -2.179541E-02, -7.19359E-03, 3.541984E-02
1.241693E-07, -2.232233E-02, -7.50975E-03, 3.571492E-02
1.241756E-07, -2.443004E-02, -7.50975E-03, 3.596785E-02
1.241818E-07, -2.759161E-02, -8.03667E-03, 3.617862E-02
1.241881E-07, -2.864547E-02, -8.03667E-03, 3.638939E-02
1.241943E-07, -3.128011E-02, -8.24745E-03, 3.660016E-02
1.242006E-07, -3.391474E-02, -8.45822E-03, 3.672662E-02
1.242068E-07, -3.602246E-02, -8.56360E-03, 3.685309E-02
1.242131E-07, -3.865710E-02, -8.66899E-03, 3.697955E-02
1.242193E-07, -4.181866E-02, -8.87976E-03, 3.697955E-02
1.242256E-07, -4.287252E-02, -9.19592E-03, 3.706386E-02
1.242318E-07, -4.708794E-02, -9.40669E-03, 3.706386E-02
1.242381E-07, -4.919565E-02, -9.30130E-03, 3.693739E-02
1.242443E-07, -5.130336E-02, -9.40669E-03, 3.685309E-02
1.242506E-07, -5.341108E-02, -9.40669E-03, 3.668447E-02
1.242568E-07, -5.551879E-02, -9.30130E-03, 3.647370E-02
1.242631E-07, -5.762650E-02, -9.61746E-03, 3.630508E-02
1.242693E-07, -5.973421E-02, -9.40669E-03, 3.609431E-02
1.242756E-07, -6.078807E-02, -9.51207E-03, 3.592569E-02
1.242818E-07, -6.184192E-02, -9.30130E-03, 3.567277E-02
1.242881E-07, -6.236885E-02, -9.40669E-03, 3.541984E-02
1.242943E-07, -6.394964E-02, -9.40669E-03, 3.525123E-02
1.243006E-07, -6.447656E-02, -9.19592E-03, 3.499830E-02
1.243068E-07, -6.394964E-02, -9.19592E-03, 3.478753E-02
1.243131E-07, -6.342271E-02, -9.19592E-03, 3.466107E-02
1.243193E-07, -6.236885E-02, -9.09053E-03, 3.445030E-02
1.243256E-07, -6.236885E-02, -9.09053E-03, 3.432383E-02
1.243318E-07, -6.078807E-02, -9.09053E-03, 3.428168E-02
1.243381E-07, -5.920728E-02, -9.19592E-03, 3.419737E-02
1.243443E-07, -5.657265E-02, -8.98515E-03, 3.415522E-02
1.243506E-07, -5.499186E-02, -9.09053E-03, 3.415522E-02
1.243568E-07, -5.235722E-02, -8.98515E-03, 3.419737E-02
1.243631E-07, -4.972258E-02, -8.98515E-03, 3.423952E-02
1.243693E-07, -4.656101E-02, -8.87976E-03, 3.432383E-02
1.243756E-07, -4.392638E-02, -8.77437E-03, 3.449245E-02
1.243818E-07, -4.076481E-02, -8.87976E-03, 3.466107E-02
1.243881E-07, -3.707631E-02, -8.66899E-03, 3.478753E-02
1.243943E-07, -3.391474E-02, -8.66899E-03, 3.495615E-02
1.244006E-07, -3.128011E-02, -8.35283E-03, 3.525123E-02
1.244068E-07, -2.759161E-02, -8.14206E-03, 3.546200E-02
1.244131E-07, -2.443004E-02, -7.82590E-03, 3.567277E-02
1.244193E-07, -2.074155E-02, -7.50975E-03, 3.588354E-02
1.244256E-07, -1.810691E-02, -7.40436E-03, 3.617862E-02
1.244318E-07, -1.547227E-02, -6.77205E-03, 3.638939E-02
1.244381E-07, -1.231070E-02, -6.45589E-03, 3.655801E-02
1.244443E-07, -1.020299E-02, -5.92896E-03, 3.672662E-02
1.244506E-07, -7.56835E-03, -5.50742E-03, 3.681093E-02
1.244568E-07, -5.98757E-03, -4.76972E-03, 3.693739E-02
1.244631E-07, -3.87986E-03, -4.13741E-03, 3.702170E-02
1.244693E-07, -2.29907E-03, -3.61048E-03, 3.710601E-02
1.244756E-07, -1.24522E-03, -2.97817E-03, 3.710601E-02
1.244818E-07, -7.1829E-04, -2.24047E-03, 3.710601E-02
1.244881E-07, 8.6249E-04, -1.39738E-03, 3.697955E-02
1.244943E-07, 3.3557E-04, -8.7046E-04, 3.689524E-02
1.245006E-07, 1.38942E-03, -1.3276E-04, 3.685309E-02
1.245068E-07, 8.6249E-04, 6.0494E-04, 3.664231E-02
1.245131E-07, 3.3557E-04, 1.34264E-03, 3.655801E-02
1.245193E-07, -1.9136E-04, 1.76418E-03, 3.630508E-02
1.245256E-07, -1.24522E-03, 2.60727E-03, 3.613646E-02
1.245318E-07, -2.29907E-03, 3.02881E-03, 3.605216E-02
1.245381E-07, -4.40678E-03, 3.66112E-03, 3.579923E-02
1.245443E-07, -5.46064E-03, 3.97728E-03, 3.567277E-02
1.245506E-07, -7.04142E-03, 4.39882E-03, 3.546200E-02
1.245568E-07, -9.14914E-03, 4.82037E-03, 3.529338E-02
1.245631E-07, -1.125685E-02, 5.03114E-03, 3.516692E-02
1.245693E-07, -1.441841E-02, 5.24191E-03, 3.504045E-02
1.245756E-07, -1.599920E-02, 5.24191E-03, 3.499830E-02
1.245818E-07, -1.757998E-02, 5.34729E-03, 3.487184E-02
1.245881E-07, -1.968769E-02, 5.34729E-03, 3.491399E-02
1.245943E-07, -2.337619E-02, 5.13652E-03, 3.487184E-02
1.246006E-07, -2.601083E-02, 5.13652E-03, 3.487184E-02
1.246068E-07, -2.811854E-02, 4.82037E-03, 3.499830E-02
1.246131E-07, -3.075318E-02, 4.39882E-03, 3.512476E-02
1.246193E-07, -3.233396E-02, 4.08267E-03, 3.520907E-02
1.246256E-07, -3.602246E-02, 3.87190E-03, 3.537769E-02
1.246318E-07, -3.813017E-02, 3.45035E-03, 3.558846E-02
1.246381E-07, -4.023788E-02, 3.13420E-03, 3.579923E-02
1.246443E-07, -4.339945E-02, 2.60727E-03, 3.596785E-02
1.246506E-07, -4.603409E-02, 2.29111E-03, 3.613646E-02
1.246568E-07, -4.708794E-02, 1.65880E-03, 3.643154E-02
1.246631E-07, -4.972258E-02, 1.23726E-03, 3.655801E-02
1.246693E-07, -5.130336E-02, 8.1571E-04, 3.676878E-02
1.246756E-07, -5.446493E-02, 3.9417E-04, 3.697955E-02
1.246818E-07, -5.551879E-02, -2.737E-05, 3.706386E-02
1.246881E-07, -5.604572E-02, -3.4353E-04, 3.723247E-02
1.246943E-07, -5.868036E-02, -7.6507E-04, 3.735894E-02
1.247006E-07, -5.920728E-02, -9.7584E-04, 3.735894E-02
1.247068E-07, -6.078807E-02, -1.29200E-03, 3.735894E-02
1.247131E-07, -6.078807E-02, -1.39738E-03, 3.731678E-02
1.247193E-07, -6.131500E-02, -1.50277E-03, 3.727463E-02
1.247256E-07, -6.131500E-02, -1.71354E-03, 3.706386E-02
1.247318E-07, -6.131500E-02, -1.71354E-03, 3.693739E-02
1.247381E-07, -6.026114E-02, -1.71354E-03, 3.676878E-02
1.247443E-07, -6.026114E-02, -1.71354E-03, 3.660016E-02
1.247506E-07, -5.920728E-02, -1.60815E-03, 3.626293E-02
1.247568E-07, -5.815343E-02, -1.71354E-03, 3.596785E-02
1.247631E-07, -5.657265E-02, -1.39738E-03, 3.563061E-02
1.247693E-07, -5.446493E-02, -1.29200E-03, 3.529338E-02
1.247756E-07, -5.341108E-02, -1.18661E-03, 3.482968E-02
1.247818E-07, -5.024951E-02, -1.18661E-03, 3.461891E-02
1.247881E-07, -4.708794E-02, -7.6507E-04, 3.407091E-02
1.247943E-07, -4.550716E-02, -7.6507E-04, 3.373367E-02
1.248006E-07, -4.287252E-02, -3.4353E-04, 3.339644E-02
1.248068E-07, -3.971095E-02, -1.3276E-04, 3.297490E-02
1.248131E-07, -3.654939E-02, -2.737E-05, 3.272197E-02
1.248193E-07, -3.391474E-02, 2.8879E-04, 3.234258E-02
1.248256E-07, -3.075318E-02, 4.9956E-04, 3.208966E-02
1.248318E-07, -2.759161E-02, 4.9956E-04, 3.192104E-02
1.248381E-07, -2.495697E-02, 6.0494E-04, 3.171027E-02
1.248443E-07, -2.232233E-02, 8.1571E-04, 3.149950E-02
1.248506E-07, -1.916077E-02, 1.02648E-03, 3.141519E-02
1.248568E-07, -1.705305E-02, 9.2110E-04, 3.133088E-02
1.248631E-07, -1.494534E-02, 1.23726E-03, 3.128873E-02
1.248693E-07, -1.283763E-02, 1.23726E-03, 3.133088E-02
1.248756E-07, -1.178377E-02, 1.13187E-03, 3.149950E-02
1.248818E-07, -1.020299E-02, 1.13187E-03, 3.149950E-02
1.248881E-07, -8.62221E-03, 1.34264E-03, 3.158381E-02
1.248943E-07, -8.62221E-03, 1.23726E-03, 3.187889E-02
1.249006E-07, -8.62221E-03, 1.23726E-03, 3.204750E-02
1.249068E-07, -9.14914E-03, 1.02648E-03, 3.230043E-02
1.249131E-07, -9.14914E-03, 1.13187E-03, 3.251120E-02
1.249193E-07, -1.072992E-02, 1.02648E-03, 3.276413E-02
1.249256E-07, -1.178377E-02, 1.23726E-03, 3.301705E-02
1.249318E-07, -1.336456E-02, 7.1033E-04, 3.331213E-02
1.249381E-07, -1.494534E-02, 8.1571E-04, 3.352290E-02
1.249443E-07, -1.705305E-02, 8.1571E-04, 3.381798E-02
1.249506E-07, -1.916077E-02, 9.2110E-04, 3.398660E-02
1.249568E-07, -2.284926E-02, 7.1033E-04, 3.432383E-02
1.249631E-07, -2.495697E-02, 8.1571E-04, 3.453460E-02
1.249693E-07, -2.811854E-02, 7.1033E-04, 3.474537E-02
1.249756E-07, -3.075318E-02, 8.1571E-04, 3.482968E-02
1.249818E-07, -3.338782E-02, 8.1571E-04, 3.504045E-02
1.249881E-07, -3.549553E-02, 8.1571E-04, 3.504045E-02
1.249943E-07, -3.813017E-02, 7.1033E-04, 3.512476E-02
1.250006E-07, -4.129174E-02, 8.1571E-04, 3.512476E-02
1.250068E-07, -4.339945E-02, 9.2110E-04, 3.520907E-02
1.250131E-07, -4.392638E-02, 8.1571E-04, 3.520907E-02
1.250193E-07, -4.656101E-02, 7.1033E-04, 3.516692E-02
1.250256E-07, -4.761487E-02, 7.1033E-04, 3.512476E-02
1.250318E-07, -4.866873E-02, 4.9956E-04, 3.499830E-02
1.250381E-07, -4.919565E-02, 6.0494E-04, 3.499830E-02
1.250443E-07, -4.919565E-02, 3.9417E-04, 3.491399E-02
1.250506E-07, -5.024951E-02, 2.8879E-04, 3.487184E-02
1.250568E-07, -4.919565E-02, -2.737E-05, 3.461891E-02
1.250631E-07, -4.919565E-02, -2.737E-05, 3.449245E-02
1.250693E-07, -4.761487E-02, -3.4353E-04, 3.453460E-02
1.250756E-07, -4.708794E-02, -7.6507E-04, 3.436599E-02
1.250818E-07, -4.550716E-02, -1.08123E-03, 3.423952E-02
1.250881E-07, -4.287252E-02, -1.29200E-03, 3.423952E-02
1.250943E-07, -4.287252E-02, -1.92431E-03, 3.419737E-02
1.251006E-07, -4.076481E-02, -2.24047E-03, 3.411306E-02
1.251068E-07, -3.865710E-02, -2.66201E-03, 3.411306E-02
1.251131E-07, -3.654939E-02, -2.87278E-03, 3.411306E-02
1.251193E-07, -3.496860E-02, -3.50509E-03, 3.411306E-02
1.251256E-07, -3.391474E-02, -3.82125E-03, 3.423952E-02
1.251318E-07, -3.233396E-02, -4.45356E-03, 3.423952E-02
1.251381E-07, -3.128011E-02, -4.98049E-03, 3.436599E-02
1.251443E-07, -2.917239E-02, -5.50742E-03, 3.445030E-02
1.251506E-07, -2.864547E-02, -5.82358E-03, 3.457676E-02
1.251568E-07, -2.811854E-02, -6.35051E-03, 3.478753E-02
1.251631E-07, -2.759161E-02, -6.77205E-03, 3.482968E-02
1.251693E-07, -2.759161E-02, -7.08820E-03, 3.512476E-02
1.251756E-07, -2.811854E-02, -7.50975E-03, 3.529338E-02
1.251818E-07, -2.811854E-02, -7.72052E-03, 3.541984E-02
1.251881E-07, -2.759161E-02, -7.93129E-03, 3.554631E-02
1.251943E-07, -2.864547E-02, -8.14206E-03, 3.571492E-02
1.252006E-07, -2.917239E-02, -8.03667E-03, 3.596785E-02
1.252068E-07, -2.969932E-02, -8.35283E-03, 3.617862E-02
1.252131E-07, -2.969932E-02, -8.24745E-03, 3.630508E-02
1.252193E-07, -2.969932E-02, -8.03667E-03, 3.643154E-02
1.252256E-07, -2.969932E-02, -7.72052E-03, 3.651585E-02
1.252318E-07, -3.075318E-02, -7.82590E-03, 3.668447E-02
1.252381E-07, -3.022625E-02, -7.40436E-03, 3.676878E-02
1.252443E-07, -3.075318E-02, -6.98282E-03, 3.681093E-02
1.252506E-07, -2.969932E-02, -6.56128E-03, 3.681093E-02
1.252568E-07, -2.864547E-02, -6.13973E-03, 3.685309E-02
1.252631E-07, -2.759161E-02, -5.50742E-03, 3.681093E-02
1.252693E-07, -2.601083E-02, -5.19126E-03, 3.672662E-02
1.252756E-07, -2.390312E-02, -4.76972E-03, 3.664231E-02
1.252818E-07, -2.179541E-02, -4.13741E-03, 3.651585E-02
1.252881E-07, -1.863384E-02, -3.61048E-03, 3.638939E-02
1.252943E-07, -1.705305E-02, -3.29432E-03, 3.622077E-02
1.253006E-07, -1.336456E-02, -2.66201E-03, 3.601000E-02
1.253068E-07, -1.020299E-02, -2.24047E-03, 3.571492E-02
1.253131E-07, -5.98757E-03, -1.71354E-03, 3.550415E-02
1.253193E-07, -1.77215E-03, -1.39738E-03, 3.525123E-02
1.253256E-07, 1.91635E-03, -1.18661E-03, 3.499830E-02
1.253318E-07, 4.55099E-03, -1.08123E-03, 3.466107E-02
1.253381E-07, 9.29334E-03, -9.7584E-04, 3.445030E-02
1.253443E-07, 1.298183E-02, -7.6507E-04, 3.411306E-02
1.253506E-07, 1.561647E-02, -7.6507E-04, 3.377583E-02
1.253568E-07, 1.877804E-02, -8.7046E-04, 3.343859E-02
1.253631E-07, 2.088575E-02, -9.7584E-04, 3.310136E-02
1.253693E-07, 2.404732E-02, -1.29200E-03, 3.297490E-02
1.253756E-07, 2.562810E-02, -1.50277E-03, 3.276413E-02
1.253818E-07, 2.773582E-02, -2.02970E-03, 3.255336E-02
1.253881E-07, 2.984353E-02, -2.24047E-03, 3.225828E-02
1.253943E-07, 2.984353E-02, -2.97817E-03, 3.213181E-02
1.254006E-07, 3.037046E-02, -3.39971E-03, 3.200535E-02
1.254068E-07, 2.984353E-02, -3.82125E-03, 3.183673E-02
1.254131E-07, 2.878967E-02, -4.45356E-03, 3.179458E-02
1.254193E-07, 2.773582E-02, -4.98049E-03, 3.179458E-02
1.254256E-07, 2.615503E-02, -5.71819E-03, 3.179458E-02
1.254318E-07, 2.352039E-02, -6.13973E-03, 3.187889E-02
1.254381E-07, 2.088575E-02, -6.77205E-03, 3.200535E-02
1.254443E-07, 1.877804E-02, -7.29898E-03, 3.204750E-02
1.254506E-07, 1.561647E-02, -7.50975E-03, 3.217397E-02
1.254568E-07, 1.192798E-02, -7.82590E-03, 3.242689E-02
1.254631E-07, 9.82027E-03, -8.14206E-03, 3.255336E-02
1.254693E-07, 7.18563E-03, -8.45822E-03, 3.276413E-02
1.254756E-07, 4.02406E-03, -8.35283E-03, 3.305921E-02
1.254818E-07, 3.3557E-04, -8.45822E-03, 3.331213E-02
1.254881E-07, -1.24522E-03, -8.24745E-03, 3.343859E-02
1.254943E-07, -4.40678E-03, -8.24745E-03, 3.381798E-02
1.255006E-07, -5.98757E-03, -8.03667E-03, 3.398660E-02
1.255068E-07, -8.09528E-03, -7.61513E-03, 3.423952E-02
1.255131E-07, -9.14914E-03, -6.98282E-03, 3.440814E-02
1.255193E-07, -1.072992E-02, -6.66666E-03, 3.457676E-02
1.255256E-07, -1.072992E-02, -5.82358E-03, 3.474537E-02
1.255318E-07, -1.020299E-02, -5.19126E-03, 3.482968E-02
1.255381E-07, -1.072992E-02, -4.45356E-03, 3.491399E-02
1.255443E-07, -9.67606E-03, -3.71587E-03, 3.491399E-02
1.255506E-07, -8.09528E-03, -2.66201E-03, 3.482968E-02
1.255568E-07, -7.56835E-03, -1.81893E-03, 3.482968E-02
1.255631E-07, -4.93371E-03, -9.7584E-04, 3.461891E-02
1.255693E-07, -2.82600E-03, -3.4353E-04, 3.449245E-02
1.255756E-07, -1.77215E-03, 6.0494E-04, 3.432383E-02
1.255818E-07, 8.6249E-04, 1.44803E-03, 3.402875E-02
1.255881E-07, 4.02406E-03, 2.18573E-03, 3.373367E-02
1.255943E-07, 5.07792E-03, 2.60727E-03, 3.339644E-02
1.256006E-07, 7.18563E-03, 3.13420E-03, 3.305921E-02
1.256068E-07, 9.29334E-03, 3.66112E-03, 3.267982E-02
1.256131E-07, 1.140105E-02, 4.08267E-03, 3.225828E-02
1.256193E-07, 1.298183E-02, 4.08267E-03, 3.183673E-02
1.256256E-07, 1.456262E-02, 4.29344E-03, 3.141519E-02
1.256318E-07, 1.561647E-02, 4.18805E-03, 3.099365E-02
1.256381E-07, 1.561647E-02, 3.76651E-03, 3.065641E-02
1.256443E-07, 1.614340E-02, 3.55574E-03, 3.019272E-02
1.256506E-07, 1.614340E-02, 3.02881E-03, 2.985548E-02
1.256568E-07, 1.561647E-02, 2.50188E-03, 2.947610E-02
1.256631E-07, 1.508955E-02, 1.97495E-03, 2.913886E-02
1.256693E-07, 1.298183E-02, 1.02648E-03, 2.892809E-02
1.256756E-07, 1.245491E-02, 7.801E-05, 2.867517E-02
1.256818E-07, 1.034720E-02, -9.7584E-04, 2.850655E-02
1.256881E-07, 8.76641E-03, -2.02970E-03, 2.838009E-02
1.256943E-07, 6.13177E-03, -3.39971E-03, 2.842224E-02
1.257006E-07, 4.02406E-03, -4.34818E-03, 2.842224E-02
1.257068E-07, 1.91635E-03, -5.61281E-03, 2.850655E-02
1.257131E-07, -1.9136E-04, -6.87743E-03, 2.863301E-02
1.257193E-07, -2.29907E-03, -8.03667E-03, 2.880163E-02
1.257256E-07, -3.87986E-03, -9.19592E-03, 2.905455E-02
1.257318E-07, -6.51450E-03, -1.046054E-02, 2.930748E-02
1.257381E-07, -7.56835E-03, -1.130363E-02, 2.964471E-02
1.257443E-07, -8.62221E-03, -1.235748E-02, 3.006626E-02
1.257506E-07, -1.020299E-02, -1.309518E-02, 3.052995E-02
1.257568E-07, -1.125685E-02, -1.383288E-02, 3.090934E-02
1.257631E-07, -1.178377E-02, -1.457058E-02, 3.137304E-02
1.257693E-07, -1.125685E-02, -1.499212E-02, 3.179458E-02
1.257756E-07, -1.125685E-02, -1.520289E-02, 3.225828E-02
1.257818E-07, -1.125685E-02, -1.530828E-02, 3.272197E-02
1.257881E-07, -8.62221E-03, -1.520289E-02, 3.305921E-02
1.257943E-07, -7.56835E-03, -1.509751E-02, 3.352290E-02
1.258006E-07, -7.04142E-03, -1.488674E-02, 3.386014E-02
1.258068E-07, -4.40678E-03, -1.435981E-02, 3.411306E-02
1.258131E-07, -1.77215E-03, -1.372750E-02, 3.449245E-02
1.258193E-07, 3.3557E-04, -1.298980E-02, 3.466107E-02
1.258256E-07, 2.97021E-03, -1.214671E-02, 3.487184E-02
1.258318E-07, 4.55099E-03, -1.130363E-02, 3.491399E-02
1.258381E-07, 5.60485E-03, -1.035516E-02, 3.504045E-02
1.258443E-07, 8.23948E-03, -9.30130E-03, 3.504045E-02
1.258506E-07, 1.034720E-02, -8.14206E-03, 3.495615E-02
1.258568E-07, 1.192798E-02, -6.98282E-03, 3.482968E-02
1.258631E-07, 1.403569E-02, -5.71819E-03, 3.461891E-02
1.258693E-07, 1.456262E-02, -4.66434E-03, 3.445030E-02
1.258756E-07, 1.614340E-02, -3.71587E-03, 3.415522E-02
1.258818E-07, 1.561647E-02, -2.66201E-03, 3.381798E-02
1.258881E-07, 1.614340E-02, -1.81893E-03, 3.352290E-02
1.258943E-07, 1.614340E-02, -9.7584E-04, 3.322782E-02
1.259006E-07, 1.508955E-02, -4.4891E-04, 3.284843E-02
1.259068E-07, 1.403569E-02, 2.8879E-04, 3.242689E-02
1.259131E-07, 1.298183E-02, 9.2110E-04, 3.192104E-02
1.259193E-07, 1.140105E-02, 1.34264E-03, 3.154165E-02
1.259256E-07, 8.76641E-03, 1.44803E-03, 3.124657E-02
1.259318E-07, 5.60485E-03, 1.65880E-03, 3.086719E-02
1.259381E-07, 2.44328E-03, 1.44803E-03, 3.052995E-02
1.259443E-07, 3.3557E-04, 1.13187E-03, 3.023487E-02
1.259506E-07, -2.82600E-03, 1.02648E-03, 3.006626E-02
1.259568E-07, -6.51450E-03, 4.9956E-04, 2.985548E-02
1.259631E-07, -1.020299E-02, 7.801E-05, 2.964471E-02
1.259693E-07, -1.389149E-02, -5.5430E-04, 2.956040E-02
1.259756E-07, -1.810691E-02, -1.39738E-03, 2.951825E-02
1.259818E-07, -2.126848E-02, -2.02970E-03, 2.951825E-02
1.259881E-07, -2.337619E-02, -2.76740E-03, 2.956040E-02
1.259943E-07, -2.759161E-02, -3.71587E-03, 2.960256E-02
1.260006E-07, -3.128011E-02, -4.55895E-03, 2.981333E-02
1.260068E-07, -3.338782E-02, -5.50742E-03, 2.998195E-02
1.260131E-07, -3.602246E-02, -6.13973E-03, 3.015056E-02
1.260193E-07, -3.813017E-02, -6.87743E-03, 3.048780E-02
1.260256E-07, -4.076481E-02, -7.72052E-03, 3.074072E-02
1.260318E-07, -4.234559E-02, -8.24745E-03, 3.099365E-02
1.260381E-07, -4.287252E-02, -9.09053E-03, 3.145735E-02
1.260443E-07, -4.392638E-02, -9.61746E-03, 3.175243E-02
1.260506E-07, -4.445330E-02, -9.93362E-03, 3.213181E-02
1.260568E-07, -4.498023E-02, -1.024977E-02, 3.242689E-02
1.260631E-07, -4.392638E-02, -1.056593E-02, 3.280628E-02
1.260693E-07, -4.392638E-02, -1.077670E-02, 3.310136E-02
1.260756E-07, -4.287252E-02, -1.088209E-02, 3.339644E-02
1.260818E-07, -4.181866E-02, -1.088209E-02, 3.364937E-02
1.260881E-07, -3.918403E-02, -1.056593E-02, 3.398660E-02
1.260943E-07, -3.707631E-02, -1.056593E-02, 3.415522E-02
1.261006E-07, -3.496860E-02, -1.035516E-02, 3.445030E-02
1.261068E-07, -3.286089E-02, -1.024977E-02, 3.461891E-02
1.261131E-07, -2.917239E-02, -9.82823E-03, 3.478753E-02
1.261193E-07, -2.706468E-02, -9.30130E-03, 3.491399E-02
1.261256E-07, -2.284926E-02, -8.77437E-03, 3.504045E-02
1.261318E-07, -2.074155E-02, -8.56360E-03, 3.508261E-02
1.261381E-07, -1.705305E-02, -8.14206E-03, 3.516692E-02
1.261443E-07, -1.336456E-02, -7.72052E-03, 3.516692E-02
1.261506E-07, -1.072992E-02, -7.40436E-03, 3.520907E-02
1.261568E-07, -7.04142E-03, -7.08820E-03, 3.529338E-02
1.261631E-07, -3.87986E-03, -6.77205E-03, 3.533553E-02
1.261693E-07, -1.9136E-04, -6.66666E-03, 3.533553E-02
1.261756E-07, 3.49713E-03, -6.56128E-03, 3.541984E-02
1.261818E-07, 6.13177E-03, -6.24512E-03, 3.541984E-02
1.261881E-07, 9.29334E-03, -6.35051E-03, 3.546200E-02
1.261943E-07, 1.034720E-02, -6.13973E-03, 3.558846E-02
1.262006E-07, 1.192798E-02, -6.13973E-03, 3.567277E-02
1.262068E-07, 1.508955E-02, -6.24512E-03, 3.584138E-02
1.262131E-07, 1.667033E-02, -6.56128E-03, 3.584138E-02
1.262193E-07, 1.825111E-02, -6.66666E-03, 3.601000E-02
1.262256E-07, 1.930497E-02, -6.77205E-03, 3.617862E-02
1.262318E-07, 2.035883E-02, -7.40436E-03, 3.634724E-02
1.262381E-07, 1.930497E-02, -7.61513E-03, 3.651585E-02
1.262443E-07, 2.035883E-02, -7.61513E-03, 3.668447E-02
1.262506E-07, 1.930497E-02, -8.03667E-03, 3.689524E-02
1.262568E-07, 1.825111E-02, -8.56360E-03, 3.706386E-02
1.262631E-07, 1.772419E-02, -8.87976E-03, 3.719032E-02
1.262693E-07, 1.456262E-02, -9.19592E-03, 3.735894E-02
1.262756E-07, 1.298183E-02, -9.51207E-03, 3.735894E-02
1.262818E-07, 1.140105E-02, -9.82823E-03, 3.752755E-02
1.262881E-07, 9.29334E-03, -1.014439E-02, 3.748540E-02
1.262943E-07, 5.07792E-03, -1.024977E-02, 3.752755E-02
1.263006E-07, 1.91635E-03, -1.046054E-02, 3.744325E-02
1.263068E-07, -7.1829E-04, -1.077670E-02, 3.740109E-02
1.263131E-07, -3.35293E-03, -1.056593E-02, 3.723247E-02
1.263193E-07, -7.56835E-03, -1.067131E-02, 3.697955E-02
1.263256E-07, -1.020299E-02, -1.056593E-02, 3.664231E-02
1.263318E-07, -1.389149E-02, -1.056593E-02, 3.634724E-02
1.263381E-07, -1.757998E-02, -1.035516E-02, 3.601000E-02
1.263443E-07, -2.074155E-02, -1.014439E-02, 3.554631E-02
1.263506E-07, -2.390312E-02, -9.72284E-03, 3.508261E-02
1.263568E-07, -2.706468E-02, -9.30130E-03, 3.457676E-02
1.263631E-07, -2.917239E-02, -8.77437E-03, 3.394444E-02
1.263693E-07, -3.180704E-02, -8.45822E-03, 3.339644E-02
1.263756E-07, -3.444167E-02, -7.72052E-03, 3.280628E-02
1.263818E-07, -3.654939E-02, -7.08820E-03, 3.213181E-02
1.263881E-07, -3.760324E-02, -6.45589E-03, 3.141519E-02
1.263943E-07, -4.076481E-02, -5.71819E-03, 3.078288E-02
1.264006E-07, -4.181866E-02, -5.19126E-03, 3.015056E-02
1.264068E-07, -4.234559E-02, -4.24279E-03, 2.951825E-02
1.264131E-07, -4.234559E-02, -3.29432E-03, 2.892809E-02
1.264193E-07, -4.339945E-02, -2.34585E-03, 2.838009E-02
1.264256E-07, -4.392638E-02, -1.71354E-03, 2.783208E-02
1.264318E-07, -4.392638E-02, -8.7046E-04, 2.741054E-02
1.264381E-07, -4.339945E-02, 1.8340E-04, 2.698900E-02
1.264443E-07, -4.339945E-02, 9.2110E-04, 2.665176E-02
1.264506E-07, -4.339945E-02, 1.76418E-03, 2.644099E-02
1.264568E-07, -4.287252E-02, 2.50188E-03, 2.635668E-02
1.264631E-07, -4.234559E-02, 3.55574E-03, 2.618807E-02
1.264693E-07, -4.287252E-02, 4.08267E-03, 2.614591E-02
1.264756E-07, -4.287252E-02, 4.82037E-03, 2.627238E-02
1.264818E-07, -4.287252E-02, 5.34729E-03, 2.648315E-02
1.264881E-07, -4.129174E-02, 5.97961E-03, 2.669392E-02
1.264943E-07, -4.234559E-02, 6.40115E-03, 2.698900E-02
1.265006E-07, -4.339945E-02, 6.82269E-03, 2.745269E-02
1.265068E-07, -4.287252E-02, 7.13885E-03, 2.791639E-02
1.265131E-07, -4.287252E-02, 7.34962E-03, 2.833793E-02
1.265193E-07, -4.445330E-02, 7.56039E-03, 2.888594E-02
1.265256E-07, -4.445330E-02, 7.66578E-03, 2.943394E-02
1.265318E-07, -4.445330E-02, 7.24423E-03, 3.006626E-02
1.265381E-07, -4.656101E-02, 7.03346E-03, 3.078288E-02
1.265443E-07, -4.708794E-02, 6.82269E-03, 3.128873E-02
1.265506E-07, -4.866873E-02, 6.40115E-03, 3.192104E-02
1.265568E-07, -4.919565E-02, 5.87422E-03, 3.246905E-02
1.265631E-07, -5.024951E-02, 5.55806E-03, 3.301705E-02
1.265693E-07, -5.130336E-02, 4.71498E-03, 3.356506E-02
1.265756E-07, -5.235722E-02, 3.87190E-03, 3.407091E-02
1.265818E-07, -5.341108E-02, 2.92343E-03, 3.453460E-02
1.265881E-07, -5.235722E-02, 2.29111E-03, 3.487184E-02
1.265943E-07, -5.446493E-02, 1.02648E-03, 3.516692E-02
1.266006E-07, -5.393801E-02, 2.8879E-04, 3.550415E-02
1.266068E-07, -5.393801E-02, -5.5430E-04, 3.558846E-02
1.266131E-07, -5.393801E-02, -1.60815E-03, 3.571492E-02
1.266193E-07, -5.341108E-02, -2.45124E-03, 3.571492E-02
1.266256E-07, -5.288415E-02, -3.39971E-03, 3.579923E-02
1.266318E-07, -5.183030E-02, -4.34818E-03, 3.571492E-02
1.266381E-07, -5.024951E-02, -5.19126E-03, 3.563061E-02
1.266443E-07, -4.919565E-02, -6.03435E-03, 3.541984E-02
1.266506E-07, -4.761487E-02, -6.77205E-03, 3.508261E-02
1.266568E-07, -4.603409E-02, -7.19359E-03, 3.491399E-02
1.266631E-07, -4.287252E-02, -7.72052E-03, 3.457676E-02
1.266693E-07, -4.287252E-02, -8.03667E-03, 3.423952E-02
1.266756E-07, -3.971095E-02, -8.14206E-03, 3.394444E-02
1.266818E-07, -3.707631E-02, -8.35283E-03, 3.348075E-02
1.266881E-07, -3.496860E-02, -8.24745E-03, 3.314351E-02
1.266943E-07, -3.286089E-02, -8.24745E-03, 3.289059E-02
1.267006E-07, -3.022625E-02, -8.03667E-03, 3.242689E-02
1.267068E-07, -2.759161E-02, -7.82590E-03, 3.217397E-02
1.267131E-07, -2.548390E-02, -7.29898E-03, 3.187889E-02
1.267193E-07, -2.337619E-02, -6.77205E-03, 3.171027E-02
1.267256E-07, -2.126848E-02, -6.13973E-03, 3.145735E-02
1.267318E-07, -1.968769E-02, -5.40204E-03, 3.137304E-02
1.267381E-07, -1.810691E-02, -4.76972E-03, 3.124657E-02
1.267443E-07, -1.547227E-02, -3.71587E-03, 3.116227E-02
1.267506E-07, -1.441841E-02, -2.97817E-03, 3.116227E-02
1.267568E-07, -1.389149E-02, -2.34585E-03, 3.124657E-02
1.267631E-07, -1.231070E-02, -1.50277E-03, 3.133088E-02
1.267693E-07, -1.283763E-02, -5.5430E-04, 3.154165E-02
1.267756E-07, -1.125685E-02, 7.801E-05, 3.166812E-02
1.267818E-07, -1.072992E-02, 8.1571E-04, 3.200535E-02
1.267881E-07, -1.072992E-02, 1.65880E-03, 3.213181E-02
1.267943E-07, -1.072992E-02, 1.97495E-03, 3.255336E-02
1.268006E-07, -1.125685E-02, 2.60727E-03, 3.289059E-02
1.268068E-07, -1.072992E-02, 3.13420E-03, 3.322782E-02
1.268131E-07, -1.072992E-02, 3.34497E-03, 3.356506E-02
1.268193E-07, -1.125685E-02, 3.66112E-03, 3.394444E-02
1.268256E-07, -1.125685E-02, 3.76651E-03, 3.432383E-02
1.268318E-07, -1.231070E-02, 3.76651E-03, 3.466107E-02
1.268381E-07, -1.283763E-02, 3.55574E-03, 3.491399E-02
1.268443E-07, -1.336456E-02, 3.45035E-03, 3.525123E-02
1.268506E-07, -1.283763E-02, 3.23958E-03, 3.546200E-02
1.268568E-07, -1.336456E-02, 2.92343E-03, 3.571492E-02
1.268631E-07, -1.389149E-02, 2.60727E-03, 3.601000E-02
1.268693E-07, -1.389149E-02, 2.08034E-03, 3.609431E-02
1.268756E-07, -1.441841E-02, 1.55341E-03, 3.617862E-02
1.268818E-07, -1.389149E-02, 8.1571E-04, 3.622077E-02
1.268881E-07, -1.336456E-02, 6.0494E-04, 3.626293E-02
1.268943E-07, -1.441841E-02, -2.737E-05, 3.622077E-02
1.269006E-07, -1.336456E-02, -4.4891E-04, 3.613646E-02
1.269068E-07, -1.336456E-02, -1.08123E-03, 3.592569E-02
1.269131E-07, -1.231070E-02, -1.50277E-03, 3.579923E-02
1.269193E-07, -1.283763E-02, -2.02970E-03, 3.563061E-02
1.269256E-07, -1.231070E-02, -2.34585E-03, 3.537769E-02
1.269318E-07, -1.178377E-02, -2.87278E-03, 3.508261E-02
1.269381E-07, -1.125685E-02, -3.08355E-03, 3.482968E-02
1.269443E-07, -1.125685E-02, -3.50509E-03, 3.449245E-02
1.269506E-07, -1.020299E-02, -3.39971E-03, 3.415522E-02
1.269568E-07, -1.020299E-02, -3.82125E-03, 3.386014E-02
1.269631E-07, -9.14914E-03, -3.92664E-03, 3.343859E-02
1.269693E-07, -9.67606E-03, -3.92664E-03, 3.310136E-02
1.269756E-07, -8.09528E-03, -4.03202E-03, 3.289059E-02
1.269818E-07, -8.09528E-03, -3.82125E-03, 3.246905E-02
1.269881E-07, -7.56835E-03, -4.03202E-03, 3.221612E-02
1.269943E-07, -7.04142E-03, -3.82125E-03, 3.192104E-02
1.270006E-07, -7.04142E-03, -3.61048E-03, 3.171027E-02
1.270068E-07, -6.51450E-03, -3.39971E-03, 3.141519E-02
1.270131E-07, -4.40678E-03, -3.39971E-03, 3.128873E-02
1.270193E-07, -4.93371E-03, -3.29432E-03, 3.107796E-02
1.270256E-07, -3.35293E-03, -3.18894E-03, 3.099365E-02
1.270318E-07, -3.35293E-03, -3.08355E-03, 3.090934E-02
1.270381E-07, -2.82600E-03, -2.87278E-03, 3.082503E-02
1.270443E-07, -2.29907E-03, -2.87278E-03, 3.086719E-02
1.270506E-07, -1.77215E-03, -2.66201E-03, 3.086719E-02
1.270568E-07, -7.1829E-04, -2.76740E-03, 3.095149E-02
1.270631E-07, 3.3557E-04, -2.76740E-03, 3.099365E-02
1.270693E-07, 3.3557E-04, -2.76740E-03, 3.112011E-02
1.270756E-07, 1.38942E-03, -2.87278E-03, 3.124657E-02
1.270818E-07, 1.91635E-03, -2.97817E-03, 3.141519E-02
1.270881E-07, 2.44328E-03, -2.76740E-03, 3.158381E-02
1.270943E-07, 1.91635E-03, -3.18894E-03, 3.175243E-02
1.271006E-07, 1.91635E-03, -2.97817E-03, 3.200535E-02
1.271068E-07, 1.91635E-03, -3.29432E-03, 3.225828E-02
1.271131E-07, 2.44328E-03, -3.29432E-03, 3.246905E-02
1.271193E-07, 8.6249E-04, -3.39971E-03, 3.272197E-02
1.271256E-07, 3.3557E-04, -3.61048E-03, 3.293274E-02
1.271318E-07, -1.9136E-04, -3.61048E-03, 3.322782E-02
1.271381E-07, -1.24522E-03, -3.82125E-03, 3.352290E-02
1.271443E-07, -2.82600E-03, -3.82125E-03, 3.377583E-02
1.271506E-07, -4.40678E-03, -3.82125E-03, 3.390229E-02
1.271568E-07, -4.93371E-03, -3.71587E-03, 3.415522E-02
1.271631E-07, -6.51450E-03, -3.50509E-03, 3.440814E-02
1.271693E-07, -1.020299E-02, -3.61048E-03, 3.461891E-02
1.271756E-07, -1.178377E-02, -3.50509E-03, 3.487184E-02
1.271818E-07, -1.441841E-02, -3.29432E-03, 3.508261E-02
1.271881E-07, -1.547227E-02, -2.97817E-03, 3.516692E-02
1.271943E-07, -1.863384E-02, -3.18894E-03, 3.541984E-02
1.272006E-07, -2.126848E-02, -2.87278E-03, 3.554631E-02
1.272068E-07, -2.284926E-02, -2.55662E-03, 3.579923E-02
1.272131E-07, -2.548390E-02, -2.24047E-03, 3.592569E-02
1.272193E-07, -2.811854E-02, -2.24047E-03, 3.605216E-02
1.272256E-07, -3.022625E-02, -1.92431E-03, 3.617862E-02
1.272318E-07, -3.286089E-02, -1.71354E-03, 3.630508E-02
1.272381E-07, -3.549553E-02, -1.60815E-03, 3.630508E-02
1.272443E-07, -3.707631E-02, -1.29200E-03, 3.634724E-02
1.272506E-07, -4.023788E-02, -1.18661E-03, 3.634724E-02
1.272568E-07, -4.129174E-02, -1.18661E-03, 3.643154E-02
1.272631E-07, -4.339945E-02, -9.7584E-04, 3.634724E-02
1.272693E-07, -4.603409E-02, -1.18661E-03, 3.634724E-02
1.272756E-07, -4.761487E-02, -1.08123E-03, 3.626293E-02
1.272818E-07, -4.866873E-02, -1.18661E-03, 3.617862E-02
1.272881E-07, -4.919565E-02, -1.08123E-03, 3.601000E-02
1.272943E-07, -5.130336E-02, -1.39738E-03, 3.584138E-02
1.273006E-07, -5.235722E-02, -1.60815E-03, 3.563061E-02
1.273068E-07, -5.235722E-02, -1.60815E-03, 3.541984E-02
1.273131E-07, -5.341108E-02, -1.92431E-03, 3.508261E-02
1.273193E-07, -5.499186E-02, -2.24047E-03, 3.478753E-02
1.273256E-07, -5.499186E-02, -2.45124E-03, 3.453460E-02
1.273318E-07, -5.604572E-02, -2.87278E-03, 3.419737E-02
1.273381E-07, -5.709957E-02, -3.29432E-03, 3.377583E-02
1.273443E-07, -5.657265E-02, -3.50509E-03, 3.348075E-02
1.273506E-07, -5.815343E-02, -3.92664E-03, 3.301705E-02
1.273568E-07, -5.868036E-02, -4.24279E-03, 3.259551E-02
1.273631E-07, -5.920728E-02, -4.66434E-03, 3.225828E-02
1.273693E-07, -5.973421E-02, -4.87511E-03, 3.192104E-02
1.273756E-07, -6.184192E-02, -5.29665E-03, 3.154165E-02
1.273818E-07, -6.184192E-02, -5.50742E-03, 3.107796E-02
1.273881E-07, -6.131500E-02, -5.92896E-03, 3.078288E-02
1.273943E-07, -6.342271E-02, -6.03435E-03, 3.048780E-02
1.274006E-07, -6.342271E-02, -6.24512E-03, 3.019272E-02
1.274068E-07, -6.342271E-02, -6.56128E-03, 2.998195E-02
1.274131E-07, -6.500349E-02, -6.66666E-03, 2.972902E-02
1.274193E-07, -6.553042E-02, -6.77205E-03, 2.956040E-02
1.274256E-07, -6.553042E-02, -6.98282E-03, 2.939179E-02
1.274318E-07, -6.500349E-02, -7.08820E-03, 2.934963E-02
1.274381E-07, -6.553042E-02, -7.08820E-03, 2.934963E-02
1.274443E-07, -6.500349E-02, -7.19359E-03, 2.934963E-02
1.274506E-07, -6.500349E-02, -7.40436E-03, 2.934963E-02
1.274568E-07, -6.342271E-02, -7.40436E-03, 2.956040E-02
1.274631E-07, -6.236885E-02, -7.40436E-03, 2.964471E-02
1.274693E-07, -6.078807E-02, -7.29898E-03, 2.985548E-02
1.274756E-07, -5.973421E-02, -7.40436E-03, 3.006626E-02
1.274818E-07, -5.815343E-02, -7.19359E-03, 3.031918E-02
1.274881E-07, -5.499186E-02, -7.08820E-03, 3.061426E-02
1.274943E-07, -5.341108E-02, -6.87743E-03, 3.086719E-02
1.275006E-07, -5.024951E-02, -6.87743E-03, 3.116227E-02
1.275068E-07, -4.761487E-02, -6.66666E-03, 3.149950E-02
1.275131E-07, -4.445330E-02, -6.24512E-03, 3.175243E-02
1.275193E-07, -4.129174E-02, -6.03435E-03, 3.200535E-02
1.275256E-07, -3.813017E-02, -5.71819E-03, 3.225828E-02
1.275318E-07, -3.444167E-02, -5.50742E-03, 3.255336E-02
1.275381E-07, -3.180704E-02, -5.19126E-03, 3.284843E-02
1.275443E-07, -2.706468E-02, -4.66434E-03, 3.293274E-02
1.275506E-07, -2.495697E-02, -4.24279E-03, 3.297490E-02
1.275568E-07, -2.126848E-02, -3.82125E-03, 3.310136E-02
1.275631E-07, -1.810691E-02, -3.29432E-03, 3.314351E-02
1.275693E-07, -1.599920E-02, -2.76740E-03, 3.314351E-02
1.275756E-07, -1.336456E-02, -2.13508E-03, 3.305921E-02
1.275818E-07, -1.178377E-02, -1.29200E-03, 3.293274E-02
1.275881E-07, -8.62221E-03, -6.5968E-04, 3.267982E-02
1.275943E-07, -8.09528E-03, -2.737E-05, 3.255336E-02
1.276006E-07, -6.51450E-03, 8.1571E-04, 3.234258E-02
1.276068E-07, -4.93371E-03, 1.55341E-03, 3.208966E-02
1.276131E-07, -4.40678E-03, 2.39650E-03, 3.183673E-02
1.276193E-07, -4.93371E-03, 3.23958E-03, 3.145735E-02
1.276256E-07, -5.46064E-03, 4.18805E-03, 3.107796E-02
1.276318E-07, -5.98757E-03, 4.92575E-03, 3.082503E-02
1.276381E-07, -7.04142E-03, 5.87422E-03, 3.048780E-02
1.276443E-07, -8.09528E-03, 6.71731E-03, 3.019272E-02
1.276506E-07, -9.67606E-03, 7.56039E-03, 2.989764E-02
1.276568E-07, -1.178377E-02, 8.40348E-03, 2.964471E-02
1.276631E-07, -1.336456E-02, 9.03579E-03, 2.939179E-02
1.276693E-07, -1.441841E-02, 9.66810E-03, 2.922317E-02
1.276756E-07, -1.705305E-02, 1.051119E-02, 2.905455E-02
1.276818E-07, -2.021462E-02, 1.082734E-02, 2.888594E-02
1.276881E-07, -2.021462E-02, 1.135427E-02, 2.880163E-02
1.276943E-07, -2.337619E-02, 1.167043E-02, 2.880163E-02
1.277006E-07, -2.601083E-02, 1.198658E-02, 2.892809E-02
1.277068E-07, -2.706468E-02, 1.240813E-02, 2.892809E-02
1.277131E-07, -2.864547E-02, 1.230274E-02, 2.905455E-02
1.277193E-07, -3.022625E-02, 1.219736E-02, 2.922317E-02
1.277256E-07, -3.128011E-02, 1.219736E-02, 2.939179E-02
1.277318E-07, -3.233396E-02, 1.198658E-02, 2.968687E-02
1.277381E-07, -3.444167E-02, 1.156504E-02, 2.989764E-02
1.277443E-07, -3.391474E-02, 1.093273E-02, 3.015056E-02
1.277506E-07, -3.496860E-02, 1.061657E-02, 3.048780E-02
1.277568E-07, -3.496860E-02, 9.77349E-03, 3.086719E-02
1.277631E-07, -3.496860E-02, 9.14117E-03, 3.112011E-02
1.277693E-07, -3.496860E-02, 8.19270E-03, 3.141519E-02
1.277756E-07, -3.496860E-02, 7.45500E-03, 3.171027E-02
1.277818E-07, -3.496860E-02, 6.40115E-03, 3.200535E-02
1.277881E-07, -3.338782E-02, 5.45268E-03, 3.217397E-02
1.277943E-07, -3.286089E-02, 4.29344E-03, 3.246905E-02
1.278006E-07, -3.180704E-02, 3.34497E-03, 3.259551E-02
1.278068E-07, -3.180704E-02, 2.39650E-03, 3.276413E-02
1.278131E-07, -2.969932E-02, 1.13187E-03, 3.284843E-02
1.278193E-07, -2.917239E-02, 7.801E-05, 3.289059E-02
1.278256E-07, -2.917239E-02, -9.7584E-04, 3.297490E-02
1.278318E-07, -2.864547E-02, -2.02970E-03, 3.293274E-02
1.278381E-07, -2.706468E-02, -3.08355E-03, 3.289059E-02
1.278443E-07, -2.653776E-02, -3.82125E-03, 3.280628E-02
1.278506E-07, -2.601083E-02, -4.87511E-03, 3.263766E-02
1.278568E-07, -2.601083E-02, -5.61281E-03, 3.259551E-02
1.278631E-07, -2.495697E-02, -6.45589E-03, 3.242689E-02
1.278693E-07, -2.495697E-02, -7.08820E-03, 3.221612E-02
1.278756E-07, -2.495697E-02, -7.72052E-03, 3.204750E-02
1.278818E-07, -2.495697E-02, -8.24745E-03, 3.183673E-02
1.278881E-07, -2.390312E-02, -8.66899E-03, 3.158381E-02
1.278943E-07, -2.495697E-02, -8.77437E-03, 3.154165E-02
1.279006E-07, -2.495697E-02, -9.09053E-03, 3.137304E-02
1.279068E-07, -2.495697E-02, -9.19592E-03, 3.124657E-02
1.279131E-07, -2.495697E-02, -9.09053E-03, 3.116227E-02
1.279193E-07, -2.601083E-02, -9.19592E-03, 3.116227E-02
1.279256E-07, -2.548390E-02, -8.98515E-03, 3.112011E-02
1.279318E-07, -2.601083E-02, -8.77437E-03, 3.112011E-02
1.279381E-07, -2.601083E-02, -8.66899E-03, 3.116227E-02
1.279443E-07, -2.601083E-02, -8.24745E-03, 3.128873E-02
1.279506E-07, -2.653776E-02, -7.72052E-03, 3.141519E-02
1.279568E-07, -2.706468E-02, -7.29898E-03, 3.162596E-02
1.279631E-07, -2.653776E-02, -6.87743E-03, 3.175243E-02
1.279693E-07, -2.706468E-02, -6.35051E-03, 3.208966E-02
1.279756E-07, -2.706468E-02, -5.61281E-03, 3.225828E-02
1.279818E-07, -2.653776E-02, -5.08588E-03, 3.251120E-02
1.279881E-07, -2.495697E-02, -4.34818E-03, 3.272197E-02
1.279943E-07, -2.653776E-02, -3.61048E-03, 3.310136E-02
1.280006E-07, -2.548390E-02, -2.97817E-03, 3.326998E-02
1.280068E-07, -2.548390E-02, -2.45124E-03, 3.356506E-02
1.280131E-07, -2.495697E-02, -1.71354E-03, 3.381798E-02
1.280193E-07, -2.495697E-02, -9.7584E-04, 3.407091E-02
1.280256E-07, -2.390312E-02, -2.3814E-04, 3.423952E-02
1.280318E-07, -2.390312E-02, 1.8340E-04, 3.445030E-02
1.280381E-07, -2.337619E-02, 8.1571E-04, 3.461891E-02
1.280443E-07, -2.284926E-02, 1.65880E-03, 3.474537E-02
1.280506E-07, -2.179541E-02, 2.08034E-03, 3.478753E-02
1.280568E-07, -2.179541E-02, 2.92343E-03, 3.482968E-02
1.280631E-07, -2.021462E-02, 3.34497E-03, 3.487184E-02
1.280693E-07, -2.126848E-02, 3.87190E-03, 3.495615E-02
1.280756E-07, -2.021462E-02, 4.39882E-03, 3.478753E-02
1.280818E-07, -1.968769E-02, 5.13652E-03, 3.482968E-02
1.280881E-07, -1.968769E-02, 5.45268E-03, 3.466107E-02
1.280943E-07, -1.916077E-02, 5.97961E-03, 3.461891E-02
1.281006E-07, -1.863384E-02, 6.40115E-03, 3.445030E-02
1.281068E-07, -1.810691E-02, 6.71731E-03, 3.428168E-02
1.281131E-07, -1.863384E-02, 7.03346E-03, 3.423952E-02
1.281193E-07, -1.863384E-02, 7.45500E-03, 3.411306E-02
1.281256E-07, -1.757998E-02, 7.77116E-03, 3.394444E-02
1.281318E-07, -1.757998E-02, 8.08732E-03, 3.381798E-02
1.281381E-07, -1.757998E-02, 8.19270E-03, 3.377583E-02
1.281443E-07, -1.705305E-02, 8.40348E-03, 3.369152E-02
1.281506E-07, -1.705305E-02, 8.71963E-03, 3.360721E-02
1.281568E-07, -1.705305E-02, 8.71963E-03, 3.356506E-02
1.281631E-07, -1.599920E-02, 8.71963E-03, 3.356506E-02
1.281693E-07, -1.441841E-02, 8.71963E-03, 3.364937E-02
1.281756E-07, -1.494534E-02, 8.61425E-03, 3.364937E-02
1.281818E-07, -1.441841E-02, 8.50886E-03, 3.369152E-02
1.281881E-07, -1.336456E-02, 8.50886E-03, 3.377583E-02
1.281943E-07, -1.389149E-02, 8.19270E-03, 3.390229E-02
1.282006E-07, -1.336456E-02, 7.87655E-03, 3.398660E-02
1.282068E-07, -1.283763E-02, 7.66578E-03, 3.428168E-02
1.282131E-07, -1.231070E-02, 7.24423E-03, 3.423952E-02
1.282193E-07, -1.231070E-02, 6.82269E-03, 3.436599E-02
1.282256E-07, -1.231070E-02, 6.29576E-03, 3.445030E-02
1.282318E-07, -1.178377E-02, 5.45268E-03, 3.461891E-02
1.282381E-07, -1.231070E-02, 5.13652E-03, 3.474537E-02
1.282443E-07, -1.125685E-02, 4.18805E-03, 3.478753E-02
1.282506E-07, -1.178377E-02, 3.66112E-03, 3.487184E-02
1.282568E-07, -1.231070E-02, 2.92343E-03, 3.482968E-02
1.282631E-07, -1.283763E-02, 1.97495E-03, 3.482968E-02
1.282693E-07, -1.336456E-02, 1.34264E-03, 3.470322E-02
1.282756E-07, -1.336456E-02, 4.9956E-04, 3.466107E-02
1.282818E-07, -1.336456E-02, -4.4891E-04, 3.445030E-02
1.282881E-07, -1.336456E-02, -9.7584E-04, 3.428168E-02
1.282943E-07, -1.441841E-02, -2.13508E-03, 3.407091E-02
1.283006E-07, -1.494534E-02, -2.97817E-03, 3.386014E-02
1.283068E-07, -1.547227E-02, -3.82125E-03, 3.348075E-02
1.283131E-07, -1.599920E-02, -4.55895E-03, 3.318567E-02
1.283193E-07, -1.705305E-02, -5.61281E-03, 3.284843E-02
1.283256E-07, -1.599920E-02, -6.45589E-03, 3.242689E-02
1.283318E-07, -1.810691E-02, -7.08820E-03, 3.208966E-02
1.283381E-07, -1.863384E-02, -7.93129E-03, 3.171027E-02
1.283443E-07, -1.916077E-02, -8.56360E-03, 3.133088E-02
1.283506E-07, -2.074155E-02, -8.98515E-03, 3.086719E-02
1.283568E-07, -2.074155E-02, -9.82823E-03, 3.057211E-02
1.283631E-07, -2.074155E-02, -1.024977E-02, 3.019272E-02
1.283693E-07, -2.232233E-02, -1.077670E-02, 2.989764E-02
1.283756E-07, -2.284926E-02, -1.130363E-02, 2.960256E-02
1.283818E-07, -2.443004E-02, -1.140901E-02, 2.934963E-02
1.283881E-07, -2.443004E-02, -1.161978E-02, 2.913886E-02
1.283943E-07, -2.601083E-02, -1.193594E-02, 2.905455E-02
1.284006E-07, -2.759161E-02, -1.193594E-02, 2.892809E-02
1.284068E-07, -2.811854E-02, -1.225210E-02, 2.892809E-02
1.284131E-07, -3.022625E-02, -1.225210E-02, 2.892809E-02
1.284193E-07, -3.233396E-02, -1.204133E-02, 2.897025E-02
1.284256E-07, -3.338782E-02, -1.204133E-02, 2.918102E-02
1.284318E-07, -3.602246E-02, -1.193594E-02, 2.930748E-02
1.284381E-07, -3.918403E-02, -1.172517E-02, 2.947610E-02
1.284443E-07, -4.076481E-02, -1.119824E-02, 2.968687E-02
1.284506E-07, -4.392638E-02, -1.088209E-02, 3.006626E-02
1.284568E-07, -4.708794E-02, -1.077670E-02, 3.040349E-02
1.284631E-07, -5.024951E-02, -1.024977E-02, 3.074072E-02
1.284693E-07, -5.393801E-02, -9.82823E-03, 3.112011E-02
1.284756E-07, -5.709957E-02, -9.30130E-03, 3.154165E-02
1.284818E-07, -6.131500E-02, -8.98515E-03, 3.196320E-02
1.284881E-07, -6.394964E-02, -8.56360E-03, 3.234258E-02
1.284943E-07, -6.869198E-02, -8.03667E-03, 3.276413E-02
1.285006E-07, -7.238048E-02, -7.40436E-03, 3.305921E-02
1.285068E-07, -7.554205E-02, -6.98282E-03, 3.348075E-02
1.285131E-07, -7.975747E-02, -6.35051E-03, 3.373367E-02
1.285193E-07, -8.239211E-02, -5.82358E-03, 3.407091E-02
1.285256E-07, -8.555368E-02, -5.50742E-03, 3.423952E-02
1.285318E-07, -8.766139E-02, -5.08588E-03, 3.449245E-02
1.285381E-07, -9.029603E-02, -4.55895E-03, 3.461891E-02
1.285443E-07, -9.082296E-02, -4.34818E-03, 3.474537E-02
1.285506E-07, -9.293067E-02, -3.92664E-03, 3.478753E-02
1.285568E-07, -9.345759E-02, -3.50509E-03, 3.482968E-02
1.285631E-07, -9.240374E-02, -3.18894E-03, 3.470322E-02
1.285693E-07, -9.187681E-02, -2.97817E-03, 3.461891E-02
1.285756E-07, -9.082296E-02, -2.87278E-03, 3.445030E-02
1.285818E-07, -8.818832E-02, -2.76740E-03, 3.419737E-02
1.285881E-07, -8.502675E-02, -2.55662E-03, 3.402875E-02
1.285943E-07, -8.133826E-02, -2.55662E-03, 3.377583E-02
1.286006E-07, -7.712283E-02, -2.34585E-03, 3.348075E-02
1.286068E-07, -7.290741E-02, -2.55662E-03, 3.314351E-02
1.286131E-07, -6.658427E-02, -2.45124E-03, 3.276413E-02
1.286193E-07, -6.078807E-02, -2.45124E-03, 3.242689E-02
1.286256E-07, -5.499186E-02, -2.66201E-03, 3.204750E-02
1.286318E-07, -4.814180E-02, -2.66201E-03, 3.166812E-02
1.286381E-07, -4.076481E-02, -3.08355E-03, 3.128873E-02
1.286443E-07, -3.444167E-02, -3.08355E-03, 3.082503E-02
1.286506E-07, -2.759161E-02, -3.18894E-03, 3.044564E-02
1.286568E-07, -2.021462E-02, -3.50509E-03, 3.019272E-02
1.286631E-07, -1.441841E-02, -3.50509E-03, 2.981333E-02
1.286693E-07, -8.09528E-03, -3.71587E-03, 2.947610E-02
1.286756E-07, -2.29907E-03, -3.82125E-03, 2.918102E-02
1.286818E-07, 3.49713E-03, -3.71587E-03, 2.892809E-02
1.286881E-07, 8.76641E-03, -3.82125E-03, 2.867517E-02
1.286943E-07, 1.192798E-02, -4.03202E-03, 2.854870E-02
1.287006E-07, 1.456262E-02, -4.03202E-03, 2.838009E-02
1.287068E-07, 1.719726E-02, -3.92664E-03, 2.825362E-02
1.287131E-07, 1.877804E-02, -3.71587E-03, 2.812716E-02
1.287193E-07, 1.877804E-02, -3.71587E-03, 2.808501E-02
1.287256E-07, 1.877804E-02, -3.71587E-03, 2.800070E-02
1.287318E-07, 1.667033E-02, -3.50509E-03, 2.804285E-02
1.287381E-07, 1.456262E-02, -3.50509E-03, 2.808501E-02
1.287443E-07, 1.140105E-02, -3.18894E-03, 2.812716E-02
1.287506E-07, 7.18563E-03, -3.18894E-03, 2.821147E-02
1.287568E-07, 1.91635E-03, -2.87278E-03, 2.829578E-02
1.287631E-07, -2.82600E-03, -2.55662E-03, 2.833793E-02
1.287693E-07, -9.14914E-03, -2.66201E-03, 2.854870E-02
1.287756E-07, -1.494534E-02, -2.45124E-03, 2.871732E-02
1.287818E-07, -2.232233E-02, -2.24047E-03, 2.892809E-02
1.287881E-07, -2.917239E-02, -2.13508E-03, 2.905455E-02
1.287943E-07, -3.707631E-02, -2.02970E-03, 2.922317E-02
1.288006E-07, -4.392638E-02, -1.92431E-03, 2.943394E-02
1.288068E-07, -4.972258E-02, -2.24047E-03, 2.964471E-02
1.288131E-07, -5.604572E-02, -2.24047E-03, 2.985548E-02
1.288193E-07, -6.184192E-02, -2.34585E-03, 2.998195E-02
1.288256E-07, -6.711120E-02, -2.87278E-03, 3.010841E-02
1.288318E-07, -7.132663E-02, -3.18894E-03, 3.036134E-02
1.288381E-07, -7.606898E-02, -3.61048E-03, 3.052995E-02
1.288443E-07, -7.817668E-02, -4.13741E-03, 3.065641E-02
1.288506E-07, -8.028440E-02, -4.34818E-03, 3.074072E-02
1.288568E-07, -8.186518E-02, -5.19126E-03, 3.090934E-02
1.288631E-07, -8.186518E-02, -5.71819E-03, 3.099365E-02
1.288693E-07, -8.133826E-02, -6.56128E-03, 3.112011E-02
1.288756E-07, -8.028440E-02, -7.50975E-03, 3.116227E-02
1.288818E-07, -7.659590E-02, -8.45822E-03, 3.124657E-02
1.288881E-07, -7.185356E-02, -9.09053E-03, 3.120442E-02
1.288943E-07, -6.869198E-02, -1.024977E-02, 3.133088E-02
1.289006E-07, -6.447656E-02, -1.119824E-02, 3.128873E-02
1.289068E-07, -5.657265E-02, -1.214671E-02, 3.133088E-02
1.289131E-07, -5.130336E-02, -1.277903E-02, 3.133088E-02
1.289193E-07, -4.445330E-02, -1.404365E-02, 3.137304E-02
1.289256E-07, -3.707631E-02, -1.457058E-02, 3.128873E-02
1.289318E-07, -2.917239E-02, -1.530828E-02, 3.133088E-02
1.289381E-07, -2.179541E-02, -1.604598E-02, 3.137304E-02
1.289443E-07, -1.389149E-02, -1.678368E-02, 3.141519E-02
1.289506E-07, -7.04142E-03, -1.741599E-02, 3.133088E-02
1.289568E-07, -7.1829E-04, -1.762676E-02, 3.133088E-02
1.289631E-07, 6.65870E-03, -1.815369E-02, 3.133088E-02
1.289693E-07, 1.350876E-02, -1.825907E-02, 3.133088E-02
1.289756E-07, 1.930497E-02, -1.846985E-02, 3.133088E-02
1.289818E-07, 2.510118E-02, -1.836446E-02, 3.133088E-02
1.289881E-07, 2.984353E-02, -1.794292E-02, 3.133088E-02
1.289943E-07, 3.353202E-02, -1.794292E-02, 3.137304E-02
1.290006E-07, 3.669359E-02, -1.741599E-02, 3.141519E-02
1.290068E-07, 3.985516E-02, -1.699445E-02, 3.149950E-02
1.290131E-07, 4.196287E-02, -1.625675E-02, 3.149950E-02
1.290193E-07, 4.407058E-02, -1.551905E-02, 3.158381E-02
1.290256E-07, 4.354365E-02, -1.478135E-02, 3.154165E-02
1.290318E-07, 4.407058E-02, -1.351672E-02, 3.171027E-02
1.290381E-07, 4.354365E-02, -1.267364E-02, 3.179458E-02
1.290443E-07, 4.196287E-02, -1.161978E-02, 3.183673E-02
1.290506E-07, 3.985516E-02, -1.056593E-02, 3.196320E-02
1.290568E-07, 3.827437E-02, -9.61746E-03, 3.204750E-02
1.290631E-07, 3.616666E-02, -8.35283E-03, 3.213181E-02
1.290693E-07, 3.247816E-02, -7.29898E-03, 3.225828E-02
1.290756E-07, 2.931660E-02, -6.35051E-03, 3.225828E-02
1.290818E-07, 2.562810E-02, -5.29665E-03, 3.234258E-02
1.290881E-07, 2.246654E-02, -4.13741E-03, 3.234258E-02
1.290943E-07, 1.877804E-02, -3.29432E-03, 3.251120E-02
1.291006E-07, 1.508955E-02, -2.66201E-03, 3.255336E-02
1.291068E-07, 1.087412E-02, -1.71354E-03, 3.255336E-02
1.291131E-07, 7.18563E-03, -8.7046E-04, 3.255336E-02
1.291193E-07, 3.49713E-03, -4.4891E-04, 3.263766E-02
1.291256E-07, 3.3557E-04, 1.8340E-04, 3.259551E-02
1.291318E-07, -3.87986E-03, 4.9956E-04, 3.267982E-02
1.291381E-07, -6.51450E-03, 1.02648E-03, 3.263766E-02
1.291443E-07, -1.125685E-02, 1.13187E-03, 3.251120E-02
1.291506E-07, -1.441841E-02, 1.44803E-03, 3.251120E-02
1.291568E-07, -1.757998E-02, 1.34264E-03, 3.251120E-02
1.291631E-07, -2.074155E-02, 1.65880E-03, 3.246905E-02
1.291693E-07, -2.337619E-02, 1.44803E-03, 3.242689E-02
1.291756E-07, -2.706468E-02, 1.44803E-03, 3.238474E-02
1.291818E-07, -3.075318E-02, 1.23726E-03, 3.238474E-02
1.291881E-07, -3.338782E-02, 1.34264E-03, 3.225828E-02
1.291943E-07, -3.707631E-02, 9.2110E-04, 3.230043E-02
1.292006E-07, -4.023788E-02, 1.02648E-03, 3.221612E-02
1.292068E-07, -4.392638E-02, 8.1571E-04, 3.213181E-02
1.292131E-07, -4.708794E-02, 7.1033E-04, 3.217397E-02
1.292193E-07, -5.077644E-02, 4.9956E-04, 3.213181E-02
1.292256E-07, -5.446493E-02, 2.8879E-04, 3.208966E-02
1.292318E-07, -5.762650E-02, 3.9417E-04, 3.217397E-02
1.292381E-07, -6.131500E-02, -2.737E-05, 3.213181E-02
1.292443E-07, -6.500349E-02, 7.801E-05, 3.217397E-02
1.292506E-07, -6.816506E-02, 1.8340E-04, 3.225828E-02
1.292568E-07, -7.079970E-02, -2.737E-05, 3.234258E-02
1.292631E-07, -7.448819E-02, 1.8340E-04, 3.242689E-02
1.292693E-07, -7.817668E-02, 1.8340E-04, 3.251120E-02
1.292756E-07, -7.975747E-02, 7.801E-05, 3.255336E-02
1.292818E-07, -8.291904E-02, 3.9417E-04, 3.263766E-02
1.292881E-07, -8.449982E-02, 6.0494E-04, 3.272197E-02
1.292943E-07, -8.713446E-02, 4.9956E-04, 3.280628E-02
1.293006E-07, -8.766139E-02, 7.1033E-04, 3.297490E-02
1.293068E-07, -8.818832E-02, 9.2110E-04, 3.305921E-02
1.293131E-07, -8.924218E-02, 9.2110E-04, 3.310136E-02
1.293193E-07, -8.924218E-02, 1.13187E-03, 3.326998E-02
1.293256E-07, -8.924218E-02, 1.13187E-03, 3.331213E-02
1.293318E-07, -8.766139E-02, 1.02648E-03, 3.343859E-02
1.293381E-07, -8.660753E-02, 1.13187E-03, 3.348075E-02
1.293443E-07, -8.397289E-02, 1.02648E-03, 3.348075E-02
1.293506E-07, -8.186518E-02, 8.1571E-04, 3.343859E-02
1.293568E-07, -7.975747E-02, 6.0494E-04, 3.348075E-02
1.293631E-07, -7.501512E-02, 4.9956E-04, 3.339644E-02
1.293693E-07, -7.185356E-02, 7.801E-05, 3.335429E-02
1.293756E-07, -6.763813E-02, -2.3814E-04, 3.322782E-02
1.293818E-07, -6.289578E-02, -4.4891E-04, 3.314351E-02
1.293881E-07, -5.709957E-02, -1.18661E-03, 3.297490E-02
1.293943E-07, -5.393801E-02, -1.29200E-03, 3.276413E-02
1.294006E-07, -4.814180E-02, -1.81893E-03, 3.255336E-02
1.294068E-07, -4.287252E-02, -2.55662E-03, 3.238474E-02
1.294131E-07, -3.813017E-02, -2.97817E-03, 3.213181E-02
1.294193E-07, -3.338782E-02, -3.50509E-03, 3.187889E-02
1.294256E-07, -2.811854E-02, -4.13741E-03, 3.154165E-02
1.294318E-07, -2.337619E-02, -4.76972E-03, 3.137304E-02
1.294381E-07, -1.863384E-02, -5.19126E-03, 3.107796E-02
1.294443E-07, -1.599920E-02, -5.61281E-03, 3.078288E-02
1.294506E-07, -1.178377E-02, -6.13973E-03, 3.044564E-02
1.294568E-07, -9.67606E-03, -6.66666E-03, 3.027703E-02
1.294631E-07, -6.51450E-03, -6.98282E-03, 2.998195E-02
1.294693E-07, -4.40678E-03, -7.40436E-03, 2.972902E-02
1.294756E-07, -3.35293E-03, -7.50975E-03, 2.943394E-02
1.294818E-07, -1.77215E-03, -7.50975E-03, 2.926533E-02
1.294881E-07, -1.9136E-04, -7.61513E-03, 2.905455E-02
1.294943E-07, -1.77215E-03, -7.50975E-03, 2.884378E-02
1.295006E-07, -1.24522E-03, -7.40436E-03, 2.871732E-02
1.295068E-07, -2.29907E-03, -7.19359E-03, 2.863301E-02
1.295131E-07, -3.87986E-03, -6.77205E-03, 2.846439E-02
1.295193E-07, -5.98757E-03, -6.35051E-03, 2.838009E-02
1.295256E-07, -8.62221E-03, -5.82358E-03, 2.829578E-02
1.295318E-07, -1.125685E-02, -5.19126E-03, 2.829578E-02
1.295381E-07, -1.389149E-02, -4.66434E-03, 2.829578E-02
1.295443E-07, -1.705305E-02, -4.03202E-03, 2.829578E-02
1.295506E-07, -2.074155E-02, -3.18894E-03, 2.838009E-02
1.295568E-07, -2.390312E-02, -2.13508E-03, 2.850655E-02
1.295631E-07, -2.706468E-02, -1.39738E-03, 2.859086E-02
1.295693E-07, -3.075318E-02, -4.4891E-04, 2.863301E-02
1.295756E-07, -3.286089E-02, 4.9956E-04, 2.880163E-02
1.295818E-07, -3.760324E-02, 1.55341E-03, 2.897025E-02
1.295881E-07, -3.918403E-02, 2.60727E-03, 2.905455E-02
1.295943E-07, -4.392638E-02, 3.55574E-03, 2.926533E-02
1.296006E-07, -4.550716E-02, 4.50421E-03, 2.947610E-02
1.296068E-07, -4.708794E-02, 5.34729E-03, 2.960256E-02
1.296131E-07, -5.024951E-02, 6.08499E-03, 2.977118E-02
1.296193E-07, -5.183030E-02, 6.82269E-03, 2.993979E-02
1.296256E-07, -5.393801E-02, 7.56039E-03, 3.010841E-02
1.296318E-07, -5.393801E-02, 8.08732E-03, 3.027703E-02
1.296381E-07, -5.499186E-02, 8.93040E-03, 3.052995E-02
1.296443E-07, -5.499186E-02, 9.14117E-03, 3.057211E-02
1.296506E-07, -5.604572E-02, 9.56272E-03, 3.074072E-02
1.296568E-07, -5.604572E-02, 9.77349E-03, 3.099365E-02
1.296631E-07, -5.551879E-02, 1.008964E-02, 3.107796E-02
1.296693E-07, -5.499186E-02, 1.008964E-02, 3.120442E-02
1.296756E-07, -5.446493E-02, 1.008964E-02, 3.133088E-02
1.296818E-07, -5.446493E-02, 9.77349E-03, 3.145735E-02
1.296881E-07, -5.288415E-02, 9.66810E-03, 3.149950E-02
1.296943E-07, -5.235722E-02, 9.03579E-03, 3.166812E-02
1.297006E-07, -5.130336E-02, 8.50886E-03, 3.175243E-02
1.297068E-07, -4.972258E-02, 7.98193E-03, 3.179458E-02
1.297131E-07, -4.919565E-02, 7.45500E-03, 3.183673E-02
1.297193E-07, -4.761487E-02, 6.61192E-03, 3.187889E-02
1.297256E-07, -4.603409E-02, 5.76884E-03, 3.196320E-02
1.297318E-07, -4.498023E-02, 4.82037E-03, 3.204750E-02
1.297381E-07, -4.445330E-02, 3.87190E-03, 3.208966E-02
1.297443E-07, -4.445330E-02, 3.02881E-03, 3.204750E-02
1.297506E-07, -4.287252E-02, 2.08034E-03, 3.204750E-02
1.297568E-07, -4.287252E-02, 9.2110E-04, 3.208966E-02
1.297631E-07, -4.234559E-02, -2.737E-05, 3.213181E-02
1.297693E-07, -4.181866E-02, -1.08123E-03, 3.213181E-02
1.297756E-07, -4.181866E-02, -2.02970E-03, 3.213181E-02
1.297818E-07, -4.181866E-02, -2.97817E-03, 3.204750E-02
1.297881E-07, -4.076481E-02, -3.92664E-03, 3.196320E-02
1.297943E-07, -4.129174E-02, -4.66434E-03, 3.192104E-02
1.298006E-07, -4.076481E-02, -5.50742E-03, 3.187889E-02
1.298068E-07, -4.076481E-02, -6.24512E-03, 3.179458E-02
1.298131E-07, -4.076481E-02, -6.87743E-03, 3.171027E-02
1.298193E-07, -4.023788E-02, -7.40436E-03, 3.166812E-02
1.298256E-07, -4.076481E-02, -7.82590E-03, 3.141519E-02
1.298318E-07, -3.918403E-02, -8.35283E-03, 3.137304E-02
1.298381E-07, -3.971095E-02, -8.56360E-03, 3.120442E-02
1.298443E-07, -3.918403E-02, -8.87976E-03, 3.112011E-02
1.298506E-07, -3.865710E-02, -8.98515E-03, 3.095149E-02
1.298568E-07, -3.760324E-02, -8.87976E-03, 3.082503E-02
1.298631E-07, -3.707631E-02, -8.87976E-03, 3.065641E-02
1.298693E-07, -3.654939E-02, -8.98515E-03, 3.048780E-02
1.298756E-07, -3.602246E-02, -8.56360E-03, 3.027703E-02
1.298818E-07, -3.444167E-02, -8.24745E-03, 3.015056E-02
1.298881E-07, -3.338782E-02, -7.93129E-03, 2.989764E-02
1.298943E-07, -3.233396E-02, -7.82590E-03, 2.981333E-02
1.299006E-07, -3.075318E-02, -7.08820E-03, 2.964471E-02
1.299068E-07, -2.917239E-02, -6.56128E-03, 2.951825E-02
1.299131E-07, -2.811854E-02, -5.92896E-03, 2.934963E-02
1.299193E-07, -2.601083E-02, -5.50742E-03, 2.926533E-02
1.299256E-07, -2.443004E-02, -4.98049E-03, 2.909671E-02
1.299318E-07, -2.284926E-02, -4.55895E-03, 2.897025E-02
1.299381E-07, -2.021462E-02, -4.03202E-03, 2.888594E-02
1.299443E-07, -1.757998E-02, -3.61048E-03, 2.888594E-02
1.299506E-07, -1.599920E-02, -3.08355E-03, 2.871732E-02
1.299568E-07, -1.389149E-02, -2.76740E-03, 2.863301E-02
1.299631E-07, -1.072992E-02, -2.13508E-03, 2.863301E-02
1.299693E-07, -9.67606E-03, -1.92431E-03, 2.859086E-02
1.299756E-07, -8.62221E-03, -1.50277E-03, 2.859086E-02
1.299818E-07, -5.98757E-03, -1.18661E-03, 2.863301E-02
1.299881E-07, -4.40678E-03, -9.7584E-04, 2.859086E-02
1.299943E-07, -3.35293E-03, -7.6507E-04, 2.863301E-02
1.300006E-07, -2.29907E-03, -5.5430E-04, 2.863301E-02
1.300068E-07, -1.9136E-04, -5.5430E-04, 2.871732E-02
1.300131E-07, 8.6249E-04, -4.4891E-04, 2.875947E-02
1.300193E-07, 8.6249E-04, -3.4353E-04, 2.880163E-02
1.300256E-07, 3.49713E-03, -2.3814E-04, 2.875947E-02
